step_time,reward,total_stopped,total_wait_time,total_emission
5.0,,0,0.0,0.0
10.0,0.0,0,0.0,0.0
15.0,0.0,5,5.0,5.0
20.0,-0.05,6,32.0,32.0
25.0,-0.39,7,63.0,63.0
30.0,-0.35000000000000003,8,78.0,78.0
35.0,0.06000000000000005,7,80.0,80.0
40.0,-0.4099999999999999,10,124.0,124.0
45.0,-0.4099999999999999,4,72.0,72.0
50.0,0.3699999999999999,7,90.0,90.0
55.0,-0.19999999999999996,8,76.0,76.0
60.0,0.43999999999999995,4,42.0,42.0
65.0,0.020000000000000018,6,63.0,63.0
70.0,0.020000000000000018,5,82.0,82.0
75.0,-0.30999999999999994,5,107.0,107.0
80.0,-0.2500000000000001,3,78.0,78.0
85.0,0.76,3,40.0,40.0
90.0,-0.2,7,37.0,37.0
95.0,0.14,5,42.0,42.0
100.0,-0.22999999999999998,7,67.0,67.0
105.0,-0.22999999999999998,3,52.0,52.0
110.0,0.04999999999999993,4,71.0,71.0
115.0,-0.20999999999999996,3,38.0,38.0
120.0,0.22999999999999998,5,63.0,63.0
125.0,-0.32999999999999996,11,107.0,107.0
130.0,-0.57,13,169.0,169.0
135.0,-0.57,7,134.0,134.0
140.0,0.08999999999999986,9,168.0,168.0
145.0,-0.33999999999999986,4,129.0,129.0
150.0,0.6799999999999999,7,99.0,99.0
155.0,-0.1499999999999999,6,71.0,71.0
160.0,0.6799999999999999,8,55.0,55.0
165.0,-0.22999999999999998,10,80.0,80.0
170.0,-0.22999999999999998,8,88.0,88.0
175.0,-0.27,10,136.0,136.0
180.0,-0.49,8,129.0,129.0
185.0,0.3999999999999999,6,94.0,94.0
190.0,0.020000000000000018,6,116.0,116.0
195.0,0.020000000000000018,7,147.0,147.0
200.0,-0.42999999999999994,9,188.0,188.0
205.0,-0.4099999999999999,5,165.0,165.0
210.0,0.5699999999999998,6,126.0,126.0
215.0,-0.050000000000000044,4,124.0,124.0
220.0,0.15000000000000013,4,125.0,125.0
225.0,-0.19999999999999996,4,145.0,145.0
230.0,-0.19999999999999996,5,146.0,146.0
235.0,-0.10000000000000009,10,186.0,186.0
240.0,-0.44999999999999996,6,72.0,72.0
245.0,1.25,10,91.0,91.0
250.0,-0.5,10,141.0,141.0
255.0,-0.5,6,122.0,122.0
260.0,-0.010000000000000009,8,158.0,158.0
265.0,-0.3600000000000001,5,151.0,151.0
270.0,0.1100000000000001,8,169.0,169.0
275.0,-0.3900000000000001,8,126.0,126.0
280.0,1.29,4,61.0,61.0
285.0,0.17999999999999994,6,45.0,45.0
290.0,0.17999999999999994,2,23.0,23.0
295.0,0.13,4,42.0,42.0
300.0,-0.2,0,17.0,17.0
305.0,0.39,7,20.0,20.0
310.0,-0.36,8,59.0,59.0
315.0,-0.36,7,60.0,60.0
320.0,-0.16999999999999998,8,98.0,98.0
325.0,-0.38,5,99.0,99.0
330.0,0.13,6,97.0,97.0
335.0,-0.2400000000000001,4,88.0,88.0
340.0,0.29000000000000004,6,86.0,86.0
345.0,-0.31000000000000005,8,119.0,119.0
350.0,-0.31000000000000005,6,114.0,114.0
355.0,-0.08999999999999986,7,147.0,147.0
360.0,-0.3400000000000001,6,163.0,163.0
365.0,-0.27,8,197.0,197.0
370.0,-0.3999999999999999,8,237.0,237.0
375.0,-0.3999999999999999,9,135.0,135.0
380.0,0.8599999999999999,14,203.0,203.0
385.0,-0.6799999999999997,10,189.0,189.0
390.0,0.5499999999999998,8,130.0,130.0
395.0,0.24,7,106.0,106.0
400.0,0.1100000000000001,7,120.0,120.0
405.0,-0.3500000000000001,8,156.0,156.0
410.0,-0.3500000000000001,6,61.0,61.0
415.0,0.7999999999999999,8,98.0,98.0
420.0,-0.38,5,85.0,85.0
425.0,0.4800000000000001,4,48.0,48.0
430.0,0.05999999999999994,4,60.0,60.0
435.0,0.05999999999999994,1,5.0,5.0
440.0,0.47000000000000003,3,18.0,18.0
445.0,-0.13,5,35.0,35.0
450.0,-0.3,11,79.0,79.0
455.0,-0.53,9,116.0,116.0
460.0,-0.3500000000000001,11,147.0,147.0
465.0,-0.5499999999999998,11,202.0,202.0
470.0,-0.5499999999999998,7,132.0,132.0
475.0,0.53,6,112.0,112.0
480.0,0.19999999999999996,3,67.0,67.0
485.0,0.8699999999999999,4,14.0,14.0
490.0,0.06,7,39.0,39.0
495.0,0.06,4,30.0,30.0
500.0,-0.04999999999999999,6,58.0,58.0
505.0,-0.27999999999999997,3,47.0,47.0
510.0,0.23999999999999994,4,43.0,43.0
515.0,-0.16999999999999998,2,22.0,22.0
520.0,0.44,6,13.0,13.0
525.0,-0.38,8,53.0,53.0
530.0,-0.38,6,46.0,46.0
535.0,-0.08000000000000002,8,85.0,85.0
540.0,-0.4,6,87.0,87.0
545.0,0.12,6,88.0,88.0
550.0,-0.25,6,118.0,118.0
555.0,-0.25,2,73.0,73.0
560.0,0.33000000000000007,6,98.0,98.0
565.0,-0.25,4,113.0,113.0
570.0,-0.1200000000000001,7,131.0,131.0
575.0,-0.3699999999999999,6,143.0,143.0
580.0,-0.030000000000000027,6,156.0,156.0
585.0,-0.30000000000000004,6,186.0,186.0
590.0,-0.30000000000000004,5,146.0,146.0
595.0,0.28,10,192.0,192.0
600.0,-0.5,6,77.0,77.0
605.0,1.23,10,99.0,99.0
610.0,-0.5,10,149.0,149.0
615.0,-0.5,7,128.0,128.0
620.0,0.010000000000000009,8,164.0,164.0
625.0,-0.3599999999999999,5,157.0,157.0
630.0,0.11999999999999988,8,176.0,176.0
635.0,-0.41999999999999993,8,131.0,131.0
640.0,1.33,4,65.0,65.0
645.0,0.18,6,49.0,49.0
650.0,0.18,4,28.0,28.0
655.0,0.10999999999999999,4,48.0,48.0
660.0,-0.2,0,20.0,20.0
665.0,0.46,8,18.0,18.0
670.0,-0.36,8,58.0,58.0
675.0,-0.36,8,60.0,60.0
680.0,-0.18,8,100.0,100.0
685.0,-0.4,6,100.0,100.0
690.0,0.10999999999999999,6,104.0,104.0
695.0,-0.2699999999999999,4,91.0,91.0
700.0,0.3999999999999999,3,79.0,79.0
705.0,-0.21999999999999997,7,105.0,105.0
710.0,-0.21999999999999997,6,111.0,111.0
715.0,-0.18999999999999995,7,142.0,142.0
720.0,-0.33000000000000007,5,150.0,150.0
725.0,-0.07000000000000006,6,169.0,169.0
730.0,-0.30000000000000004,6,199.0,199.0
735.0,-0.30000000000000004,6,156.0,156.0
740.0,0.31000000000000005,10,201.0,201.0
745.0,-0.44999999999999973,6,79.0,79.0
750.0,1.2199999999999998,10,109.0,109.0
755.0,-0.5,9,119.0,119.0
760.0,0.010000000000000009,7,134.0,134.0
765.0,-0.3599999999999999,8,172.0,172.0
770.0,-0.3599999999999999,5,144.0,144.0
775.0,0.1299999999999999,8,183.0,183.0
780.0,-0.3999999999999999,6,132.0,132.0
785.0,1.3199999999999998,4,44.0,44.0
790.0,0.18,6,53.0,53.0
795.0,0.18,4,29.0,29.0
800.0,0.12,4,49.0,49.0
805.0,-0.2,1,19.0,19.0
810.0,0.41,8,31.0,31.0
815.0,-0.38999999999999996,6,51.0,51.0
820.0,-0.08000000000000007,8,63.0,63.0
825.0,-0.3999999999999999,8,103.0,103.0
830.0,-0.3999999999999999,6,80.0,80.0
835.0,0.08999999999999997,6,106.0,106.0
840.0,-0.2600000000000001,3,92.0,92.0
845.0,0.33000000000000007,4,85.0,85.0
850.0,-0.19999999999999996,8,115.0,115.0
855.0,-0.19999999999999996,6,116.0,116.0
860.0,-0.16999999999999993,8,150.0,150.0
865.0,-0.3400000000000001,4,151.0,151.0
870.0,-0.030000000000000027,6,171.0,171.0
875.0,-0.30000000000000004,4,159.0,159.0
880.0,0.25,9,167.0,167.0
885.0,-0.48,10,216.0,216.0
890.0,-0.48,9,96.0,96.0
895.0,1.23,10,122.0,122.0
900.0,-0.4900000000000001,7,133.0,133.0
905.0,0.0,8,144.0,144.0
910.0,-0.3599999999999999,8,184.0,184.0
915.0,-0.3599999999999999,7,152.0,152.0
920.0,0.15999999999999992,9,193.0,193.0
925.0,-0.4099999999999999,4,141.0,141.0
930.0,1.33,5,52.0,52.0
935.0,0.15999999999999998,4,30.0,30.0
940.0,0.14,4,34.0,34.0
945.0,-0.2,4,54.0,54.0
950.0,-0.2,1,1.0,1.0
955.0,0.45,8,34.0,34.0
960.0,-0.37,5,52.0,52.0
965.0,-0.12000000000000005,8,70.0,70.0
970.0,-0.3999999999999999,9,111.0,111.0
975.0,-0.3999999999999999,6,83.0,83.0
980.0,0.10999999999999999,6,108.0,108.0
985.0,-0.2500000000000001,2,88.0,88.0
990.0,0.3400000000000001,6,90.0,90.0
995.0,-0.30000000000000004,6,108.0,108.0
1000.0,-0.08000000000000007,6,118.0,118.0
1005.0,-0.33999999999999986,8,154.0,154.0
1010.0,-0.33999999999999986,8,81.0,81.0
1015.0,0.5599999999999999,10,130.0,130.0
1020.0,-0.4999999999999999,11,181.0,181.0
1025.0,-0.53,14,247.0,247.0
1030.0,-0.9600000000000002,14,317.0,317.0
1035.0,-0.7199999999999998,17,395.0,395.0
1040.0,-0.7199999999999998,9,301.0,301.0
1045.0,0.6000000000000001,9,257.0,257.0
1050.0,0.43999999999999995,10,293.0,293.0
1055.0,-0.3600000000000003,4,223.0,223.0
1060.0,1.5500000000000003,1,71.0,71.0
1065.0,1.0899999999999999,5,35.0,35.0
1070.0,-0.23000000000000004,7,59.0,59.0
1075.0,-0.42999999999999994,10,105.0,105.0
1080.0,-0.42999999999999994,4,67.0,67.0
1085.0,0.24,6,75.0,75.0
1090.0,-0.10000000000000009,2,49.0,49.0
1095.0,0.65,4,9.0,9.0
1100.0,-0.15,8,47.0,47.0
1105.0,-0.15,5,47.0,47.0
1110.0,-0.15999999999999998,8,84.0,84.0
1115.0,-0.37,5,81.0,81.0
1120.0,0.05999999999999994,6,96.0,96.0
1125.0,-0.30000000000000004,5,89.0,89.0
1130.0,0.32000000000000006,4,80.0,80.0
1135.0,-0.27,8,111.0,111.0
1140.0,-0.27,4,116.0,116.0
1145.0,-0.16999999999999993,6,144.0,144.0
1150.0,-0.30000000000000004,6,66.0,66.0
1155.0,0.65,8,101.0,101.0
1160.0,-0.43000000000000005,10,148.0,148.0
1165.0,-0.43000000000000005,4,73.0,73.0
1170.0,0.55,12,98.0,98.0
1175.0,-0.25,7,96.0,96.0
1180.0,0.22999999999999998,7,79.0,79.0
1185.0,-0.18999999999999995,6,81.0,81.0
1190.0,0.24,7,77.0,77.0
1195.0,-0.3800000000000001,8,116.0,116.0
1200.0,-0.3800000000000001,6,99.0,99.0
1205.0,0.030000000000000027,10,139.0,139.0
1210.0,-0.43999999999999995,8,143.0,143.0
1215.0,0.1100000000000001,7,147.0,147.0
1220.0,-0.33000000000000007,8,187.0,187.0
1225.0,-0.33000000000000007,4,137.0,137.0
1230.0,0.33999999999999986,6,164.0,164.0
1235.0,-0.2699999999999998,6,68.0,68.0
1240.0,0.8299999999999998,9,108.0,108.0
1245.0,-0.54,12,116.0,116.0
1250.0,0.19000000000000017,10,117.0,117.0
1255.0,-0.31000000000000005,10,157.0,157.0
1260.0,-0.31000000000000005,4,107.0,107.0
1265.0,0.3599999999999999,6,108.0,108.0
1270.0,-0.029999999999999805,2,73.0,73.0
1275.0,0.9099999999999999,4,31.0,31.0
1280.0,-0.19999999999999998,5,52.0,52.0
1285.0,-0.19999999999999998,2,10.0,10.0
1290.0,0.32999999999999996,4,23.0,23.0
1295.0,-0.13,0,9.0,9.0
1300.0,0.23,2,4.0,4.0
1305.0,-0.08,2,14.0,14.0
1310.0,-0.14,5,27.0,27.0
1315.0,-0.42000000000000004,10,74.0,74.0
1320.0,-0.42000000000000004,7,86.0,86.0
1325.0,-0.30999999999999994,10,135.0,135.0
1330.0,-0.5,7,120.0,120.0
1335.0,0.47,6,91.0,91.0
1340.0,-0.1100000000000001,7,123.0,123.0
1345.0,-0.1100000000000001,0,31.0,31.0
1350.0,0.78,6,24.0,24.0
1355.0,0.07,4,37.0,37.0
1360.0,-0.22999999999999998,5,62.0,62.0
1365.0,-0.25,5,53.0,53.0
1370.0,0.43999999999999995,5,33.0,33.0
1375.0,-0.31999999999999995,7,67.0,67.0
1380.0,-0.31999999999999995,2,45.0,45.0
1385.0,0.26999999999999996,10,54.0,54.0
1390.0,-0.31,6,86.0,86.0
1395.0,-0.30999999999999994,8,111.0,111.0
1400.0,-0.45999999999999996,10,161.0,161.0
1405.0,-0.45999999999999996,6,92.0,92.0
1410.0,0.4899999999999999,6,105.0,105.0
1415.0,-0.13,2,94.0,94.0
1420.0,0.30000000000000004,7,83.0,83.0
1425.0,-0.22999999999999998,6,108.0,108.0
1430.0,-0.16999999999999993,5,120.0,120.0
1435.0,-0.29000000000000004,7,151.0,151.0
1440.0,-0.29000000000000004,4,127.0,127.0
1445.0,0.1299999999999999,6,152.0,152.0
1450.0,-0.27,2,149.0,149.0
1455.0,0.16000000000000014,7,153.0,153.0
1460.0,-0.3800000000000001,10,200.0,200.0
1465.0,-0.3800000000000001,9,230.0,230.0
1470.0,-0.4999999999999998,10,280.0,280.0
1475.0,-0.5,7,142.0,142.0
1480.0,1.6099999999999999,10,145.0,145.0
1485.0,-0.45999999999999996,10,137.0,137.0
1490.0,0.5299999999999998,9,121.0,121.0
1495.0,-0.5099999999999998,11,174.0,174.0
1500.0,-0.5099999999999998,4,128.0,128.0
1505.0,0.5399999999999998,6,91.0,91.0
1510.0,0.1200000000000001,3,58.0,58.0
1515.0,0.75,1,6.0,6.0
1520.0,0.1,3,18.0,18.0
1525.0,0.1,3,33.0,33.0
1530.0,-0.21000000000000002,11,71.0,71.0
1535.0,-0.37999999999999995,7,106.0,106.0
1540.0,-0.41000000000000014,11,144.0,144.0
1545.0,-0.5399999999999998,10,136.0,136.0
1550.0,0.53,5,99.0,99.0
1555.0,0.10999999999999988,6,104.0,104.0
1560.0,-0.26,7,135.0,135.0
1565.0,-0.26,4,46.0,46.0
1570.0,0.78,6,35.0,35.0
1575.0,0.09000000000000002,3,38.0,38.0
1580.0,0.12,5,39.0,39.0
1585.0,-0.25000000000000006,5,64.0,64.0
1590.0,-0.25000000000000006,6,80.0,80.0
1595.0,-0.26,6,110.0,110.0
1600.0,-0.30000000000000004,10,86.0,86.0
1605.0,0.5200000000000001,8,57.0,57.0
1610.0,-0.10999999999999999,8,75.0,75.0
1615.0,-0.3800000000000001,8,115.0,115.0
1620.0,-0.41999999999999993,9,158.0,158.0
1625.0,-0.41999999999999993,8,111.0,111.0
1630.0,0.30000000000000004,10,153.0,153.0
1635.0,-0.43999999999999995,8,134.0,134.0
1640.0,0.6299999999999999,7,83.0,83.0
1645.0,0.020000000000000018,8,114.0,114.0
1650.0,0.020000000000000018,3,46.0,46.0
1655.0,0.52,3,46.0,46.0
1660.0,0.0,6,66.0,66.0
1665.0,-0.34,7,101.0,101.0
1670.0,-0.34999999999999987,9,140.0,140.0
1675.0,-0.5,13,165.0,165.0
1680.0,-0.18000000000000016,11,194.0,194.0
1685.0,-0.5499999999999998,12,250.0,250.0
1690.0,-0.5499999999999998,6,203.0,203.0
1695.0,0.29000000000000004,7,217.0,217.0
1700.0,-0.15000000000000036,6,126.0,126.0
1705.0,1.4500000000000002,5,32.0,32.0
1710.0,0.29000000000000004,6,62.0,62.0
1715.0,0.29000000000000004,4,41.0,41.0
1720.0,0.09000000000000002,4,61.0,61.0
1725.0,-0.2,0,28.0,28.0
1730.0,0.58,1,2.0,2.0
1735.0,-0.03,2,12.0,12.0
1740.0,-0.14,2,22.0,22.0
1745.0,-0.14,5,39.0,39.0
1750.0,-0.14,6,69.0,69.0
1755.0,-0.41,10,108.0,108.0
1760.0,-0.42999999999999994,6,94.0,94.0
1765.0,0.41999999999999993,6,76.0,76.0
1770.0,-0.17999999999999994,6,106.0,106.0
1775.0,-0.17999999999999994,0,25.0,25.0
1780.0,0.69,4,10.0,10.0
1785.0,0.15,7,42.0,42.0
1790.0,-0.4600000000000001,10,83.0,83.0
1795.0,-0.47,9,100.0,100.0
1800.0,0.010000000000000009,8,110.0,110.0
1805.0,-0.45999999999999996,12,160.0,160.0
1810.0,-0.6000000000000001,12,220.0,220.0
1815.0,-0.6000000000000001,11,185.0,185.0
1820.0,0.3500000000000001,13,198.0,198.0
1825.0,-0.3799999999999999,13,243.0,243.0
1830.0,-0.7200000000000002,14,311.0,311.0
1835.0,-0.7199999999999998,16,387.0,387.0
1840.0,-0.7199999999999998,8,259.0,259.0
1845.0,0.96,6,155.0,155.0
1850.0,1.0399999999999998,7,155.0,155.0
1855.0,0.0,12,210.0,210.0
1860.0,-0.55,7,174.0,174.0
1865.0,0.73,7,142.0,142.0
1870.0,-0.11999999999999988,7,101.0,101.0
1875.0,0.88,2,63.0,63.0
1880.0,0.29,4,36.0,36.0
1885.0,0.29,5,59.0,59.0
1890.0,-0.36000000000000004,11,112.0,112.0
1895.0,-0.5499999999999999,7,109.0,109.0
1900.0,0.31999999999999995,7,86.0,86.0
1905.0,-0.14,7,119.0,119.0
1910.0,-0.14,4,61.0,61.0
1915.0,0.44000000000000006,4,72.0,72.0
1920.0,-0.10999999999999999,4,30.0,30.0
1925.0,0.33999999999999997,10,62.0,62.0
1930.0,-0.44999999999999996,10,76.0,76.0
1935.0,0.06999999999999995,7,83.0,83.0
1940.0,-0.30000000000000004,8,114.0,114.0
1945.0,-0.30000000000000004,4,66.0,66.0
1950.0,0.3500000000000001,8,98.0,98.0
1955.0,-0.3500000000000001,4,72.0,72.0
1960.0,0.67,8,33.0,33.0
1965.0,-0.22999999999999998,10,82.0,82.0
1970.0,-0.22999999999999998,7,91.0,91.0
1975.0,-0.29000000000000004,10,141.0,141.0
1980.0,-0.4999999999999999,6,126.0,126.0
1985.0,0.44999999999999996,6,96.0,96.0
1990.0,-0.07000000000000006,6,121.0,121.0
1995.0,-0.44999999999999996,8,156.0,156.0
2000.0,-0.3999999999999999,8,196.0,196.0
2005.0,-0.48,12,248.0,248.0
2010.0,-0.48,6,193.0,193.0
2015.0,0.6199999999999999,6,161.0,161.0
2020.0,0.11999999999999988,3,147.0,147.0
2025.0,0.29000000000000004,3,137.0,137.0
2030.0,-0.1299999999999999,5,155.0,155.0
2035.0,-0.3500000000000001,11,202.0,202.0
2040.0,-0.54,11,257.0,257.0
2045.0,-0.54,9,259.0,259.0
2050.0,-0.23999999999999977,9,304.0,304.0
2055.0,-0.4500000000000002,8,161.0,161.0
2060.0,1.72,10,160.0,160.0
2065.0,-0.48,11,146.0,146.0
2070.0,0.6200000000000001,9,127.0,127.0
2075.0,-0.42000000000000015,11,171.0,171.0
2080.0,-0.42000000000000015,7,132.0,132.0
2085.0,0.3600000000000001,6,115.0,115.0
2090.0,0.050000000000000044,3,72.0,72.0
2095.0,0.8499999999999999,2,11.0,11.0
2100.0,0.21000000000000002,2,17.0,17.0
2105.0,0.21000000000000002,8,25.0,25.0
2110.0,-0.12,8,65.0,65.0
2115.0,-0.4,6,78.0,78.0
2120.0,-0.25,6,108.0,108.0
2125.0,-0.29999999999999993,6,92.0,92.0
2130.0,0.5299999999999999,5,72.0,72.0
2135.0,-0.2799999999999999,7,102.0,102.0
2140.0,-0.2799999999999999,5,96.0,96.0
2145.0,-0.08000000000000007,9,138.0,138.0
2150.0,-0.43999999999999995,6,162.0,162.0
2155.0,-0.20999999999999996,9,185.0,185.0
2160.0,-0.44000000000000017,9,230.0,230.0
2165.0,-0.44000000000000017,6,170.0,170.0
2170.0,0.42000000000000015,6,184.0,184.0
2175.0,-0.14000000000000012,7,174.0,174.0
2180.0,0.16000000000000014,9,194.0,194.0
2185.0,-0.44000000000000017,8,217.0,217.0
2190.0,-0.16999999999999993,8,237.0,237.0
2195.0,-0.41000000000000014,9,279.0,279.0
2200.0,-0.41000000000000014,9,307.0,307.0
2205.0,-0.45999999999999996,9,352.0,352.0
2210.0,-0.44999999999999973,8,342.0,342.0
2215.0,0.31999999999999984,8,333.0,333.0
2220.0,-0.31000000000000005,10,380.0,380.0
2225.0,-0.31000000000000005,9,88.0,88.0
2230.0,2.72,10,136.0,136.0
2235.0,-0.4800000000000001,10,134.0,134.0
2240.0,0.27,10,139.0,139.0
2245.0,-0.5,8,130.0,130.0
2250.0,0.28,11,117.0,117.0
2255.0,-0.28,11,170.0,170.0
2260.0,-0.28,10,201.0,201.0
2265.0,-0.4199999999999997,10,241.0,241.0
2270.0,-0.5,10,205.0,205.0
2275.0,0.9899999999999998,4,111.0,111.0
2280.0,0.55,6,104.0,104.0
2285.0,0.55,9,144.0,144.0
2290.0,-0.47,11,197.0,197.0
2295.0,-0.53,7,195.0,195.0
2300.0,0.20999999999999996,7,181.0,181.0
2305.0,-0.18999999999999995,5,166.0,166.0
2310.0,0.51,4,148.0,148.0
2315.0,-0.040000000000000036,4,152.0,152.0
2320.0,-0.040000000000000036,8,37.0,37.0
2325.0,1.03,9,81.0,81.0
2330.0,-0.45,9,86.0,86.0
2335.0,0.07000000000000006,7,93.0,93.0
2340.0,-0.30999999999999994,7,128.0,128.0
2345.0,-0.30999999999999994,5,69.0,69.0
2350.0,0.44999999999999996,7,98.0,98.0
2355.0,-0.29000000000000004,4,69.0,69.0
2360.0,0.59,5,38.0,38.0
2365.0,-0.10999999999999999,5,37.0,37.0
2370.0,0.09999999999999998,3,43.0,43.0
2375.0,-0.15000000000000002,3,58.0,58.0
2380.0,-0.15000000000000002,1,2.0,2.0
2385.0,0.5,4,19.0,19.0
2390.0,-0.18,5,40.0,40.0
2395.0,-0.23999999999999996,6,58.0,58.0
2400.0,-0.21000000000000008,6,80.0,80.0
2405.0,-0.32999999999999996,8,117.0,117.0
2410.0,-0.32999999999999996,2,51.0,51.0
2415.0,0.5,4,57.0,57.0
2420.0,-0.05999999999999994,2,17.0,17.0
2425.0,0.36,4,33.0,33.0
2430.0,-0.25,9,68.0,68.0
2435.0,-0.46,7,99.0,99.0
2440.0,-0.44000000000000006,10,146.0,146.0
2445.0,-0.44000000000000006,4,84.0,84.0
2450.0,0.4800000000000001,6,81.0,81.0
2455.0,0.010000000000000009,2,50.0,50.0
2460.0,0.72,0,0.0,0.0
2465.0,0.09999999999999999,7,15.0,15.0
2470.0,0.09999999999999999,6,38.0,38.0
2475.0,-0.33,8,72.0,72.0
2480.0,-0.33999999999999997,8,111.0,111.0
2485.0,-0.55,10,157.0,157.0
2490.0,-0.5,8,153.0,153.0
2495.0,0.43999999999999995,8,141.0,141.0
2500.0,-0.4099999999999999,9,183.0,183.0
2505.0,-0.4099999999999999,4,111.0,111.0
2510.0,0.88,3,27.0,27.0
2515.0,0.56,5,46.0,46.0
2520.0,-0.35000000000000003,8,80.0,80.0
2525.0,-0.4,11,126.0,126.0
2530.0,-0.4,5,73.0,73.0
2535.0,0.32000000000000006,10,95.0,95.0
2540.0,-0.21999999999999997,7,95.0,95.0
2545.0,0.22999999999999998,6,68.0,68.0
2550.0,-0.050000000000000044,6,69.0,69.0
2555.0,0.18000000000000005,5,64.0,64.0
2560.0,-0.30000000000000004,8,97.0,97.0
2565.0,-0.30000000000000004,5,87.0,87.0
2570.0,-0.040000000000000036,8,120.0,120.0
2575.0,-0.35,6,125.0,125.0
2580.0,0.050000000000000044,6,135.0,135.0
2585.0,-0.32000000000000006,8,170.0,170.0
2590.0,-0.32000000000000006,5,131.0,131.0
2595.0,0.24,6,157.0,157.0
2600.0,-0.26,7,62.0,62.0
2605.0,0.81,7,97.0,97.0
2610.0,-0.3999999999999999,12,100.0,100.0
2615.0,0.05999999999999983,10,120.0,120.0
2620.0,-0.42999999999999994,11,164.0,164.0
2625.0,-0.42999999999999994,4,130.0,130.0
2630.0,0.44999999999999996,4,89.0,89.0
2635.0,0.14000000000000012,3,59.0,59.0
2640.0,0.75,5,29.0,29.0
2645.0,-0.27,7,60.0,60.0
2650.0,-0.27,5,47.0,47.0
2655.0,-0.009999999999999953,5,72.0,72.0
2660.0,-0.25,1,50.0,50.0
2665.0,0.5499999999999999,0,0.0,0.0
2670.0,0.15000000000000002,2,6.0,6.0
2675.0,-0.08,2,16.0,16.0
2680.0,-0.19999999999999998,8,38.0,38.0
2685.0,-0.48000000000000004,10,88.0,88.0
2690.0,-0.48000000000000004,8,91.0,91.0
2695.0,-0.21999999999999997,10,140.0,140.0
2700.0,-0.5,8,128.0,128.0
2705.0,0.41999999999999993,6,99.0,99.0
2710.0,-0.07999999999999985,7,130.0,130.0
2715.0,-0.07999999999999985,3,46.0,46.0
2720.0,0.7,6,32.0,32.0
2725.0,0.14,7,66.0,66.0
2730.0,-0.51,10,111.0,111.0
2735.0,-0.4800000000000001,9,120.0,120.0
2740.0,0.13000000000000012,10,128.0,128.0
2745.0,-0.54,11,183.0,183.0
2750.0,-0.54,6,135.0,135.0
2755.0,0.51,12,141.0,141.0
2760.0,-0.33000000000000007,11,142.0,142.0
2765.0,0.3800000000000001,8,100.0,100.0
2770.0,0.04999999999999982,10,129.0,129.0
2775.0,0.04999999999999982,9,101.0,101.0
2780.0,0.10000000000000009,9,146.0,146.0
2785.0,-0.44999999999999996,7,150.0,150.0
2790.0,0.020000000000000018,11,176.0,176.0
2795.0,-0.5699999999999998,11,184.0,184.0
2800.0,0.24999999999999978,8,178.0,178.0
2805.0,-0.1399999999999999,8,198.0,198.0
2810.0,-0.1399999999999999,5,146.0,146.0
2815.0,0.3899999999999999,8,180.0,180.0
2820.0,-0.3699999999999999,6,79.0,79.0
2825.0,0.8399999999999999,14,129.0,129.0
2830.0,-0.6699999999999999,14,199.0,199.0
2835.0,-0.6699999999999999,10,148.0,148.0
2840.0,0.22999999999999998,10,175.0,175.0
2845.0,-0.27,6,161.0,161.0
2850.0,0.42999999999999994,6,119.0,119.0
2855.0,0.050000000000000044,4,78.0,78.0
2860.0,0.98,4,33.0,33.0
2865.0,-0.22000000000000003,6,57.0,57.0
2870.0,-0.22000000000000003,2,14.0,14.0
2875.0,0.35,3,27.0,27.0
2880.0,-0.15,0,11.0,11.0
2885.0,0.27,2,8.0,8.0
2890.0,-0.1,2,18.0,18.0
2895.0,-0.1,5,33.0,33.0
2900.0,-0.19,10,77.0,77.0
2905.0,-0.44,8,107.0,107.0
2910.0,-0.3699999999999999,10,144.0,144.0
2915.0,-0.5,9,128.0,128.0
2920.0,0.5199999999999998,6,118.0,118.0
2925.0,-0.07999999999999985,8,128.0,128.0
2930.0,-0.07999999999999985,0,40.0,40.0
2935.0,0.79,6,20.0,20.0
2940.0,0.14999999999999997,7,51.0,51.0
2945.0,-0.48,10,94.0,94.0
2950.0,-0.53,11,149.0,149.0
2955.0,-0.53,9,117.0,117.0
2960.0,0.10000000000000009,11,172.0,172.0
2965.0,-0.55,6,155.0,155.0
2970.0,0.4099999999999999,13,143.0,143.0
2975.0,-0.3699999999999999,11,141.0,141.0
2980.0,0.41999999999999993,8,134.0,134.0
2985.0,0.06000000000000005,8,128.0,128.0
2990.0,0.06000000000000005,8,86.0,86.0
2995.0,0.26,9,130.0,130.0
3000.0,-0.47,7,153.0,153.0
3005.0,-0.25,12,183.0,183.0
3010.0,-0.53,12,243.0,243.0
3015.0,-0.53,6,175.0,175.0
3020.0,0.43999999999999995,7,178.0,178.0
3025.0,-0.030000000000000027,4,167.0,167.0
3030.0,0.3900000000000001,8,161.0,161.0
3035.0,-0.3800000000000001,6,63.0,63.0
3040.0,0.85,12,104.0,104.0
3045.0,-0.68,14,174.0,174.0
3050.0,-0.68,9,138.0,138.0
3055.0,0.1200000000000001,10,164.0,164.0
3060.0,-0.26,7,148.0,148.0
3065.0,0.52,5,110.0,110.0
3070.0,-0.030000000000000027,7,139.0,139.0
3075.0,-0.030000000000000027,4,34.0,34.0
3080.0,0.9099999999999999,7,62.0,62.0
3085.0,-0.27999999999999997,2,49.0,49.0
3090.0,0.27,4,41.0,41.0
3095.0,-0.14,2,18.0,18.0
3100.0,0.48,1,2.0,2.0
3105.0,-0.049999999999999996,2,8.0,8.0
3110.0,-0.049999999999999996,3,19.0,19.0
3115.0,-0.18,10,62.0,62.0
3120.0,-0.48,7,91.0,91.0
3125.0,-0.31000000000000005,10,123.0,123.0
3130.0,-0.5,10,173.0,173.0
3135.0,-0.5,6,110.0,110.0
3140.0,0.42999999999999994,6,110.0,110.0
3145.0,0.0,6,140.0,140.0
3150.0,-0.2999999999999998,5,103.0,103.0
3155.0,0.7899999999999999,6,46.0,46.0
3160.0,0.12,6,44.0,44.0
3165.0,0.09999999999999998,6,45.0,45.0
3170.0,-0.29999999999999993,6,75.0,75.0
3175.0,-0.29999999999999993,4,46.0,46.0
3180.0,0.18999999999999995,5,63.0,63.0
3185.0,-0.18999999999999995,5,46.0,46.0
3190.0,0.32999999999999996,6,37.0,37.0
3195.0,-0.20999999999999996,8,72.0,72.0
3200.0,-0.20999999999999996,4,49.0,49.0
3205.0,0.07999999999999996,5,71.0,71.0
3210.0,-0.21999999999999997,6,101.0,101.0
3215.0,-0.42999999999999994,8,138.0,138.0
3220.0,-0.40000000000000013,9,127.0,127.0
3225.0,0.33000000000000007,6,118.0,118.0
3230.0,-0.1200000000000001,7,140.0,140.0
3235.0,-0.1200000000000001,6,118.0,118.0
3240.0,0.09000000000000008,6,148.0,148.0
3245.0,-0.31000000000000005,6,159.0,159.0
3250.0,-0.1499999999999999,6,182.0,182.0
3255.0,-0.30999999999999983,11,221.0,221.0
3260.0,-0.30999999999999983,10,123.0,123.0
3265.0,0.7799999999999998,11,175.0,175.0
3270.0,-0.52,8,163.0,163.0
3275.0,0.5,6,112.0,112.0
3280.0,0.1299999999999999,8,135.0,135.0
3285.0,-0.5799999999999998,10,180.0,180.0
3290.0,-0.55,13,238.0,238.0
3295.0,-0.55,14,282.0,282.0
3300.0,-0.71,15,353.0,353.0
3305.0,-0.73,12,353.0,353.0
3310.0,0.3900000000000001,10,319.0,319.0
3315.0,-0.06000000000000005,11,358.0,358.0
3320.0,-0.06000000000000005,4,146.0,146.0
3325.0,1.9,5,61.0,61.0
3330.0,0.85,5,56.0,56.0
3335.0,0.19,7,58.0,58.0
3340.0,-0.3,9,98.0,98.0
3345.0,-0.43999999999999995,7,103.0,103.0
3350.0,0.04999999999999982,7,118.0,118.0
3355.0,-0.34999999999999987,7,153.0,153.0
3360.0,-0.34999999999999987,6,100.0,100.0
3365.0,0.3999999999999999,8,138.0,138.0
3370.0,-0.3999999999999999,6,138.0,138.0
3375.0,0.17999999999999994,6,133.0,133.0
3380.0,-0.22999999999999998,6,163.0,163.0
3385.0,-0.22999999999999998,2,120.0,120.0
3390.0,0.31000000000000005,4,137.0,137.0
3395.0,-0.17000000000000015,2,17.0,17.0
3400.0,1.1500000000000001,9,43.0,43.0
3405.0,-0.41000000000000003,8,78.0,78.0
3410.0,-0.30000000000000004,8,101.0,101.0
3415.0,-0.44999999999999984,10,148.0,148.0
3420.0,-0.44999999999999984,4,86.0,86.0
3425.0,0.46999999999999986,6,91.0,91.0
3430.0,-0.05999999999999994,2,53.0,53.0
3435.0,0.79,2,2.0,2.0
3440.0,0.06,5,22.0,22.0
3445.0,-0.27,6,51.0,51.0
3450.0,-0.27,3,23.0,23.0
3455.0,0.16,4,43.0,43.0
3460.0,-0.19999999999999998,7,69.0,69.0
3465.0,-0.25999999999999995,2,51.0,51.0
3470.0,0.41999999999999993,5,29.0,29.0
3475.0,-0.15999999999999998,8,36.0,36.0
3480.0,-0.06,6,55.0,55.0
3485.0,-0.35,8,92.0,92.0
3490.0,-0.35,4,58.0,58.0
3495.0,0.21999999999999997,8,90.0,90.0
3500.0,-0.36,4,91.0,91.0
3505.0,0.10999999999999999,4,95.0,95.0
3510.0,-0.30999999999999994,10,138.0,138.0
3515.0,-0.30999999999999994,8,128.0,128.0
3520.0,-0.10000000000000009,8,168.0,168.0
3525.0,-0.3999999999999999,6,173.0,173.0
3530.0,0.1299999999999999,7,174.0,174.0
3535.0,-0.3699999999999999,8,178.0,178.0
3540.0,0.24,5,173.0,173.0
3545.0,-0.21999999999999997,10,200.0,200.0
3550.0,-0.21999999999999997,8,85.0,85.0
3555.0,0.9699999999999999,11,130.0,130.0
3560.0,-0.4899999999999999,8,129.0,129.0
3565.0,0.31999999999999984,8,115.0,115.0
3570.0,-0.2899999999999998,8,155.0,155.0
3575.0,-0.2899999999999998,6,75.0,75.0
3580.0,0.6399999999999999,8,111.0,111.0
3585.0,-0.3600000000000001,4,86.0,86.0
3590.0,0.6200000000000001,4,34.0,34.0
3595.0,0.12,2,13.0,13.0
3600.0,0.33,1,5.0,5.0
3605.0,-0.07999999999999999,3,15.0,15.0
3610.0,-0.07999999999999999,0,5.0,5.0
3615.0,0.12,4,8.0,8.0
3620.0,-0.13,6,34.0,34.0
3625.0,-0.39,7,65.0,65.0
3630.0,-0.4,10,112.0,112.0
3635.0,-0.4,7,83.0,83.0
3640.0,0.09000000000000008,10,128.0,128.0
3645.0,-0.45000000000000007,4,108.0,108.0
3650.0,0.45000000000000007,6,87.0,87.0
3655.0,-0.18000000000000005,9,75.0,75.0
3660.0,0.44000000000000006,4,61.0,61.0
3665.0,0.039999999999999925,6,59.0,59.0
3670.0,0.039999999999999925,3,34.0,34.0
3675.0,0.31000000000000005,6,37.0,37.0
3680.0,-0.22,4,52.0,52.0
3685.0,-0.15999999999999998,4,68.0,68.0
3690.0,-0.33999999999999997,12,118.0,118.0
3695.0,-0.33999999999999997,6,64.0,64.0
3700.0,0.29999999999999993,7,82.0,82.0
3705.0,-0.17999999999999994,5,80.0,80.0
3710.0,0.21999999999999997,7,80.0,80.0
3715.0,-0.35,6,87.0,87.0
3720.0,0.12,4,87.0,87.0
3725.0,-0.27000000000000013,9,119.0,119.0
3730.0,-0.27000000000000013,6,112.0,112.0
3735.0,-0.07999999999999985,6,142.0,142.0
3740.0,-0.30000000000000004,4,140.0,140.0
3745.0,0.25,4,131.0,131.0
3750.0,-0.26,8,164.0,164.0
3755.0,-0.26,6,68.0,68.0
3760.0,0.8099999999999999,11,111.0,111.0
3765.0,-0.43000000000000005,8,119.0,119.0
3770.0,0.07000000000000006,10,118.0,118.0
3775.0,-0.33999999999999986,8,110.0,110.0
3780.0,0.45999999999999985,5,82.0,82.0
3785.0,-0.12,6,110.0,110.0
3790.0,-0.12,2,46.0,46.0
3795.0,0.81,5,40.0,40.0
3800.0,-0.23,4,31.0,31.0
3805.0,0.26,3,22.0,22.0
3810.0,-0.14,4,42.0,42.0
3815.0,-0.14,1,2.0,2.0
3820.0,0.32,2,8.0,8.0
3825.0,-0.06,0,4.0,4.0
3830.0,0.08,2,2.0,2.0
3835.0,-0.14,6,28.0,28.0
3840.0,-0.21999999999999997,4,40.0,40.0
3845.0,-0.31000000000000005,8,75.0,75.0
3850.0,-0.31000000000000005,4,62.0,62.0
3855.0,0.0,6,90.0,90.0
3860.0,-0.2899999999999999,3,79.0,79.0
3865.0,0.27,4,74.0,74.0
3870.0,-0.2300000000000001,8,108.0,108.0
3875.0,-0.2300000000000001,6,56.0,56.0
3880.0,0.36,8,92.0,92.0
3885.0,-0.36,6,94.0,94.0
3890.0,0.18000000000000005,7,93.0,93.0
3895.0,-0.3899999999999999,8,83.0,83.0
3900.0,0.47999999999999987,4,69.0,69.0
3905.0,-0.17999999999999994,11,94.0,94.0
3910.0,-0.17999999999999994,6,54.0,54.0
3915.0,0.22999999999999998,7,75.0,75.0
3920.0,-0.21999999999999997,4,75.0,75.0
3925.0,0.24,5,67.0,67.0
3930.0,-0.33000000000000007,8,107.0,107.0
3935.0,-0.33000000000000007,6,92.0,92.0
3940.0,-0.010000000000000009,9,128.0,128.0
3945.0,-0.36,6,136.0,136.0
3950.0,0.010000000000000009,6,142.0,142.0
3955.0,-0.30000000000000004,6,146.0,146.0
3960.0,0.26,4,135.0,135.0
3965.0,-0.25,7,163.0,163.0
3970.0,-0.25,6,67.0,67.0
3975.0,0.8300000000000001,11,106.0,106.0
3980.0,-0.45999999999999996,10,114.0,114.0
3985.0,0.1499999999999999,10,109.0,109.0
3990.0,-0.34999999999999987,10,159.0,159.0
3995.0,-0.34999999999999987,5,105.0,105.0
4000.0,0.33999999999999986,7,115.0,115.0
4005.0,-0.09999999999999987,5,85.0,85.0
4010.0,0.7599999999999999,7,59.0,59.0
4015.0,-0.33999999999999997,6,56.0,56.0
4020.0,0.26,4,51.0,51.0
4025.0,-0.12,4,63.0,63.0
4030.0,-0.28,6,93.0,93.0
4035.0,-0.28,1,17.0,17.0
4040.0,0.69,2,10.0,10.0
4045.0,0.06,0,0.0,0.0
4050.0,0.009999999999999995,8,25.0,25.0
4055.0,-0.38,8,65.0,65.0
4060.0,-0.38,8,66.0,66.0
4065.0,-0.17000000000000004,8,106.0,106.0
4070.0,-0.4,5,101.0,101.0
4075.0,0.19000000000000006,6,101.0,101.0
4080.0,-0.2599999999999999,4,89.0,89.0
4085.0,0.30999999999999994,5,87.0,87.0
4090.0,-0.31999999999999995,8,122.0,122.0
4095.0,-0.31999999999999995,6,117.0,117.0
4100.0,-0.09000000000000008,8,152.0,152.0
4105.0,-0.3700000000000001,4,154.0,154.0
4110.0,0.050000000000000044,6,167.0,167.0
4115.0,-0.30000000000000004,6,197.0,197.0
4120.0,-0.30000000000000004,7,160.0,160.0
4125.0,0.25,10,208.0,208.0
4130.0,-0.48,8,89.0,89.0
4135.0,1.23,10,115.0,115.0
4140.0,-0.5000000000000001,11,130.0,130.0
4145.0,-0.06999999999999984,8,150.0,150.0
4150.0,-0.3400000000000001,8,184.0,184.0
4155.0,-0.3400000000000001,6,159.0,159.0
4160.0,0.19999999999999996,8,186.0,186.0
4165.0,-0.3899999999999999,6,140.0,140.0
4170.0,1.3399999999999999,5,45.0,45.0
4175.0,0.19,6,54.0,54.0
4180.0,0.19,4,27.0,27.0
4185.0,0.14999999999999997,4,47.0,47.0
4190.0,-0.19999999999999996,2,23.0,23.0
4195.0,0.33999999999999997,8,35.0,35.0
4200.0,-0.38,7,54.0,54.0
4205.0,-0.33999999999999997,9,94.0,94.0
4210.0,-0.4900000000000001,10,144.0,144.0
4215.0,-0.4900000000000001,7,122.0,122.0
4220.0,0.040000000000000036,8,157.0,157.0
4225.0,-0.34999999999999987,4,153.0,153.0
4230.0,0.10999999999999988,8,170.0,170.0
4235.0,-0.4099999999999999,9,213.0,213.0
4240.0,-0.4099999999999999,4,65.0,65.0
4245.0,1.2999999999999998,6,48.0,48.0
4250.0,0.17000000000000004,4,44.0,44.0
4255.0,0.10999999999999999,4,49.0,49.0
4260.0,-0.19999999999999996,3,24.0,24.0
4265.0,0.42999999999999994,8,22.0,22.0
4270.0,-0.38,8,60.0,60.0
4275.0,-0.38,9,81.0,81.0
4280.0,-0.39,10,131.0,131.0
4285.0,-0.5099999999999999,9,147.0,147.0
4290.0,-0.040000000000000036,8,153.0,153.0
4295.0,-0.31000000000000005,8,193.0,193.0
4300.0,-0.31000000000000005,6,155.0,155.0
4305.0,0.21999999999999997,10,196.0,196.0
4310.0,-0.4099999999999999,4,144.0,144.0
4315.0,1.3399999999999999,6,56.0,56.0
4320.0,0.13,4,34.0,34.0
4325.0,0.14,4,39.0,39.0
4330.0,-0.20000000000000007,4,59.0,59.0
4335.0,-0.20000000000000007,0,0.0,0.0
4340.0,0.5,8,36.0,36.0
4345.0,-0.39,6,56.0,56.0
4350.0,-0.18,8,78.0,78.0
4355.0,-0.4,9,119.0,119.0
4360.0,-0.4,8,141.0,141.0
4365.0,-0.3899999999999999,10,185.0,185.0
4370.0,-0.44000000000000017,5,160.0,160.0
4375.0,0.6300000000000001,7,114.0,114.0
4380.0,0.08000000000000007,7,125.0,125.0
4385.0,-0.43000000000000016,8,165.0,165.0
4390.0,-0.45999999999999974,10,213.0,213.0
4395.0,-0.45999999999999974,8,170.0,170.0
4400.0,0.23999999999999977,10,218.0,218.0
4405.0,-0.48999999999999977,6,215.0,215.0
4410.0,0.23999999999999977,12,210.0,210.0
4415.0,-0.41999999999999993,12,270.0,270.0
4420.0,-0.41999999999999993,10,142.0,142.0
4425.0,1.04,11,197.0,197.0
4430.0,-0.55,9,184.0,184.0
4435.0,0.42999999999999994,7,148.0,148.0
4440.0,-0.06000000000000005,7,117.0,117.0
4445.0,0.8300000000000001,7,84.0,84.0
4450.0,-0.4099999999999999,9,127.0,127.0
4455.0,-0.4099999999999999,4,62.0,62.0
4460.0,0.5199999999999999,4,51.0,51.0
4465.0,0.10999999999999999,1,22.0,22.0
4470.0,0.5,3,10.0,10.0
4475.0,-0.14,3,25.0,25.0
4480.0,-0.14,9,53.0,53.0
4485.0,-0.34,11,108.0,108.0
4490.0,-0.55,11,143.0,143.0
4495.0,-0.3999999999999999,11,181.0,181.0
4500.0,-0.5499999999999998,12,174.0,174.0
4505.0,0.4999999999999998,6,146.0,146.0
4510.0,0.29000000000000004,6,126.0,126.0
4515.0,-0.31000000000000005,9,164.0,164.0
4520.0,-0.31000000000000005,5,68.0,68.0
4525.0,0.81,6,48.0,48.0
4530.0,0.19999999999999996,4,47.0,47.0
4535.0,0.17000000000000004,5,47.0,47.0
4540.0,-0.26,9,79.0,79.0
4545.0,-0.26,6,93.0,93.0
4550.0,-0.30000000000000004,8,127.0,127.0
4555.0,-0.33999999999999997,7,113.0,113.0
4560.0,0.49,5,62.0,62.0
4565.0,0.14,6,52.0,52.0
4570.0,0.22000000000000003,6,48.0,48.0
4575.0,-0.37000000000000005,9,88.0,88.0
4580.0,-0.44999999999999996,9,133.0,133.0
4585.0,-0.44999999999999996,6,113.0,113.0
4590.0,0.040000000000000036,11,156.0,156.0
4595.0,-0.47,7,142.0,142.0
4600.0,0.53,5,103.0,103.0
4605.0,-0.06000000000000005,6,132.0,132.0
4610.0,-0.06000000000000005,4,75.0,75.0
4615.0,0.44999999999999996,7,104.0,104.0
4620.0,-0.29000000000000004,8,140.0,140.0
4625.0,-0.3599999999999999,7,151.0,151.0
4630.0,-0.06000000000000005,8,164.0,164.0
4635.0,-0.3400000000000001,8,158.0,158.0
4640.0,0.33000000000000007,4,151.0,151.0
4645.0,-0.15000000000000013,5,167.0,167.0
4650.0,-0.15000000000000013,4,185.0,185.0
4655.0,-0.2699999999999998,4,205.0,205.0
4660.0,-0.19999999999999996,8,237.0,237.0
4665.0,-0.3700000000000001,10,286.0,286.0
4670.0,-0.5,7,166.0,166.0
4675.0,1.53,11,163.0,163.0
4680.0,-0.53,11,218.0,218.0
4685.0,-0.53,10,143.0,143.0
4690.0,0.53,10,171.0,171.0
4695.0,-0.28,7,142.0,142.0
4700.0,0.55,12,126.0,126.0
4705.0,-0.33000000000000007,12,126.0,126.0
4710.0,0.32000000000000006,8,125.0,125.0
4715.0,-0.1100000000000001,8,136.0,136.0
4720.0,-0.1100000000000001,6,81.0,81.0
4725.0,0.41000000000000003,6,111.0,111.0
4730.0,-0.30999999999999994,6,102.0,102.0
4735.0,0.21999999999999997,10,112.0,112.0
4740.0,-0.45999999999999996,10,162.0,162.0
4745.0,-0.45999999999999996,9,167.0,167.0
4750.0,-0.25,9,212.0,212.0
4755.0,-0.4500000000000002,7,200.0,200.0
4760.0,0.41000000000000014,5,166.0,166.0
4765.0,-0.030000000000000027,4,51.0,51.0
4770.0,0.92,10,92.0,92.0
4775.0,-0.5400000000000001,11,147.0,147.0
4780.0,-0.5400000000000001,8,129.0,129.0
4785.0,0.24,8,125.0,125.0
4790.0,-0.20999999999999996,6,120.0,120.0
4795.0,0.21999999999999997,6,119.0,119.0
4800.0,-0.26,6,149.0,149.0
4805.0,-0.26,4,36.0,36.0
4810.0,1.0100000000000002,5,58.0,58.0
4815.0,-0.21999999999999997,2,42.0,42.0
4820.0,0.32999999999999996,4,31.0,31.0
4825.0,-0.14,2,18.0,18.0
4830.0,0.35000000000000003,2,6.0,6.0
4835.0,-0.1,2,16.0,16.0
4840.0,-0.1,5,13.0,13.0
4845.0,-0.06999999999999998,8,53.0,53.0
4850.0,-0.4,6,69.0,69.0
4855.0,-0.10999999999999999,7,86.0,86.0
4860.0,-0.3600000000000001,9,125.0,125.0
4865.0,-0.3600000000000001,5,89.0,89.0
4870.0,0.19000000000000006,5,106.0,106.0
4875.0,-0.17000000000000004,2,90.0,90.0
4880.0,0.21000000000000008,7,101.0,101.0
4885.0,-0.31999999999999995,6,122.0,122.0
4890.0,-0.1100000000000001,7,135.0,135.0
4895.0,-0.34999999999999987,7,170.0,170.0
4900.0,-0.41000000000000014,11,215.0,215.0
4905.0,-0.41000000000000014,9,134.0,134.0
4910.0,0.6100000000000001,12,183.0,183.0
4915.0,-0.55,13,251.0,251.0
4920.0,-0.8700000000000001,14,312.0,312.0
4925.0,-0.77,17,396.0,396.0
4930.0,-0.77,8,288.0,288.0
4935.0,0.7400000000000002,9,231.0,231.0
4940.0,0.5699999999999998,11,282.0,282.0
4945.0,-0.77,17,355.0,355.0
4950.0,-0.8300000000000001,20,410.0,410.0
4955.0,-0.6200000000000001,16,469.0,469.0
4960.0,-0.6099999999999994,17,531.0,531.0
4965.0,-0.8500000000000005,17,616.0,616.0
4970.0,-0.8999999999999995,19,708.0,708.0
4975.0,-0.8999999999999995,12,490.0,490.0
4980.0,1.8899999999999997,5,316.0,316.0
4985.0,1.7799999999999998,13,241.0,241.0
4990.0,1.0100000000000002,10,248.0,248.0
4995.0,-0.56,15,306.0,306.0
5000.0,-0.7399999999999998,15,381.0,381.0
5005.0,-0.7399999999999998,11,221.0,221.0
5010.0,1.2999999999999998,11,193.0,193.0
5015.0,0.28,8,186.0,186.0
5020.0,0.3799999999999999,9,149.0,149.0
5025.0,-0.010000000000000009,10,143.0,143.0
5030.0,0.08000000000000007,8,156.0,156.0
5035.0,-0.3700000000000001,9,194.0,194.0
5040.0,-0.3700000000000001,5,154.0,154.0
5045.0,0.25,9,190.0,190.0
5050.0,-0.3899999999999999,5,188.0,188.0
5055.0,0.25,9,180.0,180.0
5060.0,-0.3899999999999999,12,237.0,237.0
5065.0,-0.3899999999999999,10,259.0,259.0
5070.0,-0.45999999999999996,12,318.0,318.0
5075.0,-0.5900000000000003,9,188.0,188.0
5080.0,1.5100000000000002,12,201.0,201.0
5085.0,-0.5899999999999999,14,267.0,267.0
5090.0,-0.6900000000000004,13,246.0,246.0
5095.0,0.7200000000000002,10,233.0,233.0
5100.0,0.4099999999999999,11,171.0,171.0
5105.0,0.4099999999999999,5,114.0,114.0
5110.0,0.8500000000000001,8,96.0,96.0
5115.0,-0.07000000000000006,5,86.0,86.0
5120.0,0.41000000000000003,7,77.0,77.0
5125.0,-0.35,8,113.0,113.0
5130.0,-0.35,7,63.0,63.0
5135.0,0.35,8,76.0,76.0
5140.0,-0.13,10,100.0,100.0
5145.0,-0.43999999999999995,10,150.0,150.0
5150.0,-0.5,12,186.0,186.0
5155.0,-0.51,10,231.0,231.0
5160.0,-0.5,10,281.0,281.0
5165.0,-0.5,8,181.0,181.0
5170.0,0.8300000000000001,9,164.0,164.0
5175.0,0.1499999999999999,7,192.0,192.0
5180.0,-0.4700000000000002,10,240.0,240.0
5185.0,-0.5,10,290.0,290.0
5190.0,-0.5,6,130.0,130.0
5195.0,1.4000000000000001,6,87.0,87.0
5200.0,0.43000000000000005,9,117.0,117.0
5205.0,-0.5199999999999999,11,172.0,172.0
5210.0,-0.55,11,158.0,158.0
5215.0,0.69,4,129.0,129.0
5220.0,0.37,6,88.0,88.0
5225.0,0.37,4,63.0,63.0
5230.0,0.19000000000000006,8,95.0,95.0
5235.0,-0.3400000000000001,8,69.0,69.0
5240.0,0.12,9,107.0,107.0
5245.0,-0.4600000000000001,10,157.0,157.0
5250.0,-0.4600000000000001,6,104.0,104.0
5255.0,0.33000000000000007,6,118.0,118.0
5260.0,-0.1399999999999999,4,83.0,83.0
5265.0,0.7799999999999999,2,21.0,21.0
5270.0,0.24000000000000002,3,25.0,25.0
5275.0,-0.35,8,59.0,59.0
5280.0,-0.4,9,100.0,100.0
5285.0,-0.4,10,149.0,149.0
5290.0,-0.68,11,200.0,200.0
5295.0,-0.53,8,186.0,186.0
5300.0,0.55,4,135.0,135.0
5305.0,0.22999999999999998,6,144.0,144.0
5310.0,0.22999999999999998,2,15.0,15.0
5315.0,1.1900000000000002,4,21.0,21.0
5320.0,-0.06,4,32.0,32.0
5325.0,-0.19000000000000003,4,52.0,52.0
5330.0,-0.19999999999999996,3,27.0,27.0
5335.0,0.53,2,9.0,9.0
5340.0,-0.07999999999999999,2,17.0,17.0
5345.0,-0.07999999999999999,8,41.0,41.0
5350.0,-0.33999999999999997,8,81.0,81.0
5355.0,-0.41000000000000003,7,101.0,101.0
5360.0,-0.12,8,118.0,118.0
5365.0,-0.42999999999999994,12,167.0,167.0
5370.0,-0.42999999999999994,4,87.0,87.0
5375.0,0.58,4,63.0,63.0
5380.0,0.24,8,92.0,92.0
5385.0,-0.45000000000000007,10,137.0,137.0
5390.0,-0.49,10,120.0,120.0
5395.0,0.67,5,81.0,81.0
5400.0,0.06000000000000005,6,90.0,90.0
5405.0,0.06000000000000005,1,20.0,20.0
5410.0,0.63,1,7.0,7.0
5415.0,0.13,4,5.0,5.0
5420.0,-0.16999999999999998,7,39.0,39.0
5425.0,-0.35,7,74.0,74.0
5430.0,-0.35,5,55.0,55.0
5435.0,0.04999999999999993,6,82.0,82.0
5440.0,-0.2699999999999999,4,75.0,75.0
5445.0,0.1399999999999999,4,74.0,74.0
5450.0,-0.1399999999999999,2,71.0,71.0
5455.0,-0.1100000000000001,7,100.0,100.0
5460.0,-0.39,8,140.0,140.0
5465.0,-0.39,6,127.0,127.0
5470.0,-0.030000000000000027,8,167.0,167.0
5475.0,-0.3999999999999999,6,168.0,168.0
5480.0,0.07000000000000006,6,180.0,180.0
5485.0,-0.30000000000000004,7,211.0,211.0
5490.0,-0.30000000000000004,8,178.0,178.0
5495.0,0.19999999999999996,9,219.0,219.0
5500.0,-0.4099999999999999,7,95.0,95.0
5505.0,1.3599999999999999,7,104.0,104.0
5510.0,-0.35,8,112.0,112.0
5515.0,-0.010000000000000009,6,125.0,125.0
5520.0,-0.26,7,152.0,152.0
5525.0,-0.26,4,49.0,49.0
5530.0,0.9199999999999999,6,63.0,63.0
5535.0,-0.15999999999999992,4,46.0,46.0
5540.0,0.42999999999999994,4,28.0,28.0
5545.0,-0.14,4,48.0,48.0
5550.0,-0.14,1,4.0,4.0
5555.0,0.36000000000000004,1,9.0,9.0
5560.0,-0.049999999999999996,5,25.0,25.0
5565.0,-0.31999999999999995,8,65.0,65.0
5570.0,-0.4000000000000001,7,69.0,69.0
5575.0,-0.04999999999999993,7,93.0,93.0
5580.0,-0.35,9,130.0,130.0
5585.0,-0.35,6,71.0,71.0
5590.0,0.43999999999999995,7,103.0,103.0
5595.0,-0.33000000000000007,5,82.0,82.0
5600.0,0.54,6,46.0,46.0
5605.0,0.0,8,70.0,70.0
5610.0,0.0,6,71.0,71.0
5615.0,-0.1499999999999999,8,110.0,110.0
5620.0,-0.3900000000000001,11,158.0,158.0
5625.0,-0.72,12,218.0,218.0
5630.0,-0.5999999999999999,13,201.0,201.0
5635.0,0.51,11,188.0,188.0
5640.0,0.039999999999999813,12,199.0,199.0
5645.0,0.039999999999999813,7,150.0,150.0
5650.0,0.53,6,106.0,106.0
5655.0,0.26,7,126.0,126.0
5660.0,-0.26,8,166.0,166.0
5665.0,-0.3999999999999999,11,210.0,210.0
5670.0,-0.47,14,275.0,275.0
5675.0,-0.6800000000000002,15,346.0,346.0
5680.0,-0.7199999999999998,12,352.0,352.0
5685.0,0.25,10,329.0,329.0
5690.0,-0.06000000000000005,10,354.0,354.0
5695.0,-0.45999999999999996,12,412.0,412.0
5700.0,-0.45999999999999996,4,187.0,187.0
5705.0,2.01,9,92.0,92.0
5710.0,0.9500000000000001,8,88.0,88.0
5715.0,0.22000000000000008,10,82.0,82.0
5720.0,-0.32000000000000006,8,104.0,104.0
5725.0,-0.050000000000000044,7,114.0,114.0
5730.0,-0.45999999999999996,10,163.0,163.0
5735.0,-0.45999999999999996,8,191.0,191.0
5740.0,-0.45999999999999996,14,243.0,243.0
5745.0,-0.5799999999999998,10,225.0,225.0
5750.0,0.7299999999999998,6,157.0,157.0
5755.0,0.24,8,174.0,174.0
5760.0,0.24,5,130.0,130.0
5765.0,0.30000000000000004,9,165.0,165.0
5770.0,-0.34999999999999987,7,77.0,77.0
5775.0,0.7399999999999999,13,122.0,122.0
5780.0,-0.61,13,145.0,145.0
5785.0,0.020000000000000018,10,160.0,160.0
5790.0,-0.3899999999999999,11,200.0,200.0
5795.0,-0.3899999999999999,5,124.0,124.0
5800.0,0.5999999999999999,6,113.0,113.0
5805.0,0.10000000000000009,6,143.0,143.0
5810.0,-0.30000000000000004,5,105.0,105.0
5815.0,0.97,7,64.0,64.0
5820.0,-0.32999999999999996,7,99.0,99.0
5825.0,-0.32999999999999996,3,40.0,40.0
5830.0,0.44999999999999996,3,37.0,37.0
5835.0,0.030000000000000027,0,14.0,14.0
5840.0,0.33,2,9.0,9.0
5845.0,-0.09,2,19.0,19.0
5850.0,-0.31,9,53.0,53.0
5855.0,-0.45,10,99.0,99.0
5860.0,-0.45,7,76.0,76.0
5865.0,0.06000000000000005,7,105.0,105.0
5870.0,-0.29000000000000015,5,96.0,96.0
5875.0,0.43000000000000016,5,79.0,79.0
5880.0,-0.26,6,107.0,107.0
5885.0,-0.26,6,40.0,40.0
5890.0,0.5499999999999999,8,63.0,63.0
5895.0,-0.22999999999999998,5,73.0,73.0
5900.0,-0.010000000000000009,8,86.0,86.0
5905.0,-0.38,8,75.0,75.0
5910.0,0.45999999999999996,4,60.0,60.0
5915.0,-0.009999999999999898,4,61.0,61.0
5920.0,-0.009999999999999898,5,15.0,15.0
5925.0,0.35,8,48.0,48.0
5930.0,-0.3400000000000001,5,66.0,66.0
5935.0,-0.08999999999999997,6,77.0,77.0
5940.0,-0.30999999999999994,8,112.0,112.0
5945.0,-0.30999999999999994,4,71.0,71.0
5950.0,0.25,4,82.0,82.0
5955.0,-0.10999999999999999,2,75.0,75.0
5960.0,-0.010000000000000009,7,100.0,100.0
5965.0,-0.32999999999999996,6,120.0,120.0
5970.0,-0.13000000000000012,7,136.0,136.0
5975.0,-0.3899999999999999,8,176.0,176.0
5980.0,-0.3899999999999999,6,167.0,167.0
5985.0,0.030000000000000027,6,189.0,189.0
5990.0,-0.30000000000000004,4,171.0,171.0
5995.0,0.27,10,185.0,185.0
6000.0,-0.47,11,236.0,236.0
6005.0,-0.47,9,95.0,95.0
6010.0,1.2,9,140.0,140.0
6015.0,-0.44999999999999996,7,141.0,141.0
6020.0,0.10999999999999988,7,145.0,145.0
6025.0,-0.30000000000000004,8,181.0,181.0
6030.0,-0.7,13,242.0,242.0
6035.0,-0.7000000000000002,15,314.0,314.0
6040.0,-0.7000000000000002,10,282.0,282.0
6045.0,0.050000000000000266,12,327.0,327.0
6050.0,-0.4500000000000002,9,268.0,268.0
6055.0,1.58,8,147.0,147.0
6060.0,0.5900000000000001,8,138.0,138.0
6065.0,0.5900000000000001,8,78.0,78.0
6070.0,0.43999999999999995,9,95.0,95.0
6075.0,-0.16999999999999993,5,84.0,84.0
6080.0,0.21999999999999997,6,91.0,91.0
6085.0,-0.30000000000000004,6,82.0,82.0
6090.0,0.21999999999999997,5,86.0,86.0
6095.0,-0.27,7,115.0,115.0
6100.0,-0.27,4,92.0,92.0
6105.0,0.14000000000000012,7,117.0,117.0
6110.0,-0.30000000000000004,5,130.0,130.0
6115.0,-0.1399999999999999,8,153.0,153.0
6120.0,-0.3900000000000001,8,193.0,193.0
6125.0,-0.3900000000000001,6,159.0,159.0
6130.0,0.17999999999999994,6,186.0,186.0
6135.0,-0.27,7,176.0,176.0
6140.0,0.13000000000000012,10,202.0,202.0
6145.0,-0.4900000000000002,8,84.0,84.0
6150.0,1.3000000000000003,8,100.0,100.0
6155.0,-0.4,9,141.0,141.0
6160.0,-0.4,8,119.0,119.0
6165.0,0.26,8,138.0,138.0
6170.0,-0.41999999999999993,7,116.0,116.0
6175.0,0.64,7,69.0,69.0
6180.0,-0.040000000000000036,8,104.0,104.0
6185.0,-0.040000000000000036,3,42.0,42.0
6190.0,0.46,3,43.0,43.0
6195.0,-0.010000000000000009,4,59.0,59.0
6200.0,-0.26999999999999996,6,88.0,88.0
6205.0,-0.32000000000000006,6,60.0,60.0
6210.0,0.07000000000000006,10,105.0,105.0
6215.0,-0.5,10,155.0,155.0
6220.0,-0.5,7,128.0,128.0
6225.0,0.20999999999999996,8,135.0,135.0
6230.0,-0.19999999999999996,7,112.0,112.0
6235.0,0.6699999999999999,3,54.0,54.0
6240.0,0.27,3,56.0,56.0
6245.0,0.27,6,82.0,82.0
6250.0,-0.31999999999999995,8,119.0,119.0
6255.0,-0.37,4,104.0,104.0
6260.0,0.2899999999999999,6,105.0,105.0
6265.0,-0.2699999999999999,4,92.0,92.0
6270.0,0.3999999999999999,3,71.0,71.0
6275.0,-0.04999999999999993,3,85.0,85.0
6280.0,-0.04999999999999993,7,39.0,39.0
6285.0,0.33999999999999997,10,87.0,87.0
6290.0,-0.49,7,113.0,113.0
6295.0,-0.29000000000000004,10,146.0,146.0
6300.0,-0.5,12,200.0,200.0
6305.0,-0.5,6,126.0,126.0
6310.0,0.5,7,130.0,130.0
6315.0,-0.040000000000000036,4,94.0,94.0
6320.0,0.75,6,41.0,41.0
6325.0,0.13000000000000006,4,39.0,39.0
6330.0,0.0,5,47.0,47.0
6335.0,-0.31,7,80.0,80.0
6340.0,-0.31,5,39.0,39.0
6345.0,0.29,5,61.0,61.0
6350.0,-0.22000000000000003,3,44.0,44.0
6355.0,0.38,7,28.0,28.0
6360.0,-0.18,7,60.0,60.0
6365.0,-0.38999999999999996,9,103.0,103.0
6370.0,-0.38999999999999996,5,76.0,76.0
6375.0,0.08999999999999997,9,111.0,111.0
6380.0,-0.3500000000000001,4,103.0,103.0
6385.0,0.2500000000000001,5,95.0,95.0
6390.0,-0.21000000000000008,8,99.0,99.0
6395.0,-0.06999999999999984,6,120.0,120.0
6400.0,-0.30000000000000004,8,152.0,152.0
6405.0,-0.30000000000000004,4,122.0,122.0
6410.0,0.17999999999999994,5,143.0,143.0
6415.0,-0.24,6,52.0,52.0
6420.0,0.8,6,82.0,82.0
6425.0,-0.3800000000000001,13,132.0,132.0
6430.0,-0.3800000000000001,8,91.0,91.0
6435.0,0.17000000000000004,10,123.0,123.0
6440.0,-0.31999999999999995,4,110.0,110.0
6445.0,0.33999999999999997,4,87.0,87.0
6450.0,-0.05999999999999994,4,55.0,55.0
6455.0,0.83,3,15.0,15.0
6460.0,-0.21000000000000002,6,39.0,39.0
6465.0,-0.21000000000000002,4,32.0,32.0
6470.0,0.010000000000000009,5,52.0,52.0
6475.0,-0.24999999999999994,7,82.0,82.0
6480.0,-0.4600000000000001,7,117.0,117.0
6485.0,-0.3999999999999999,11,165.0,165.0
6490.0,-0.3999999999999999,3,87.0,87.0
6495.0,0.5599999999999999,9,73.0,73.0
6500.0,0.14,7,85.0,85.0
6505.0,-0.17000000000000004,9,113.0,113.0
6510.0,-0.41000000000000003,7,91.0,91.0
6515.0,0.56,6,81.0,81.0
6520.0,-0.17000000000000004,8,100.0,100.0
6525.0,-0.17000000000000004,4,76.0,76.0
6530.0,0.12,6,98.0,98.0
6535.0,-0.26,7,109.0,109.0
6540.0,-0.16999999999999993,8,139.0,139.0
6545.0,-0.3999999999999999,8,179.0,179.0
6550.0,-0.3999999999999999,6,149.0,149.0
6555.0,0.1399999999999999,9,183.0,183.0
6560.0,-0.3400000000000001,4,177.0,177.0
6565.0,0.21999999999999997,5,163.0,163.0
6570.0,-0.15999999999999992,11,208.0,208.0
6575.0,-0.5499999999999998,10,107.0,107.0
6580.0,1.0299999999999998,12,141.0,141.0
6585.0,-0.5999999999999999,12,201.0,201.0
6590.0,-0.5999999999999999,8,148.0,148.0
6595.0,0.32999999999999985,8,163.0,163.0
6600.0,-0.15999999999999992,6,142.0,142.0
6605.0,0.6799999999999999,8,120.0,120.0
6610.0,-0.43999999999999995,10,168.0,168.0
6615.0,-0.43999999999999995,4,77.0,77.0
6620.0,0.71,4,52.0,52.0
6625.0,0.25,2,26.0,26.0
6630.0,0.42000000000000004,4,20.0,20.0
6635.0,-0.18000000000000002,2,15.0,15.0
6640.0,0.19000000000000003,6,15.0,15.0
6645.0,-0.31000000000000005,8,48.0,48.0
6650.0,-0.31000000000000005,7,61.0,61.0
6655.0,-0.2899999999999999,9,103.0,103.0
6660.0,-0.43000000000000016,8,143.0,143.0
6665.0,-0.5799999999999998,10,190.0,190.0
6670.0,-0.5000000000000002,10,240.0,240.0
6675.0,-0.5000000000000002,5,162.0,162.0
6680.0,0.5800000000000001,8,178.0,178.0
6685.0,-0.15999999999999992,4,131.0,131.0
6690.0,1.26,3,41.0,41.0
6695.0,0.2,5,47.0,47.0
6700.0,-0.36999999999999994,7,76.0,76.0
6705.0,-0.43000000000000016,9,121.0,121.0
6710.0,-0.43000000000000016,11,170.0,170.0
6715.0,-0.7,15,242.0,242.0
6720.0,-0.7499999999999998,13,265.0,265.0
6725.0,-0.1200000000000001,12,281.0,281.0
6730.0,-0.48,14,343.0,343.0
6735.0,-0.48,6,207.0,207.0
6740.0,1.1,4,119.0,119.0
6745.0,0.8799999999999999,4,94.0,94.0
6750.0,0.25,6,94.0,94.0
6755.0,-0.08000000000000007,8,125.0,125.0
6760.0,-0.3899999999999999,6,139.0,139.0
6765.0,0.030000000000000027,7,145.0,145.0
6770.0,-0.3500000000000001,7,180.0,180.0
6775.0,-0.3500000000000001,5,156.0,156.0
6780.0,0.11999999999999988,5,178.0,178.0
6785.0,-0.24,13,230.0,230.0
6790.0,-0.5800000000000001,9,244.0,244.0
6795.0,0.010000000000000231,10,253.0,253.0
6800.0,-0.41000000000000014,10,303.0,303.0
6805.0,-0.41000000000000014,9,120.0,120.0
6810.0,1.6300000000000001,10,167.0,167.0
6815.0,-0.47,8,151.0,151.0
6820.0,0.5799999999999998,10,139.0,139.0
6825.0,-0.5,10,131.0,131.0
6830.0,0.5,5,114.0,114.0
6835.0,0.08000000000000007,6,107.0,107.0
6840.0,0.08000000000000007,0,19.0,19.0
6845.0,0.8200000000000001,2,4.0,4.0
6850.0,0.13,2,14.0,14.0
6855.0,-0.14,5,27.0,27.0
6860.0,-0.31,10,71.0,71.0
6865.0,-0.31,7,56.0,56.0
6870.0,-0.050000000000000044,8,96.0,96.0
6875.0,-0.3999999999999999,4,94.0,94.0
6880.0,0.21999999999999997,8,97.0,97.0
6885.0,-0.3899999999999999,6,76.0,76.0
6890.0,0.5999999999999999,5,58.0,58.0
6895.0,-0.15999999999999992,10,79.0,79.0
6900.0,-0.15999999999999992,4,46.0,46.0
6905.0,0.18999999999999995,6,62.0,62.0
6910.0,-0.18000000000000005,2,49.0,49.0
6915.0,0.4700000000000001,4,29.0,29.0
6920.0,-0.24000000000000002,6,57.0,57.0
6925.0,-0.24000000000000002,2,18.0,18.0
6930.0,0.27,9,47.0,47.0
6935.0,-0.29,6,76.0,76.0
6940.0,-0.35,10,109.0,109.0
6945.0,-0.4700000000000001,9,102.0,102.0
6950.0,0.38,6,86.0,86.0
6955.0,-0.05999999999999994,6,103.0,103.0
6960.0,-0.05999999999999994,3,79.0,79.0
6965.0,0.22999999999999998,7,97.0,97.0
6970.0,-0.30000000000000004,5,117.0,117.0
6975.0,-0.17999999999999994,7,135.0,135.0
6980.0,-0.3500000000000001,9,175.0,175.0
6985.0,-0.3500000000000001,4,145.0,145.0
6990.0,0.1200000000000001,6,169.0,169.0
6995.0,-0.24,2,151.0,151.0
7000.0,0.28,9,161.0,161.0
7005.0,-0.40000000000000013,8,54.0,54.0
7010.0,1.1800000000000002,7,70.0,70.0
7015.0,-0.43000000000000005,10,116.0,116.0
7020.0,-0.43000000000000005,10,156.0,156.0
7025.0,-0.5999999999999999,10,206.0,206.0
7030.0,-0.5000000000000002,8,192.0,192.0
7035.0,0.5800000000000001,9,176.0,176.0
7040.0,-0.48,12,230.0,230.0
7045.0,-0.48,3,115.0,115.0
7050.0,0.9100000000000001,4,56.0,56.0
7055.0,0.5899999999999999,1,19.0,19.0
7060.0,0.5,2,12.0,12.0
7065.0,-0.13,2,9.0,9.0
7070.0,0.19,4,4.0,4.0
7075.0,-0.3,8,38.0,38.0
7080.0,-0.3,5,41.0,41.0
7085.0,-0.16999999999999998,8,78.0,78.0
7090.0,-0.39,4,77.0,77.0
7095.0,0.06999999999999995,6,91.0,91.0
7100.0,-0.30000000000000004,6,121.0,121.0
7105.0,-0.30000000000000004,3,75.0,75.0
7110.0,0.3400000000000001,8,102.0,102.0
7115.0,-0.27,4,120.0,120.0
7120.0,-0.15999999999999992,6,135.0,135.0
7125.0,-0.31000000000000005,6,133.0,133.0
7130.0,0.15999999999999992,4,137.0,137.0
7135.0,-0.24,6,163.0,163.0
7140.0,-0.24,2,141.0,141.0
7145.0,0.14000000000000012,8,165.0,165.0
7150.0,-0.32000000000000006,6,52.0,52.0
7155.0,1.1800000000000002,9,75.0,75.0
7160.0,-0.4800000000000001,10,125.0,125.0
7165.0,-0.4800000000000001,8,96.0,96.0
7170.0,0.09000000000000008,10,142.0,142.0
7175.0,-0.45999999999999996,5,125.0,125.0
7180.0,0.41999999999999993,9,109.0,109.0
7185.0,-0.29000000000000004,9,98.0,98.0
7190.0,0.5800000000000001,4,75.0,75.0
7195.0,0.029999999999999916,6,74.0,74.0
7200.0,0.029999999999999916,4,28.0,28.0
7205.0,0.35000000000000003,8,62.0,62.0
7210.0,-0.36999999999999994,4,61.0,61.0
7215.0,0.13,7,69.0,69.0
7220.0,-0.4600000000000001,12,127.0,127.0
7225.0,-0.4600000000000001,6,78.0,78.0
7230.0,0.25,8,97.0,97.0
7235.0,-0.18999999999999995,5,94.0,94.0
7240.0,0.27,8,93.0,93.0
7245.0,-0.3900000000000001,6,95.0,95.0
7250.0,0.09000000000000008,6,106.0,106.0
7255.0,-0.43999999999999995,12,156.0,156.0
7260.0,-0.43999999999999995,6,136.0,136.0
7265.0,0.020000000000000018,8,162.0,162.0
7270.0,-0.28,4,160.0,160.0
7275.0,0.30000000000000004,7,153.0,153.0
7280.0,-0.3600000000000001,8,192.0,192.0
7285.0,-0.3600000000000001,7,94.0,94.0
7290.0,0.8200000000000001,13,149.0,149.0
7295.0,-0.55,8,148.0,148.0
7300.0,0.27,10,133.0,133.0
7305.0,-0.31000000000000005,10,125.0,125.0
7310.0,0.3900000000000001,4,118.0,118.0
7315.0,0.010000000000000009,6,119.0,119.0
7320.0,0.010000000000000009,4,133.0,133.0
7325.0,-0.25,9,165.0,165.0
7330.0,-0.3600000000000001,7,125.0,125.0
7335.0,1.21,5,43.0,43.0
7340.0,0.08000000000000002,7,59.0,59.0
7345.0,0.08000000000000002,2,28.0,28.0
7350.0,0.16999999999999998,4,42.0,42.0
7355.0,-0.13999999999999996,0,16.0,16.0
7360.0,0.42,4,7.0,7.0
7365.0,-0.2,6,33.0,33.0
7370.0,-0.24,7,51.0,51.0
7375.0,-0.37999999999999995,8,90.0,90.0
7380.0,-0.37999999999999995,4,67.0,67.0
7385.0,0.09999999999999998,6,94.0,94.0
7390.0,-0.28,2,81.0,81.0
7395.0,0.26,4,81.0,81.0
7400.0,-0.25,9,116.0,116.0
7405.0,-0.25,6,124.0,124.0
7410.0,-0.25,9,164.0,164.0
7415.0,-0.3999999999999999,4,162.0,162.0
7420.0,0.1299999999999999,6,162.0,162.0
7425.0,-0.22999999999999998,4,151.0,151.0
7430.0,0.31000000000000005,4,147.0,147.0
7435.0,-0.33000000000000007,10,186.0,186.0
7440.0,-0.33000000000000007,6,57.0,57.0
7445.0,1.15,10,100.0,100.0
7450.0,-0.4900000000000001,6,109.0,109.0
7455.0,0.10000000000000009,9,118.0,118.0
7460.0,-0.47,11,168.0,168.0
7465.0,-0.47,5,99.0,99.0
7470.0,0.48,10,107.0,107.0
7475.0,-0.08000000000000007,5,87.0,87.0
7480.0,0.4800000000000001,5,56.0,56.0
7485.0,-0.09000000000000008,5,53.0,53.0
7490.0,0.35000000000000003,4,37.0,37.0
7495.0,-0.25999999999999995,7,66.0,66.0
7500.0,-0.25999999999999995,2,27.0,27.0
7505.0,0.26999999999999996,10,58.0,58.0
7510.0,-0.36000000000000004,6,88.0,88.0
7515.0,-0.31999999999999995,10,120.0,120.0
7520.0,-0.5,10,170.0,170.0
7525.0,-0.5,6,100.0,100.0
7530.0,0.5,6,110.0,110.0
7535.0,-0.10000000000000009,2,92.0,92.0
7540.0,0.3600000000000001,5,85.0,85.0
7545.0,-0.27,6,110.0,110.0
7550.0,-0.1499999999999999,5,121.0,121.0
7555.0,-0.29000000000000004,7,152.0,152.0
7560.0,-0.29000000000000004,4,127.0,127.0
7565.0,0.1399999999999999,6,150.0,150.0
7570.0,-0.25,2,149.0,149.0
7575.0,0.09000000000000008,6,158.0,158.0
7580.0,-0.3600000000000001,10,203.0,203.0
7585.0,-0.3600000000000001,8,62.0,62.0
7590.0,1.21,10,111.0,111.0
7595.0,-0.4900000000000001,7,118.0,118.0
7600.0,0.09000000000000008,10,132.0,132.0
7605.0,-0.5,9,122.0,122.0
7610.0,0.44999999999999996,6,92.0,92.0
7615.0,-0.19999999999999996,11,138.0,138.0
7620.0,-0.19999999999999996,4,70.0,70.0
7625.0,0.53,6,60.0,60.0
7630.0,0.07999999999999996,2,49.0,49.0
7635.0,0.45000000000000007,4,28.0,28.0
7640.0,-0.22,6,55.0,55.0
7645.0,-0.22,2,17.0,17.0
7650.0,0.26,10,55.0,55.0
7655.0,-0.38,6,82.0,82.0
7660.0,-0.2899999999999999,10,113.0,113.0
7665.0,-0.4900000000000001,8,106.0,106.0
7670.0,0.3900000000000001,4,88.0,88.0
7675.0,-0.040000000000000036,6,104.0,104.0
7680.0,-0.040000000000000036,3,70.0,70.0
7685.0,0.24,7,96.0,96.0
7690.0,-0.29000000000000004,5,117.0,117.0
7695.0,-0.19999999999999996,7,137.0,137.0
7700.0,-0.3500000000000001,9,176.0,176.0
7705.0,-0.3500000000000001,4,148.0,148.0
7710.0,0.10000000000000009,6,174.0,174.0
7715.0,-0.26,2,155.0,155.0
7720.0,0.29000000000000004,8,163.0,163.0
7725.0,-0.3400000000000001,8,50.0,50.0
7730.0,1.2000000000000002,9,68.0,68.0
7735.0,-0.4900000000000001,10,118.0,118.0
7740.0,-0.4900000000000001,8,109.0,109.0
7745.0,0.06000000000000005,10,139.0,139.0
7750.0,-0.47,8,127.0,127.0
7755.0,0.49,6,88.0,88.0
7760.0,-0.08000000000000007,10,128.0,128.0
7765.0,-0.08000000000000007,4,56.0,56.0
7770.0,0.52,5,58.0,58.0
7775.0,-0.019999999999999907,2,45.0,45.0
7780.0,0.4099999999999999,5,28.0,28.0
7785.0,-0.23,4,26.0,26.0
7790.0,0.14,5,31.0,31.0
7795.0,-0.37,10,73.0,73.0
7800.0,-0.37,6,53.0,53.0
7805.0,0.040000000000000036,8,90.0,90.0
7810.0,-0.39,4,87.0,87.0
7815.0,0.26,8,87.0,87.0
7820.0,-0.3900000000000001,8,127.0,127.0
7825.0,-0.3900000000000001,4,94.0,94.0
7830.0,0.17000000000000015,9,126.0,126.0
7835.0,-0.32000000000000006,9,91.0,91.0
7840.0,0.1499999999999999,11,142.0,142.0
7845.0,-0.5399999999999998,11,141.0,141.0
7850.0,0.31999999999999984,7,140.0,140.0
7855.0,-0.21999999999999997,9,164.0,164.0
7860.0,-0.21999999999999997,5,82.0,82.0
7865.0,0.68,11,123.0,123.0
7870.0,-0.4700000000000001,7,109.0,109.0
7875.0,0.54,6,65.0,65.0
7880.0,0.050000000000000044,6,87.0,87.0
7885.0,0.050000000000000044,5,56.0,56.0
7890.0,0.18999999999999995,5,81.0,81.0
7895.0,-0.25,2,75.0,75.0
7900.0,0.1200000000000001,6,82.0,82.0
7905.0,-0.29000000000000004,6,110.0,110.0
7910.0,-0.17999999999999994,6,122.0,122.0
7915.0,-0.32000000000000006,8,156.0,156.0
7920.0,-0.32000000000000006,4,129.0,129.0
7925.0,0.1499999999999999,6,155.0,155.0
7930.0,-0.28,2,149.0,149.0
7935.0,0.19000000000000017,8,155.0,155.0
7940.0,-0.41000000000000014,10,203.0,203.0
7945.0,-0.41000000000000014,7,67.0,67.0
7950.0,1.1600000000000001,10,115.0,115.0
7955.0,-0.47999999999999987,7,120.0,120.0
7960.0,0.10999999999999988,10,134.0,134.0
7965.0,-0.5,10,124.0,124.0
7970.0,0.44999999999999996,7,106.0,106.0
7975.0,-0.26,12,147.0,147.0
7980.0,-0.26,4,103.0,103.0
7985.0,0.5000000000000001,6,65.0,65.0
7990.0,0.14,3,53.0,53.0
7995.0,0.44999999999999996,5,34.0,34.0
8000.0,-0.28,7,68.0,68.0
8005.0,-0.28,3,36.0,36.0
8010.0,0.18000000000000005,11,75.0,75.0
8015.0,-0.39,6,79.0,79.0
8020.0,0.08999999999999997,8,82.0,82.0
8025.0,-0.31999999999999995,6,84.0,84.0
8030.0,0.25,8,81.0,81.0
8035.0,-0.3999999999999999,8,121.0,121.0
8040.0,-0.3999999999999999,6,107.0,107.0
8045.0,0.08999999999999986,9,134.0,134.0
8050.0,-0.3999999999999999,8,140.0,140.0
8055.0,0.08999999999999986,6,142.0,142.0
8060.0,-0.30999999999999983,8,182.0,182.0
8065.0,-0.30999999999999983,5,138.0,138.0
8070.0,0.28,8,172.0,172.0
8075.0,-0.3400000000000001,6,76.0,76.0
8080.0,0.84,14,125.0,125.0
8085.0,-0.65,12,135.0,135.0
8090.0,0.20999999999999996,10,142.0,142.0
8095.0,-0.32999999999999985,10,175.0,175.0
8100.0,-0.32999999999999985,4,135.0,135.0
8105.0,0.45999999999999996,6,116.0,116.0
8110.0,-0.030000000000000027,2,78.0,78.0
8115.0,0.97,5,35.0,35.0
8120.0,-0.25,5,60.0,60.0
8125.0,-0.31000000000000005,8,96.0,96.0
8130.0,-0.31000000000000005,4,44.0,44.0
8135.0,0.37000000000000005,5,64.0,64.0
8140.0,-0.2,1,38.0,38.0
8145.0,0.52,0,2.0,2.0
8150.0,0.12,2,3.0,3.0
8155.0,-0.22,6,28.0,28.0
8160.0,-0.3400000000000001,9,65.0,65.0
8165.0,-0.3400000000000001,7,82.0,82.0
8170.0,-0.15999999999999992,8,102.0,102.0
8175.0,-0.3800000000000001,7,95.0,95.0
8180.0,0.29000000000000004,5,88.0,88.0
8185.0,-0.26,7,121.0,121.0
8190.0,-0.26,4,43.0,43.0
8195.0,0.6400000000000001,4,34.0,34.0
8200.0,0.08999999999999997,3,27.0,27.0
8205.0,0.22000000000000003,5,27.0,27.0
8210.0,-0.25,5,36.0,36.0
8215.0,-0.08000000000000002,4,48.0,48.0
8220.0,-0.19,4,68.0,68.0
8225.0,-0.19,5,12.0,12.0
8230.0,0.46,8,47.0,47.0
8235.0,-0.37000000000000005,7,69.0,69.0
8240.0,-0.19999999999999996,7,89.0,89.0
8245.0,-0.3700000000000001,9,130.0,130.0
8250.0,-0.3700000000000001,5,89.0,89.0
8255.0,0.2300000000000001,5,104.0,104.0
8260.0,-0.15000000000000002,4,92.0,92.0
8265.0,0.14,8,110.0,110.0
8270.0,-0.36,6,127.0,127.0
8275.0,-0.020000000000000018,6,134.0,134.0
8280.0,-0.30000000000000004,6,164.0,164.0
8285.0,-0.3699999999999999,9,204.0,204.0
8290.0,-0.3699999999999999,4,160.0,160.0
8295.0,0.31000000000000005,9,181.0,181.0
8300.0,-0.28,8,199.0,199.0
8305.0,-0.18999999999999995,8,227.0,227.0
8310.0,-0.4500000000000002,10,276.0,276.0
8315.0,-0.4500000000000002,6,98.0,98.0
8320.0,1.58,10,144.0,144.0
8325.0,-0.45999999999999996,7,130.0,130.0
8330.0,0.5299999999999999,9,116.0,116.0
8335.0,-0.45000000000000007,10,109.0,109.0
8340.0,0.45000000000000007,4,95.0,95.0
8345.0,0.010000000000000009,6,96.0,96.0
8350.0,0.010000000000000009,1,17.0,17.0
8355.0,0.72,1,7.0,7.0
8360.0,0.09,3,21.0,21.0
8365.0,-0.21,3,36.0,36.0
8370.0,-0.25000000000000006,9,73.0,73.0
8375.0,-0.25000000000000006,4,40.0,40.0
8380.0,0.15000000000000002,6,57.0,57.0
8385.0,-0.16999999999999993,2,45.0,45.0
8390.0,0.16999999999999993,4,52.0,52.0
8395.0,-0.19999999999999996,2,17.0,17.0
8400.0,0.32999999999999996,4,31.0,31.0
8405.0,-0.31999999999999995,10,69.0,69.0
8410.0,-0.31999999999999995,8,99.0,99.0
8415.0,-0.4800000000000001,9,141.0,141.0
8420.0,-0.42999999999999994,8,128.0,128.0
8425.0,0.5,4,79.0,79.0
8430.0,0.14,6,98.0,98.0
8435.0,-0.29999999999999993,6,128.0,128.0
8440.0,-0.29999999999999993,7,40.0,40.0
8445.0,0.7599999999999999,8,55.0,55.0
8450.0,-0.15000000000000002,6,70.0,70.0
8455.0,-0.13,8,92.0,92.0
8460.0,-0.4,7,89.0,89.0
8465.0,0.19000000000000006,6,95.0,95.0
8470.0,-0.2699999999999999,6,122.0,122.0
8475.0,-0.2699999999999999,5,84.0,84.0
8480.0,0.2699999999999999,7,115.0,115.0
8485.0,-0.32999999999999996,4,126.0,126.0
8490.0,-0.010000000000000009,8,139.0,139.0
8495.0,-0.3999999999999999,8,179.0,179.0
8500.0,-0.3999999999999999,6,160.0,160.0
8505.0,0.029999999999999805,6,190.0,190.0
8510.0,-0.2999999999999998,3,170.0,170.0
8515.0,0.2999999999999998,10,189.0,189.0
8520.0,-0.48999999999999977,8,73.0,73.0
8525.0,1.2599999999999998,9,92.0,92.0
8530.0,-0.5000000000000001,11,144.0,144.0
8535.0,-0.5000000000000001,8,130.0,130.0
8540.0,-0.04999999999999982,8,162.0,162.0
8545.0,-0.32000000000000006,6,158.0,158.0
8550.0,0.1499999999999999,8,170.0,170.0
8555.0,-0.4099999999999999,10,216.0,216.0
8560.0,-0.4099999999999999,3,66.0,66.0
8565.0,1.2999999999999998,6,46.0,46.0
8570.0,0.2,4,41.0,41.0
8575.0,0.10000000000000003,4,48.0,48.0
8580.0,-0.20000000000000007,2,25.0,25.0
8585.0,0.39,7,24.0,24.0
8590.0,-0.38,8,63.0,63.0
8595.0,-0.38,8,70.0,70.0
8600.0,-0.13,8,100.0,100.0
8605.0,-0.4,7,102.0,102.0
8610.0,0.1100000000000001,6,102.0,102.0
8615.0,-0.22999999999999998,6,132.0,132.0
8620.0,-0.22999999999999998,4,81.0,81.0
8625.0,0.3899999999999999,7,111.0,111.0
8630.0,-0.30000000000000004,5,126.0,126.0
8635.0,-0.09999999999999987,8,142.0,142.0
8640.0,-0.3700000000000001,6,151.0,151.0
8645.0,-0.030000000000000027,6,167.0,167.0
8650.0,-0.2999999999999998,6,197.0,197.0
8655.0,-0.2999999999999998,7,153.0,153.0
8660.0,0.2899999999999998,10,202.0,202.0
8665.0,-0.5,6,83.0,83.0
8670.0,1.21,10,111.0,111.0
8675.0,-0.4999999999999999,12,163.0,163.0
8680.0,-0.4999999999999999,8,146.0,146.0
8685.0,-0.050000000000000044,8,180.0,180.0
8690.0,-0.3400000000000001,6,170.0,170.0
8695.0,0.20999999999999996,10,184.0,184.0
8700.0,-0.44999999999999996,8,141.0,141.0
8705.0,1.35,4,73.0,73.0
8710.0,0.19999999999999996,6,55.0,55.0
8715.0,0.19999999999999996,4,28.0,28.0
8720.0,0.16999999999999998,4,48.0,48.0
8725.0,-0.2,2,23.0,23.0
8730.0,0.43000000000000005,7,21.0,21.0
8735.0,-0.35,8,60.0,60.0
8740.0,-0.35,8,61.0,61.0
8745.0,-0.16999999999999998,8,101.0,101.0
8750.0,-0.4,8,124.0,124.0
8755.0,-0.3899999999999999,8,164.0,164.0
8760.0,-0.43000000000000016,8,149.0,149.0
8765.0,0.56,8,135.0,135.0
8770.0,0.040000000000000036,8,131.0,131.0
8775.0,0.040000000000000036,6,129.0,129.0
8780.0,-0.1200000000000001,8,164.0,164.0
8785.0,-0.3699999999999999,5,157.0,157.0
8790.0,0.24,6,159.0,159.0
8795.0,-0.29000000000000004,6,189.0,189.0
8800.0,-0.29000000000000004,8,160.0,160.0
8805.0,0.16999999999999993,10,210.0,210.0
8810.0,-0.5,7,90.0,90.0
8815.0,1.21,9,116.0,116.0
8820.0,-0.45000000000000007,9,118.0,118.0
8825.0,0.22999999999999998,9,120.0,120.0
8830.0,-0.47,10,168.0,168.0
8835.0,-0.47,7,100.0,100.0
8840.0,0.5,10,117.0,117.0
8845.0,-0.19999999999999996,7,109.0,109.0
8850.0,0.42000000000000004,6,73.0,73.0
8855.0,0.010000000000000009,6,97.0,97.0
8860.0,0.010000000000000009,5,40.0,40.0
8865.0,0.44999999999999996,7,74.0,74.0
8870.0,-0.33999999999999997,6,85.0,85.0
8875.0,-0.21999999999999997,12,131.0,131.0
8880.0,-0.5900000000000001,10,124.0,124.0
8885.0,0.44999999999999996,7,117.0,117.0
8890.0,-0.07999999999999985,7,125.0,125.0
8895.0,-0.07999999999999985,6,94.0,94.0
8900.0,0.3799999999999999,7,108.0,108.0
8905.0,-0.34999999999999987,5,110.0,110.0
8910.0,0.020000000000000018,8,125.0,125.0
8915.0,-0.3900000000000001,9,170.0,170.0
8920.0,-0.3900000000000001,5,137.0,137.0
8925.0,0.1499999999999999,7,167.0,167.0
8930.0,-0.2999999999999998,5,157.0,157.0
8935.0,0.19999999999999996,7,168.0,168.0
8940.0,-0.3500000000000001,5,167.0,167.0
8945.0,0.1200000000000001,8,178.0,178.0
8950.0,-0.4800000000000002,10,228.0,228.0
8955.0,-0.5299999999999998,12,283.0,283.0
8960.0,-0.6000000000000001,12,343.0,343.0
8965.0,-0.6000000000000001,7,327.0,327.0
8970.0,0.16999999999999993,7,332.0,332.0
8975.0,-0.25,9,370.0,370.0
8980.0,-0.3999999999999999,8,345.0,345.0
8985.0,0.8500000000000001,7,303.0,303.0
8990.0,-0.27,9,338.0,338.0
8995.0,-0.27,5,316.0,316.0
9000.0,0.04999999999999982,5,341.0,341.0
9005.0,-0.25,4,339.0,339.0
9010.0,-0.029999999999999805,5,359.0,359.0
9015.0,-0.25,10,392.0,392.0
9020.0,-0.4600000000000004,11,155.0,155.0
9025.0,3.1300000000000003,8,102.0,102.0
9030.0,-0.44999999999999996,12,159.0,159.0
9035.0,-0.44999999999999996,6,114.0,114.0
9040.0,0.27,8,134.0,134.0
9045.0,-0.21999999999999997,4,133.0,133.0
9050.0,0.040000000000000036,8,152.0,152.0
9055.0,-0.41000000000000014,10,199.0,199.0
9060.0,-0.41000000000000014,4,65.0,65.0
9065.0,1.1400000000000001,6,64.0,64.0
9070.0,0.010000000000000009,2,49.0,49.0
9075.0,0.34,4,32.0,32.0
9080.0,-0.10000000000000003,2,14.0,14.0
9085.0,0.4,1,1.0,1.0
9090.0,-0.18,8,26.0,26.0
9095.0,-0.18,6,48.0,48.0
9100.0,-0.36000000000000004,8,85.0,85.0
9105.0,-0.4099999999999999,6,92.0,92.0
9110.0,0.10999999999999999,9,101.0,101.0
9115.0,-0.4700000000000001,10,151.0,151.0
9120.0,-0.4700000000000001,4,87.0,87.0
9125.0,0.44000000000000006,10,100.0,100.0
9130.0,-0.13,5,85.0,85.0
9135.0,0.42000000000000004,5,58.0,58.0
9140.0,-0.10000000000000009,4,47.0,47.0
9145.0,0.44000000000000006,4,28.0,28.0
9150.0,-0.27,7,58.0,58.0
9155.0,-0.27,2,39.0,39.0
9160.0,0.22999999999999998,8,44.0,44.0
9165.0,-0.25,6,49.0,49.0
9170.0,-0.010000000000000009,7,68.0,68.0
9175.0,-0.38,8,108.0,108.0
9180.0,-0.38,5,68.0,68.0
9185.0,0.24,8,107.0,107.0
9190.0,-0.39,4,101.0,101.0
9195.0,0.17000000000000004,6,106.0,106.0
9200.0,-0.31999999999999995,8,69.0,69.0
9205.0,0.18999999999999995,10,113.0,113.0
9210.0,-0.54,12,169.0,169.0
9215.0,-0.54,7,135.0,135.0
9220.0,0.3400000000000001,9,138.0,138.0
9225.0,-0.24,5,122.0,122.0
9230.0,0.65,8,96.0,96.0
9235.0,-0.4600000000000001,11,150.0,150.0
9240.0,-0.4600000000000001,4,78.0,78.0
9245.0,0.5,6,68.0,68.0
9250.0,0.09999999999999998,3,55.0,55.0
9255.0,0.18000000000000005,5,65.0,65.0
9260.0,-0.25,3,70.0,70.0
9265.0,0.06999999999999995,3,71.0,71.0
9270.0,-0.2699999999999999,8,103.0,103.0
9275.0,-0.2699999999999999,4,112.0,112.0
9280.0,-0.16000000000000014,6,132.0,132.0
9285.0,-0.2699999999999998,4,129.0,129.0
9290.0,0.09999999999999987,5,137.0,137.0
9295.0,-0.25,6,165.0,165.0
9300.0,-0.25,2,140.0,140.0
9305.0,0.13000000000000012,10,176.0,176.0
9310.0,-0.3600000000000001,6,62.0,62.0
9315.0,1.17,9,84.0,84.0
9320.0,-0.43000000000000005,10,130.0,130.0
9325.0,-0.48,11,137.0,137.0
9330.0,0.16999999999999993,10,143.0,143.0
9335.0,-0.5499999999999998,12,200.0,200.0
9340.0,-0.5499999999999998,7,137.0,137.0
9345.0,0.42999999999999994,11,158.0,158.0
9350.0,-0.24,8,139.0,139.0
9355.0,0.69,4,71.0,71.0
9360.0,0.37,4,71.0,71.0
9365.0,-0.24,6,99.0,99.0
9370.0,-0.24,3,40.0,40.0
9375.0,0.47,7,60.0,60.0
9380.0,-0.19999999999999996,4,50.0,50.0
9385.0,0.24,5,43.0,43.0
9390.0,-0.19000000000000006,4,42.0,42.0
9395.0,0.16000000000000003,2,41.0,41.0
9400.0,-0.13,4,56.0,56.0
9405.0,-0.13,3,62.0,62.0
9410.0,-0.13,4,81.0,81.0
9415.0,-0.21999999999999997,7,36.0,36.0
9420.0,0.28,8,75.0,75.0
9425.0,-0.44000000000000006,10,123.0,123.0
9430.0,-0.44000000000000006,6,96.0,96.0
9435.0,0.07000000000000006,8,126.0,126.0
9440.0,-0.30000000000000004,4,124.0,124.0
9445.0,0.030000000000000027,5,136.0,136.0
9450.0,-0.28,12,186.0,186.0
9455.0,-0.5900000000000001,10,156.0,156.0
9460.0,1.09,8,109.0,109.0
9465.0,0.010000000000000009,9,109.0,109.0
9470.0,0.010000000000000009,4,80.0,80.0
9475.0,0.15000000000000002,6,102.0,102.0
9480.0,-0.2300000000000001,3,87.0,87.0
9485.0,0.2400000000000001,7,97.0,97.0
9490.0,-0.37,9,139.0,139.0
9495.0,-0.37,7,135.0,135.0
9500.0,-0.14000000000000012,9,177.0,177.0
9505.0,-0.41999999999999993,4,173.0,173.0
9510.0,0.16999999999999993,6,170.0,170.0
9515.0,-0.21999999999999997,6,200.0,200.0
9520.0,-0.3400000000000001,12,250.0,250.0
9525.0,-0.5800000000000001,12,251.0,251.0
9530.0,0.25,10,238.0,238.0
9535.0,-0.2899999999999996,10,288.0,288.0
9540.0,-0.2899999999999996,6,123.0,123.0
9545.0,1.6899999999999997,10,145.0,145.0
9550.0,-0.45999999999999996,6,132.0,132.0
9555.0,0.54,10,120.0,120.0
9560.0,-0.51,12,176.0,176.0
9565.0,-0.51,5,104.0,104.0
9570.0,0.48,6,98.0,98.0
9575.0,0.06000000000000005,0,58.0,58.0
9580.0,0.79,0,0.0,0.0
9585.0,0.15,2,10.0,10.0
9590.0,-0.13999999999999999,3,21.0,21.0
9595.0,-0.38000000000000006,9,65.0,65.0
9600.0,-0.38000000000000006,7,56.0,56.0
9605.0,-0.06999999999999995,8,93.0,93.0
9610.0,-0.38,5,92.0,92.0
9615.0,0.24,8,93.0,93.0
9620.0,-0.3999999999999999,8,133.0,133.0
9625.0,-0.3999999999999999,4,54.0,54.0
9630.0,0.6299999999999999,8,65.0,65.0
9635.0,-0.10999999999999999,4,59.0,59.0
9640.0,0.2,6,53.0,53.0
9645.0,-0.2,4,46.0,46.0
9650.0,0.43000000000000005,2,24.0,24.0
9655.0,-0.23,6,51.0,51.0
9660.0,-0.23,2,17.0,17.0
9665.0,0.25,9,47.0,47.0
9670.0,-0.36000000000000004,6,75.0,75.0
9675.0,-0.2799999999999999,9,102.0,102.0
9680.0,-0.4800000000000001,10,152.0,152.0
9685.0,-0.4800000000000001,5,86.0,86.0
9690.0,0.4600000000000001,6,93.0,93.0
9695.0,-0.07000000000000006,3,79.0,79.0
9700.0,0.21000000000000008,6,88.0,88.0
9705.0,-0.32000000000000006,8,117.0,117.0
9710.0,-0.27,6,137.0,137.0
9715.0,-0.4099999999999999,10,182.0,182.0
9720.0,-0.4099999999999999,4,157.0,157.0
9725.0,0.24,6,160.0,160.0
9730.0,-0.17999999999999994,2,149.0,149.0
9735.0,0.27,6,150.0,150.0
9740.0,-0.3600000000000001,10,195.0,195.0
9745.0,-0.3600000000000001,7,210.0,210.0
9750.0,-0.3500000000000001,10,258.0,258.0
9755.0,-0.48,8,128.0,128.0
9760.0,1.55,10,129.0,129.0
9765.0,-0.45999999999999996,9,119.0,119.0
9770.0,0.49,6,106.0,106.0
9775.0,-0.06000000000000005,10,116.0,116.0
9780.0,-0.06000000000000005,6,94.0,94.0
9785.0,0.42000000000000004,6,68.0,68.0
9790.0,-0.12,4,69.0,69.0
9795.0,0.28,5,57.0,57.0
9800.0,-0.31000000000000005,8,95.0,95.0
9805.0,-0.31000000000000005,2,33.0,33.0
9810.0,0.46,9,47.0,47.0
9815.0,-0.13999999999999996,6,52.0,52.0
9820.0,-0.06000000000000005,8,75.0,75.0
9825.0,-0.38,7,81.0,81.0
9830.0,0.21000000000000008,5,75.0,75.0
9835.0,-0.3700000000000001,8,115.0,115.0
9840.0,-0.3700000000000001,4,89.0,89.0
9845.0,0.1200000000000001,10,125.0,125.0
9850.0,-0.40000000000000013,6,155.0,155.0
9855.0,-0.2899999999999998,8,180.0,180.0
9860.0,-0.40000000000000013,9,221.0,221.0
9865.0,-0.40000000000000013,4,146.0,146.0
9870.0,0.5800000000000001,6,150.0,150.0
9875.0,-0.040000000000000036,2,145.0,145.0
9880.0,0.10000000000000009,8,158.0,158.0
9885.0,-0.3800000000000001,8,53.0,53.0
9890.0,1.1400000000000001,9,73.0,73.0
9895.0,-0.45000000000000007,10,119.0,119.0
9900.0,-0.45000000000000007,7,87.0,87.0
9905.0,0.14000000000000012,10,133.0,133.0
9910.0,-0.48,7,120.0,120.0
9915.0,0.47,8,95.0,95.0
9920.0,-0.28,12,148.0,148.0
9925.0,-0.28,4,78.0,78.0
9930.0,0.45999999999999996,6,71.0,71.0
9935.0,0.07000000000000006,2,54.0,54.0
9940.0,0.43999999999999995,5,41.0,41.0
9945.0,-0.25,4,30.0,30.0
9950.0,0.33,2,21.0,21.0
9955.0,-0.31,10,60.0,60.0
9960.0,-0.31,7,83.0,83.0
9965.0,-0.36,10,126.0,126.0
9970.0,-0.5000000000000001,7,114.0,114.0
9975.0,0.4600000000000001,6,80.0,80.0
9980.0,-0.05999999999999994,6,108.0,108.0
9985.0,-0.05999999999999994,3,69.0,69.0
9990.0,0.27,6,93.0,93.0
9995.0,-0.2400000000000001,7,49.0,49.0
10000.0,0.30000000000000004,9,88.0,88.0
10005.0,-0.4600000000000001,9,106.0,106.0
10010.0,-0.039999999999999813,6,119.0,119.0
10015.0,-0.32000000000000006,8,153.0,153.0
10020.0,-0.32000000000000006,4,136.0,136.0
10025.0,0.11999999999999988,11,165.0,165.0
10030.0,-0.43999999999999995,8,136.0,136.0
10035.0,1.05,6,67.0,67.0
10040.0,-0.050000000000000044,8,93.0,93.0
10045.0,-0.050000000000000044,5,67.0,67.0
10050.0,0.09999999999999998,6,95.0,95.0
10055.0,-0.2799999999999999,3,84.0,84.0
10060.0,0.20999999999999996,6,89.0,89.0
10065.0,-0.30000000000000004,7,116.0,116.0
10070.0,-0.27,6,137.0,137.0
10075.0,-0.4099999999999999,10,182.0,182.0
10080.0,-0.4099999999999999,4,146.0,146.0
10085.0,0.20999999999999996,6,162.0,162.0
10090.0,-0.16999999999999993,2,150.0,150.0
10095.0,0.27,6,150.0,150.0
10100.0,-0.3800000000000001,10,199.0,199.0
10105.0,-0.3800000000000001,7,66.0,66.0
10110.0,1.13,10,112.0,112.0
10115.0,-0.4600000000000001,7,116.0,116.0
10120.0,0.16000000000000014,10,125.0,125.0
10125.0,-0.49,10,116.0,116.0
10130.0,0.45999999999999996,6,105.0,105.0
10135.0,-0.1200000000000001,10,121.0,121.0
10140.0,-0.1200000000000001,5,59.0,59.0
10145.0,0.4700000000000001,6,67.0,67.0
10150.0,-0.09999999999999998,3,60.0,60.0
10155.0,0.38,5,45.0,45.0
10160.0,-0.29000000000000004,7,79.0,79.0
10165.0,-0.29000000000000004,2,30.0,30.0
10170.0,0.35000000000000003,10,59.0,59.0
10175.0,-0.29,9,93.0,93.0
10180.0,-0.5200000000000001,12,145.0,145.0
10185.0,-0.5799999999999998,10,143.0,143.0
10190.0,0.3699999999999999,8,140.0,140.0
10195.0,-0.20999999999999996,8,161.0,161.0
10200.0,-0.20999999999999996,6,78.0,78.0
10205.0,0.6900000000000001,8,116.0,116.0
10210.0,-0.41000000000000003,6,95.0,95.0
10215.0,0.65,4,40.0,40.0
10220.0,0.16999999999999998,4,51.0,51.0
10225.0,0.16999999999999998,0,0.0,0.0
10230.0,0.43,2,4.0,4.0
10235.0,-0.04,2,14.0,14.0
10240.0,-0.13999999999999999,8,35.0,35.0
10245.0,-0.36000000000000004,8,69.0,69.0
10250.0,-0.31999999999999995,8,94.0,94.0
10255.0,-0.4800000000000001,10,144.0,144.0
10260.0,-0.4800000000000001,4,90.0,90.0
10265.0,0.40000000000000013,6,89.0,89.0
10270.0,-0.010000000000000009,3,56.0,56.0
10275.0,0.72,2,10.0,10.0
10280.0,0.0,8,39.0,39.0
10285.0,0.0,8,79.0,79.0
10290.0,-0.56,12,132.0,132.0
10295.0,-0.53,6,136.0,136.0
10300.0,0.14000000000000012,8,128.0,128.0
10305.0,-0.26,8,168.0,168.0
10310.0,-0.40000000000000013,10,145.0,145.0
10315.0,0.6600000000000001,10,128.0,128.0
10320.0,-0.42000000000000015,11,171.0,171.0
10325.0,-0.42000000000000015,6,100.0,100.0
10330.0,0.54,6,95.0,95.0
10335.0,0.050000000000000044,4,85.0,85.0
10340.0,0.32999999999999996,4,69.0,69.0
10345.0,-0.13,6,91.0,91.0
10350.0,-0.13,6,97.0,97.0
10355.0,-0.15999999999999992,8,132.0,132.0
10360.0,-0.3500000000000001,8,172.0,172.0
10365.0,-0.3999999999999999,6,189.0,189.0
10370.0,-0.27,7,219.0,219.0
10375.0,-0.3400000000000001,6,196.0,196.0
10380.0,0.77,4,160.0,160.0
10385.0,-0.33999999999999986,10,200.0,200.0
10390.0,-0.33999999999999986,6,72.0,72.0
10395.0,1.1199999999999999,10,116.0,116.0
10400.0,-0.48,6,104.0,104.0
10405.0,0.43000000000000005,6,77.0,77.0
10410.0,-0.12,6,107.0,107.0
10415.0,-0.12,0,24.0,24.0
10420.0,0.71,5,8.0,8.0
10425.0,0.15999999999999998,8,39.0,39.0
10430.0,-0.47000000000000003,10,83.0,83.0
10435.0,-0.48,9,100.0,100.0
10440.0,0.010000000000000009,8,110.0,110.0
10445.0,-0.45999999999999996,11,159.0,159.0
10450.0,-0.45999999999999996,6,109.0,109.0
10455.0,0.33000000000000007,12,137.0,137.0
10460.0,-0.3500000000000001,14,206.0,206.0
10465.0,-0.7000000000000002,12,195.0,195.0
10470.0,0.5700000000000003,8,137.0,137.0
10475.0,0.2699999999999998,9,153.0,153.0
10480.0,0.2699999999999998,10,109.0,109.0
10485.0,0.27,11,160.0,160.0
10490.0,-0.51,9,184.0,184.0
10495.0,-0.20999999999999996,11,204.0,204.0
10500.0,-0.44999999999999973,10,192.0,192.0
10505.0,0.5299999999999998,5,178.0,178.0
10510.0,0.0,7,180.0,180.0
10515.0,0.0,6,165.0,165.0
10520.0,0.20999999999999996,8,180.0,180.0
10525.0,-0.3599999999999999,7,78.0,78.0
10530.0,0.7799999999999998,13,135.0,135.0
10535.0,-0.6699999999999999,14,205.0,205.0
10540.0,-0.6699999999999999,10,165.0,165.0
10545.0,0.1200000000000001,10,188.0,188.0
10550.0,-0.22999999999999998,6,164.0,164.0
10555.0,0.5599999999999998,4,117.0,117.0
10560.0,0.09000000000000008,4,69.0,69.0
10565.0,1.08,3,18.0,18.0
10570.0,-0.22,6,43.0,43.0
10575.0,-0.22,4,28.0,28.0
10580.0,0.04999999999999999,4,48.0,48.0
10585.0,-0.2,1,23.0,23.0
10590.0,0.49,2,5.0,5.0
10595.0,-0.08,2,15.0,15.0
10600.0,-0.08,8,39.0,39.0
10605.0,-0.28,10,89.0,89.0
10610.0,-0.5,9,114.0,114.0
10615.0,-0.2799999999999999,10,147.0,147.0
10620.0,-0.5,10,137.0,137.0
10625.0,0.43999999999999995,6,103.0,103.0
10630.0,0.050000000000000044,6,124.0,124.0
10635.0,0.050000000000000044,2,34.0,34.0
10640.0,0.8099999999999999,5,26.0,26.0
10645.0,0.04999999999999999,3,37.0,37.0
10650.0,-0.020000000000000018,6,45.0,45.0
10655.0,-0.3,7,78.0,78.0
10660.0,-0.3,4,36.0,36.0
10665.0,0.28,4,51.0,51.0
10670.0,-0.15000000000000002,0,21.0,21.0
10675.0,0.44,8,26.0,26.0
10680.0,-0.35,8,52.0,52.0
10685.0,-0.22000000000000003,7,71.0,71.0
10690.0,-0.35,8,107.0,107.0
10695.0,-0.35,5,72.0,72.0
10700.0,0.21999999999999997,5,90.0,90.0
10705.0,-0.17999999999999994,3,82.0,82.0
10710.0,0.1499999999999999,6,91.0,91.0
10715.0,-0.33999999999999986,8,130.0,130.0
10720.0,-0.33999999999999986,5,122.0,122.0
10725.0,-0.08000000000000007,7,153.0,153.0
10730.0,-0.31000000000000005,6,175.0,175.0
10735.0,-0.3400000000000001,8,210.0,210.0
10740.0,-0.3899999999999997,6,110.0,110.0
10745.0,0.7699999999999998,14,163.0,163.0
10750.0,-0.7,14,233.0,233.0
10755.0,-0.7,10,185.0,185.0
10760.0,0.55,8,144.0,144.0
10765.0,0.26,6,119.0,119.0
10770.0,0.20999999999999996,7,130.0,130.0
10775.0,-0.3600000000000001,9,171.0,171.0
10780.0,-0.3600000000000001,6,71.0,71.0
10785.0,0.8200000000000001,9,109.0,109.0
10790.0,-0.3800000000000001,4,93.0,93.0
10795.0,0.4600000000000001,4,52.0,52.0
10800.0,0.10999999999999999,2,20.0,20.0
10805.0,0.5,1,3.0,3.0
10810.0,-0.06999999999999999,2,11.0,11.0
10815.0,-0.06999999999999999,9,33.0,33.0
10820.0,-0.32999999999999996,10,82.0,82.0
10825.0,-0.5,7,108.0,108.0
10830.0,-0.2599999999999999,10,138.0,138.0
10835.0,-0.5,12,192.0,192.0
10840.0,-0.5,6,125.0,125.0
10845.0,0.42999999999999994,6,119.0,119.0
10850.0,0.06000000000000005,3,76.0,76.0
10855.0,0.82,4,24.0,24.0
10860.0,0.07,4,26.0,26.0
10865.0,0.09,5,26.0,26.0
10870.0,-0.29000000000000004,6,56.0,56.0
10875.0,-0.29000000000000004,3,28.0,28.0
10880.0,0.19,4,47.0,47.0
10885.0,-0.2,0,18.0,18.0
10890.0,0.42000000000000004,8,24.0,24.0
10895.0,-0.39,8,64.0,64.0
10900.0,-0.39,8,59.0,59.0
10905.0,-0.10999999999999999,8,99.0,99.0
10910.0,-0.4,4,98.0,98.0
10915.0,0.10999999999999999,6,100.0,100.0
10920.0,-0.2400000000000001,5,88.0,88.0
10925.0,0.27000000000000013,6,91.0,91.0
10930.0,-0.2899999999999999,8,122.0,122.0
10935.0,-0.2899999999999999,6,112.0,112.0
10940.0,-0.040000000000000036,8,149.0,149.0
10945.0,-0.3900000000000001,4,154.0,154.0
10950.0,0.06000000000000005,5,161.0,161.0
10955.0,-0.28,6,191.0,191.0
10960.0,-0.28,7,162.0,162.0
10965.0,0.16999999999999993,10,209.0,209.0
10970.0,-0.46999999999999975,9,97.0,97.0
10975.0,1.1799999999999997,10,121.0,121.0
10980.0,-0.5099999999999999,10,138.0,138.0
10985.0,0.040000000000000036,8,146.0,146.0
10990.0,-0.31000000000000005,8,177.0,177.0
10995.0,-0.31000000000000005,7,159.0,159.0
11000.0,0.11999999999999988,8,188.0,188.0
11005.0,-0.3899999999999999,6,140.0,140.0
11010.0,1.35,5,45.0,45.0
11015.0,0.20999999999999996,6,52.0,52.0
11020.0,0.20999999999999996,4,30.0,30.0
11025.0,0.10000000000000003,4,50.0,50.0
11030.0,-0.2,1,26.0,26.0
11035.0,0.37,8,33.0,33.0
11040.0,-0.36,7,55.0,55.0
11045.0,-0.13,8,70.0,70.0
11050.0,-0.4,9,111.0,111.0
11055.0,-0.4,6,93.0,93.0
11060.0,0.12,6,107.0,107.0
11065.0,-0.22999999999999987,4,94.0,94.0
11070.0,0.2899999999999999,6,95.0,95.0
11075.0,-0.30999999999999994,8,131.0,131.0
11080.0,-0.30999999999999994,5,118.0,118.0
11085.0,-0.030000000000000027,7,150.0,150.0
11090.0,-0.32000000000000006,6,174.0,174.0
11095.0,-0.3600000000000001,8,209.0,209.0
11100.0,-0.3899999999999999,6,108.0,108.0
11105.0,0.74,14,165.0,165.0
11110.0,-0.7,14,235.0,235.0
11115.0,-0.7,9,153.0,153.0
11120.0,0.5999999999999999,8,129.0,129.0
11125.0,0.24,6,118.0,118.0
11130.0,0.19000000000000017,7,131.0,131.0
11135.0,-0.3400000000000001,9,170.0,170.0
11140.0,-0.3400000000000001,6,64.0,64.0
11145.0,0.88,8,97.0,97.0
11150.0,-0.32999999999999996,10,139.0,139.0
11155.0,-0.6200000000000001,12,194.0,194.0
11160.0,-0.5900000000000001,10,181.0,181.0
11165.0,0.7100000000000002,5,152.0,152.0
11170.0,0.49,5,103.0,103.0
11175.0,0.49,7,40.0,40.0
11180.0,0.51,10,70.0,70.0
11185.0,-0.33000000000000007,9,102.0,102.0
11190.0,-0.34999999999999987,9,133.0,133.0
11195.0,-0.4500000000000002,11,181.0,181.0
11200.0,-0.4500000000000002,4,118.0,118.0
11205.0,0.42000000000000015,5,98.0,98.0
11210.0,0.19999999999999996,5,52.0,52.0
11215.0,0.32999999999999996,10,93.0,93.0
11220.0,-0.5099999999999999,10,96.0,96.0
11225.0,0.23999999999999988,7,99.0,99.0
11230.0,-0.30999999999999994,9,132.0,132.0
11235.0,-0.30999999999999994,4,116.0,116.0
11240.0,0.17999999999999994,6,121.0,121.0
11245.0,-0.21999999999999997,4,84.0,84.0
11250.0,0.92,7,47.0,47.0
11255.0,-0.35,8,86.0,86.0
11260.0,-0.35,6,54.0,54.0
11265.0,0.15999999999999992,6,84.0,84.0
11270.0,-0.29999999999999993,2,72.0,72.0
11275.0,0.2799999999999999,3,61.0,61.0
11280.0,-0.10999999999999999,3,76.0,76.0
11285.0,-0.24,5,96.0,96.0
11290.0,-0.2599999999999999,7,124.0,124.0
11295.0,-0.2599999999999999,4,109.0,109.0
11300.0,0.040000000000000036,6,133.0,133.0
11305.0,-0.26,2,128.0,128.0
11310.0,0.16999999999999993,2,126.0,126.0
11315.0,-0.10000000000000009,2,136.0,136.0
11320.0,-0.1499999999999999,9,162.0,162.0
11325.0,-0.1499999999999999,6,41.0,41.0
11330.0,1.06,9,76.0,76.0
11335.0,-0.35000000000000003,6,88.0,88.0
11340.0,-0.17999999999999994,7,115.0,115.0
11345.0,-0.3700000000000001,6,99.0,99.0
11350.0,0.67,6,70.0,70.0
11355.0,-0.30999999999999994,7,102.0,102.0
11360.0,-0.30999999999999994,10,146.0,146.0
11365.0,-0.6100000000000001,10,196.0,196.0
11370.0,-0.5,14,259.0,259.0
11375.0,-0.6699999999999999,10,233.0,233.0
11380.0,0.9099999999999999,6,141.0,141.0
11385.0,0.5900000000000001,6,125.0,125.0
11390.0,0.5900000000000001,7,42.0,42.0
11395.0,0.81,11,72.0,72.0
11400.0,-0.3,6,85.0,85.0
11405.0,-0.08000000000000007,8,94.0,94.0
11410.0,-0.30000000000000004,6,92.0,92.0
11415.0,0.32000000000000006,7,85.0,85.0
11420.0,-0.3699999999999999,8,123.0,123.0
11425.0,-0.3699999999999999,7,99.0,99.0
11430.0,0.07999999999999985,10,146.0,146.0
11435.0,-0.5,8,161.0,161.0
11440.0,-0.030000000000000027,7,165.0,165.0
11445.0,-0.2899999999999998,8,205.0,205.0
11450.0,-0.2899999999999998,6,221.0,221.0
11455.0,-0.32000000000000006,8,256.0,256.0
11460.0,-0.3500000000000001,7,154.0,154.0
11465.0,0.8600000000000001,14,208.0,208.0
11470.0,-0.6599999999999999,12,187.0,187.0
11475.0,1.0199999999999998,9,143.0,143.0
11480.0,-0.09999999999999987,10,154.0,154.0
11485.0,-0.09999999999999987,5,98.0,98.0
11490.0,0.3999999999999999,6,100.0,100.0
11495.0,-0.020000000000000018,3,62.0,62.0
11500.0,0.78,4,13.0,13.0
11505.0,-0.009999999999999953,8,44.0,44.0
11510.0,-0.009999999999999953,4,44.0,44.0
11515.0,-0.15000000000000002,8,75.0,75.0
11520.0,-0.31,2,59.0,59.0
11525.0,0.41,4,34.0,34.0
11530.0,-0.07999999999999996,2,17.0,17.0
11535.0,0.41,3,4.0,4.0
11540.0,-0.3,8,39.0,39.0
11545.0,-0.3,5,49.0,49.0
11550.0,-0.18,8,80.0,80.0
11555.0,-0.39,5,79.0,79.0
11560.0,0.12,6,85.0,85.0
11565.0,-0.27,6,115.0,115.0
11570.0,-0.27,8,148.0,148.0
11575.0,-0.44999999999999996,9,189.0,189.0
11580.0,-0.4099999999999999,4,163.0,163.0
11585.0,0.5699999999999998,4,123.0,123.0
11590.0,-0.030000000000000027,4,122.0,122.0
11595.0,0.15000000000000013,3,123.0,123.0
11600.0,-0.18999999999999995,4,143.0,143.0
11605.0,-0.18999999999999995,2,142.0,142.0
11610.0,-0.06000000000000005,10,179.0,179.0
11615.0,-0.43999999999999995,6,65.0,65.0
11620.0,1.18,10,91.0,91.0
11625.0,-0.5,10,141.0,141.0
11630.0,-0.5,8,106.0,106.0
11635.0,0.1499999999999999,10,156.0,156.0
11640.0,-0.5,6,143.0,143.0
11645.0,0.41000000000000014,10,117.0,117.0
11650.0,-0.15000000000000013,8,94.0,94.0
11655.0,0.52,5,72.0,72.0
11660.0,-0.07999999999999996,7,93.0,93.0
11665.0,-0.07999999999999996,3,53.0,53.0
11670.0,0.49,7,59.0,59.0
11675.0,-0.29000000000000004,3,47.0,47.0
11680.0,0.33,8,41.0,41.0
11685.0,-0.37999999999999995,10,91.0,91.0
11690.0,-0.37999999999999995,9,100.0,100.0
11695.0,-0.29000000000000004,10,149.0,149.0
11700.0,-0.49,7,130.0,130.0
11705.0,0.45999999999999996,6,101.0,101.0
11710.0,-0.09000000000000008,6,92.0,92.0
11715.0,0.30000000000000016,5,87.0,87.0
11720.0,-0.31999999999999995,8,122.0,122.0
11725.0,-0.31999999999999995,5,119.0,119.0
11730.0,-0.1100000000000001,8,152.0,152.0
11735.0,-0.3500000000000001,4,147.0,147.0
11740.0,0.20000000000000018,4,148.0,148.0
11745.0,-0.22999999999999998,6,175.0,175.0
11750.0,-0.22999999999999998,5,149.0,149.0
11755.0,0.1399999999999999,10,195.0,195.0
11760.0,-0.45999999999999996,6,76.0,76.0
11765.0,1.23,10,101.0,101.0
11770.0,-0.49,8,111.0,111.0
11775.0,0.1499999999999999,9,115.0,115.0
11780.0,-0.49,10,165.0,165.0
11785.0,-0.49,7,99.0,99.0
11790.0,0.49,10,122.0,122.0
11795.0,-0.26,8,110.0,110.0
11800.0,0.54,6,63.0,63.0
11805.0,0.040000000000000036,6,86.0,86.0
11810.0,0.040000000000000036,4,28.0,28.0
11815.0,0.45999999999999996,7,58.0,58.0
11820.0,-0.29999999999999993,3,46.0,46.0
11825.0,0.18999999999999995,11,67.0,67.0
11830.0,-0.5,9,81.0,81.0
11835.0,0.06000000000000005,8,91.0,91.0
11840.0,-0.31999999999999995,8,123.0,123.0
11845.0,-0.31999999999999995,5,73.0,73.0
11850.0,0.3599999999999999,7,107.0,107.0
11855.0,-0.34999999999999987,4,97.0,97.0
11860.0,0.17999999999999994,7,109.0,109.0
11865.0,-0.3900000000000001,11,155.0,155.0
11870.0,-0.3900000000000001,8,169.0,169.0
11875.0,-0.33999999999999986,11,218.0,218.0
11880.0,-0.4900000000000002,5,205.0,205.0
11885.0,0.43000000000000016,6,171.0,171.0
11890.0,-0.010000000000000009,4,152.0,152.0
11895.0,0.21999999999999997,8,162.0,162.0
11900.0,-0.52,11,217.0,217.0
11905.0,-0.52,10,94.0,94.0
11910.0,1.09,11,141.0,141.0
11915.0,-0.55,9,152.0,152.0
11920.0,0.09000000000000008,11,165.0,165.0
11925.0,-0.55,12,222.0,222.0
11930.0,-0.55,6,142.0,142.0
11935.0,0.56,10,131.0,131.0
11940.0,0.10999999999999988,6,102.0,102.0
11945.0,0.5900000000000001,6,72.0,72.0
11950.0,-0.13,6,67.0,67.0
11955.0,0.38,6,53.0,53.0
11960.0,-0.36,8,91.0,91.0
11965.0,-0.36,4,39.0,39.0
11970.0,0.36999999999999994,10,69.0,69.0
11975.0,-0.33,6,97.0,97.0
11980.0,-0.27,10,126.0,126.0
11985.0,-0.5,10,176.0,176.0
11990.0,-0.5,6,107.0,107.0
11995.0,0.49,6,116.0,116.0
12000.0,-0.08999999999999986,2,96.0,96.0
12005.0,0.3999999999999999,8,93.0,93.0
12010.0,-0.33000000000000007,6,117.0,117.0
12015.0,-0.11999999999999988,5,126.0,126.0
12020.0,-0.31000000000000005,8,160.0,160.0
12025.0,-0.31000000000000005,4,134.0,134.0
12030.0,0.14000000000000012,5,155.0,155.0
12035.0,-0.2200000000000002,4,45.0,45.0
12040.0,1.0300000000000002,8,70.0,70.0
12045.0,-0.4700000000000001,12,128.0,128.0
12050.0,-0.4700000000000001,8,80.0,80.0
12055.0,0.24,8,105.0,105.0
12060.0,-0.25,4,98.0,98.0
12065.0,0.3400000000000001,6,88.0,88.0
12070.0,-0.29000000000000004,4,58.0,58.0
12075.0,0.76,4,28.0,28.0
12080.0,-0.09000000000000002,7,40.0,40.0
12085.0,-0.09000000000000002,5,47.0,47.0
12090.0,-0.13,8,73.0,73.0
12095.0,-0.35000000000000003,4,62.0,62.0
12100.0,0.4000000000000001,4,36.0,36.0
12105.0,-0.07,4,56.0,56.0
12110.0,-0.07,1,2.0,2.0
12115.0,0.45999999999999996,8,36.0,36.0
12120.0,-0.33999999999999997,6,56.0,56.0
12125.0,-0.20000000000000007,8,77.0,77.0
12130.0,-0.37,8,80.0,80.0
12135.0,0.16000000000000003,6,83.0,83.0
12140.0,-0.26,6,109.0,109.0
12145.0,-0.26,2,82.0,82.0
12150.0,0.28,6,95.0,95.0
12155.0,-0.26,4,107.0,107.0
12160.0,-0.07000000000000006,6,120.0,120.0
12165.0,-0.34999999999999987,8,159.0,159.0
12170.0,-0.34999999999999987,4,147.0,147.0
12175.0,-0.040000000000000036,6,175.0,175.0
12180.0,-0.28,2,156.0,156.0
12185.0,0.28,8,169.0,169.0
12190.0,-0.41999999999999993,8,57.0,57.0
12195.0,1.2199999999999998,9,76.0,76.0
12200.0,-0.4899999999999999,10,126.0,126.0
12205.0,-0.4899999999999999,7,111.0,111.0
12210.0,-0.030000000000000027,8,150.0,150.0
12215.0,-0.3900000000000001,8,190.0,190.0
12220.0,-0.3999999999999999,9,189.0,189.0
12225.0,0.1499999999999999,10,197.0,197.0
12230.0,-0.43999999999999995,10,247.0,247.0
12235.0,-0.43999999999999995,4,85.0,85.0
12240.0,1.42,4,46.0,46.0
12245.0,0.38999999999999996,8,74.0,74.0
12250.0,-0.27999999999999997,2,56.0,56.0
12255.0,0.44,8,33.0,33.0
12260.0,-0.21000000000000002,8,69.0,69.0
12265.0,-0.35,9,95.0,95.0
12270.0,-0.4700000000000001,10,143.0,143.0
12275.0,-0.4700000000000001,4,99.0,99.0
12280.0,0.4800000000000001,6,90.0,90.0
12285.0,-0.10999999999999999,3,79.0,79.0
12290.0,0.27,2,72.0,72.0
12295.0,-0.2300000000000001,8,108.0,108.0
12300.0,-0.4,8,148.0,148.0
12305.0,-0.4,6,138.0,138.0
12310.0,-0.05999999999999983,8,175.0,175.0
12315.0,-0.3700000000000001,4,163.0,163.0
12320.0,0.24,6,167.0,167.0
12325.0,-0.28,4,160.0,160.0
12330.0,0.13000000000000012,8,174.0,174.0
12335.0,-0.42999999999999994,9,218.0,218.0
12340.0,-0.5,11,270.0,270.0
12345.0,-0.5,7,104.0,104.0
12350.0,1.4799999999999998,11,148.0,148.0
12355.0,-0.48,7,144.0,144.0
12360.0,0.44000000000000017,10,132.0,132.0
12365.0,-0.49,11,186.0,186.0
12370.0,-0.49,6,111.0,111.0
12375.0,0.5299999999999998,6,107.0,107.0
12380.0,0.040000000000000036,2,72.0,72.0
12385.0,0.73,0,7.0,7.0
12390.0,0.32,2,8.0,8.0
12395.0,-0.14,2,18.0,18.0
12400.0,-0.12999999999999998,7,36.0,36.0
12405.0,-0.12999999999999998,6,62.0,62.0
12410.0,-0.39000000000000007,10,99.0,99.0
12415.0,-0.41000000000000003,6,89.0,89.0
12420.0,0.3900000000000001,5,67.0,67.0
12425.0,-0.14,6,96.0,96.0
12430.0,-0.14,0,14.0,14.0
12435.0,0.7,3,4.0,4.0
12440.0,0.1,5,20.0,20.0
12445.0,-0.26,5,45.0,45.0
12450.0,-0.26999999999999996,5,45.0,45.0
12455.0,0.24999999999999994,4,36.0,36.0
12460.0,-0.22000000000000003,7,61.0,61.0
12465.0,-0.22000000000000003,2,20.0,20.0
12470.0,0.32000000000000006,6,28.0,28.0
12475.0,-0.13999999999999999,6,40.0,40.0
12480.0,-0.12,7,61.0,61.0
12485.0,-0.33999999999999997,8,97.0,97.0
12490.0,-0.33999999999999997,4,59.0,59.0
12495.0,0.22999999999999998,7,90.0,90.0
12500.0,-0.31000000000000005,4,89.0,89.0
12505.0,0.08000000000000007,4,94.0,94.0
12510.0,-0.28000000000000014,8,106.0,106.0
12515.0,-0.16999999999999993,8,135.0,135.0
12520.0,-0.3999999999999999,8,175.0,175.0
12525.0,-0.3999999999999999,6,149.0,149.0
12530.0,0.11999999999999988,7,182.0,182.0
12535.0,-0.33999999999999986,6,177.0,177.0
12540.0,0.26,5,165.0,165.0
12545.0,-0.2200000000000002,11,207.0,207.0
12550.0,-0.2200000000000002,8,86.0,86.0
12555.0,0.9900000000000001,12,136.0,136.0
12560.0,-0.5000000000000001,6,128.0,128.0
12565.0,0.28,8,116.0,116.0
12570.0,-0.24,6,100.0,100.0
12575.0,0.65,6,73.0,73.0
12580.0,-0.29999999999999993,8,105.0,105.0
12585.0,-0.29999999999999993,10,149.0,149.0
12590.0,-0.6200000000000001,10,199.0,199.0
12595.0,-0.51,10,231.0,231.0
12600.0,-0.43999999999999995,10,274.0,274.0
12605.0,-0.5499999999999998,12,333.0,333.0
12610.0,-0.5499999999999998,2,173.0,173.0
12615.0,1.3599999999999999,5,61.0,61.0
12620.0,1.12,8,44.0,44.0
12625.0,0.16999999999999998,4,57.0,57.0
12630.0,-0.15999999999999998,8,84.0,84.0
12635.0,-0.4,8,88.0,88.0
12640.0,0.07999999999999996,6,98.0,98.0
12645.0,-0.29999999999999993,7,129.0,129.0
12650.0,-0.29999999999999993,3,110.0,110.0
12655.0,0.35,8,111.0,111.0
12660.0,-0.31999999999999995,4,127.0,127.0
12665.0,-0.07000000000000006,6,137.0,137.0
12670.0,-0.32000000000000006,8,174.0,174.0
12675.0,-0.32000000000000006,4,140.0,140.0
12680.0,0.18000000000000016,6,166.0,166.0
12685.0,-0.26,4,158.0,158.0
12690.0,0.09999999999999987,9,181.0,181.0
12695.0,-0.44999999999999973,8,68.0,68.0
12700.0,1.2599999999999998,9,84.0,84.0
12705.0,-0.44999999999999996,9,129.0,129.0
12710.0,-0.44999999999999996,10,162.0,162.0
12715.0,-0.52,10,212.0,212.0
12720.0,-0.5000000000000002,8,193.0,193.0
12725.0,0.4900000000000002,10,170.0,170.0
12730.0,-0.25,12,221.0,221.0
12735.0,-0.25,6,89.0,89.0
12740.0,1.0899999999999999,8,87.0,87.0
12745.0,0.020000000000000018,3,71.0,71.0
12750.0,0.38,4,45.0,45.0
12755.0,-0.040000000000000036,2,20.0,20.0
12760.0,0.5,2,5.0,5.0
12765.0,-0.30000000000000004,8,41.0,41.0
12770.0,-0.30000000000000004,6,55.0,55.0
12775.0,-0.23000000000000004,8,88.0,88.0
12780.0,-0.3999999999999999,6,90.0,90.0
12785.0,0.13,6,91.0,91.0
12790.0,-0.2600000000000001,6,121.0,121.0
12795.0,-0.2600000000000001,10,161.0,161.0
12800.0,-0.52,11,212.0,212.0
12805.0,-0.51,8,241.0,241.0
12810.0,-0.3899999999999997,10,281.0,281.0
12815.0,-0.5,10,331.0,331.0
12820.0,-0.52,12,388.0,388.0
12825.0,-0.5900000000000003,12,448.0,448.0
12830.0,-0.6100000000000003,14,400.0,400.0
12835.0,1.1800000000000006,9,327.0,327.0
12840.0,0.8099999999999996,10,251.0,251.0
12845.0,0.8099999999999996,9,103.0,103.0
12850.0,1.6000000000000003,12,159.0,159.0
12855.0,-0.5700000000000001,11,174.0,174.0
12860.0,0.09999999999999987,11,183.0,183.0
12865.0,-0.5900000000000001,15,248.0,248.0
12870.0,-0.5900000000000001,9,196.0,196.0
12875.0,0.2400000000000002,10,210.0,210.0
12880.0,-0.14000000000000012,6,169.0,169.0
12885.0,0.99,2,70.0,70.0
12890.0,0.6700000000000002,4,53.0,53.0
12895.0,-0.37000000000000005,8,89.0,89.0
12900.0,-0.43999999999999995,10,135.0,135.0
12905.0,-0.43999999999999995,12,143.0,143.0
12910.0,-0.30000000000000004,12,199.0,199.0
12915.0,-0.5799999999999998,10,201.0,201.0
12920.0,0.3999999999999999,6,152.0,152.0
12925.0,0.24,7,162.0,162.0
12930.0,0.24,7,185.0,185.0
12935.0,-0.3600000000000001,7,220.0,220.0
12940.0,-0.3500000000000001,7,162.0,162.0
12945.0,1.1700000000000002,7,84.0,84.0
12950.0,0.09999999999999998,8,70.0,70.0
12955.0,0.32000000000000006,4,65.0,65.0
12960.0,0.04999999999999993,4,60.0,60.0
12965.0,0.04999999999999993,3,29.0,29.0
12970.0,0.23000000000000004,4,46.0,46.0
12975.0,-0.16999999999999998,6,40.0,40.0
12980.0,-0.10999999999999999,8,77.0,77.0
12985.0,-0.41000000000000003,10,121.0,121.0
12990.0,-0.41000000000000003,5,76.0,76.0
12995.0,0.26,5,80.0,80.0
13000.0,-0.040000000000000036,3,71.0,71.0
13005.0,0.15000000000000002,3,72.0,72.0
13010.0,-0.16000000000000003,5,96.0,96.0
13015.0,-0.34999999999999987,5,121.0,121.0
13020.0,-0.32000000000000006,7,155.0,155.0
13025.0,-0.32000000000000006,4,117.0,117.0
13030.0,0.27,4,130.0,130.0
13035.0,-0.13000000000000012,2,124.0,124.0
13040.0,0.030000000000000027,3,137.0,137.0
13045.0,-0.17999999999999994,4,157.0,157.0
13050.0,-0.17999999999999994,9,48.0,48.0
13055.0,1.01,11,95.0,95.0
13060.0,-0.47,10,140.0,140.0
13065.0,-0.6300000000000001,11,189.0,189.0
13070.0,-0.54,10,184.0,184.0
13075.0,0.55,4,127.0,127.0
13080.0,0.28,5,134.0,134.0
13085.0,0.28,7,166.0,166.0
13090.0,-0.44999999999999996,10,210.0,210.0
13095.0,-0.4600000000000002,6,159.0,159.0
13100.0,1.4400000000000002,4,55.0,55.0
13105.0,0.35000000000000003,4,49.0,49.0
13110.0,-0.23000000000000004,8,80.0,80.0
13115.0,-0.23000000000000004,2,25.0,25.0
13120.0,0.39,8,37.0,37.0
13125.0,-0.12,6,68.0,68.0
13130.0,-0.37,9,97.0,97.0
13135.0,-0.42999999999999994,8,91.0,91.0
13140.0,0.3899999999999999,6,78.0,78.0
13145.0,-0.16999999999999993,6,101.0,101.0
13150.0,-0.16999999999999993,2,73.0,73.0
13155.0,0.2899999999999999,3,76.0,76.0
13160.0,-0.15000000000000002,6,100.0,100.0
13165.0,-0.41999999999999993,8,139.0,139.0
13170.0,-0.3999999999999999,8,179.0,179.0
13175.0,-0.3999999999999999,6,151.0,151.0
13180.0,0.11999999999999988,10,189.0,189.0
13185.0,-0.3799999999999999,4,184.0,184.0
13190.0,0.20999999999999996,7,173.0,173.0
13195.0,-0.24,10,74.0,74.0
13200.0,0.97,8,103.0,103.0
13205.0,-0.5,12,157.0,157.0
13210.0,-0.5,6,123.0,123.0
13215.0,0.32000000000000006,8,130.0,130.0
13220.0,-0.25,4,109.0,109.0
13225.0,0.6599999999999999,6,84.0,84.0
13230.0,-0.3500000000000001,9,124.0,124.0
13235.0,-0.3500000000000001,2,48.0,48.0
13240.0,0.5900000000000001,4,34.0,34.0
13245.0,0.13999999999999996,0,11.0,11.0
13250.0,0.34,0,0.0,0.0
13255.0,0.0,1,1.0,1.0
13260.0,-0.09,2,11.0,11.0
13265.0,-0.24000000000000002,9,42.0,42.0
13270.0,-0.24000000000000002,8,75.0,75.0
13275.0,-0.49999999999999994,10,123.0,123.0
13280.0,-0.5000000000000001,6,120.0,120.0
13285.0,0.33000000000000007,4,90.0,90.0
13290.0,-0.030000000000000027,6,115.0,115.0
13295.0,-0.030000000000000027,3,18.0,18.0
13300.0,0.8500000000000001,5,35.0,35.0
13305.0,-0.16999999999999998,2,23.0,23.0
13310.0,0.14999999999999997,3,29.0,29.0
13315.0,-0.14999999999999997,3,18.0,18.0
13320.0,0.31999999999999995,0,0.0,0.0
13325.0,-0.020000000000000004,2,7.0,7.0
13330.0,-0.020000000000000004,0,0.0,0.0
13335.0,0.05,6,8.0,8.0
13340.0,-0.15,4,31.0,31.0
13345.0,-0.19000000000000003,6,44.0,44.0
13350.0,-0.32,8,82.0,82.0
13355.0,-0.32,4,60.0,60.0
13360.0,0.06000000000000005,6,86.0,86.0
13365.0,-0.26,6,116.0,116.0
13370.0,-0.29999999999999993,2,95.0,95.0
13375.0,0.3599999999999999,6,92.0,92.0
13380.0,-0.25,6,110.0,110.0
13385.0,-0.10999999999999988,7,123.0,123.0
13390.0,-0.3900000000000001,8,163.0,163.0
13395.0,-0.3900000000000001,6,149.0,149.0
13400.0,0.0,6,179.0,179.0
13405.0,-0.30000000000000004,5,164.0,164.0
13410.0,0.27,9,173.0,173.0
13415.0,-0.44999999999999973,10,223.0,223.0
13420.0,-0.44999999999999973,9,81.0,81.0
13425.0,1.2199999999999998,10,131.0,131.0
13430.0,-0.5,7,138.0,138.0
13435.0,0.010000000000000009,8,149.0,149.0
13440.0,-0.34999999999999987,6,147.0,147.0
13445.0,0.1299999999999999,8,159.0,159.0
13450.0,-0.41999999999999993,10,204.0,204.0
13455.0,-0.41999999999999993,4,66.0,66.0
13460.0,1.24,6,46.0,46.0
13465.0,0.17999999999999994,3,40.0,40.0
13470.0,0.16000000000000003,4,44.0,44.0
13475.0,-0.20000000000000007,4,64.0,64.0
13480.0,-0.20000000000000007,5,9.0,9.0
13485.0,0.4700000000000001,8,47.0,47.0
13490.0,-0.38,7,67.0,67.0
13495.0,-0.18000000000000005,8,89.0,89.0
13500.0,-0.4,9,93.0,93.0
13505.0,0.13,6,94.0,94.0
13510.0,-0.23999999999999988,6,122.0,122.0
13515.0,-0.23999999999999988,2,75.0,75.0
13520.0,0.3699999999999999,6,101.0,101.0
13525.0,-0.28,5,117.0,117.0
13530.0,-0.09999999999999987,6,128.0,128.0
13535.0,-0.32000000000000006,7,163.0,163.0
13540.0,-0.32000000000000006,8,184.0,184.0
13545.0,-0.3500000000000001,8,224.0,224.0
13550.0,-0.40000000000000013,9,125.0,125.0
13555.0,0.7700000000000002,14,188.0,188.0
13560.0,-0.6900000000000002,13,182.0,182.0
13565.0,0.55,8,169.0,169.0
13570.0,0.31000000000000005,8,131.0,131.0
13575.0,0.31000000000000005,6,116.0,116.0
13580.0,0.28,6,126.0,126.0
13585.0,-0.30000000000000004,5,93.0,93.0
13590.0,0.8500000000000001,6,58.0,58.0
13595.0,-0.32000000000000006,8,95.0,95.0
13600.0,-0.32000000000000006,3,42.0,42.0
13605.0,0.37000000000000005,4,51.0,51.0
13610.0,-0.09000000000000002,0,21.0,21.0
13615.0,0.47000000000000003,2,7.0,7.0
13620.0,-0.07,2,17.0,17.0
13625.0,-0.29000000000000004,9,49.0,49.0
13630.0,-0.44999999999999996,9,94.0,94.0
13635.0,-0.44999999999999996,10,132.0,132.0
13640.0,-0.57,10,182.0,182.0
13645.0,-0.51,12,241.0,241.0
13650.0,-0.8800000000000001,14,309.0,309.0
13655.0,-0.6999999999999997,16,383.0,383.0
13660.0,-0.6999999999999997,12,294.0,294.0
13665.0,0.5699999999999998,12,270.0,270.0
13670.0,0.23999999999999977,11,232.0,232.0
13675.0,1.11,11,164.0,164.0
13680.0,-0.04999999999999982,9,129.0,129.0
13685.0,0.5499999999999998,7,101.0,101.0
13690.0,-0.04999999999999982,7,121.0,121.0
13695.0,-0.04999999999999982,6,77.0,77.0
13700.0,0.5399999999999999,8,47.0,47.0
13705.0,0.04999999999999993,4,61.0,61.0
13710.0,-0.09999999999999998,9,83.0,83.0
13715.0,-0.45000000000000007,11,131.0,131.0
13720.0,-0.45000000000000007,7,110.0,110.0
13725.0,0.0,7,145.0,145.0
13730.0,-0.34999999999999987,10,191.0,191.0
13735.0,-0.45999999999999996,9,182.0,182.0
13740.0,0.42999999999999994,6,137.0,137.0
13745.0,0.09000000000000008,7,133.0,133.0
13750.0,0.05999999999999983,7,140.0,140.0
13755.0,-0.3799999999999999,9,180.0,180.0
13760.0,-0.3799999999999999,6,184.0,184.0
13765.0,-0.18999999999999995,10,215.0,215.0
13770.0,-0.3599999999999999,10,223.0,223.0
13775.0,0.11999999999999966,8,220.0,220.0
13780.0,-0.33000000000000007,10,267.0,267.0
13785.0,-0.33000000000000007,6,95.0,95.0
13790.0,1.5200000000000002,9,135.0,135.0
13795.0,-0.40000000000000013,6,119.0,119.0
13800.0,0.55,8,102.0,102.0
13805.0,-0.3899999999999999,8,92.0,92.0
13810.0,0.48,4,68.0,68.0
13815.0,-0.040000000000000036,6,81.0,81.0
13820.0,-0.040000000000000036,1,25.0,25.0
13825.0,0.64,1,6.0,6.0
13830.0,0.039999999999999994,2,12.0,12.0
13835.0,-0.13999999999999999,3,27.0,27.0
13840.0,-0.18000000000000002,8,55.0,55.0
13845.0,-0.49,11,110.0,110.0
13850.0,-0.49,10,125.0,125.0
13855.0,-0.37,11,180.0,180.0
13860.0,-0.55,8,164.0,164.0
13865.0,0.56,6,110.0,110.0
13870.0,0.16999999999999993,4,63.0,63.0
13875.0,0.79,4,32.0,32.0
13880.0,-0.07999999999999996,8,44.0,44.0
13885.0,-0.07999999999999996,4,42.0,42.0
13890.0,-0.10000000000000003,8,73.0,73.0
13895.0,-0.35000000000000003,4,67.0,67.0
13900.0,0.32000000000000006,4,41.0,41.0
13905.0,0.04999999999999999,4,52.0,52.0
13910.0,0.04999999999999999,0,0.0,0.0
13915.0,0.44,8,28.0,28.0
13920.0,-0.28,4,45.0,45.0
13925.0,-0.21999999999999997,8,74.0,74.0
13930.0,-0.4,7,75.0,75.0
13935.0,0.16000000000000003,6,80.0,80.0
13940.0,-0.28,6,108.0,108.0
13945.0,-0.28,7,140.0,140.0
13950.0,-0.47,10,186.0,186.0
13955.0,-0.47,8,223.0,223.0
13960.0,-0.4900000000000002,10,265.0,265.0
13965.0,-0.5,10,315.0,315.0
13970.0,-0.5,2,186.0,186.0
13975.0,1.09,3,132.0,132.0
13980.0,0.54,2,13.0,13.0
13985.0,1.1400000000000001,10,42.0,42.0
13990.0,-0.44,8,76.0,76.0
13995.0,-0.33999999999999997,10,106.0,106.0
14000.0,-0.5,10,156.0,156.0
14005.0,-0.5,6,100.0,100.0
14010.0,0.3999999999999999,6,103.0,103.0
14015.0,-0.030000000000000027,4,70.0,70.0
14020.0,0.75,4,18.0,18.0
14025.0,0.0,8,48.0,48.0
14030.0,0.0,5,46.0,46.0
14035.0,-0.12,8,83.0,83.0
14040.0,-0.36999999999999994,2,65.0,65.0
14045.0,0.39999999999999997,4,40.0,40.0
14050.0,-0.04999999999999999,2,18.0,18.0
14055.0,0.45999999999999996,6,8.0,8.0
14060.0,-0.37,8,47.0,47.0
14065.0,-0.37,5,47.0,47.0
14070.0,-0.14,8,84.0,84.0
14075.0,-0.39,6,83.0,83.0
14080.0,0.15000000000000002,6,86.0,86.0
14085.0,-0.27,6,116.0,116.0
14090.0,-0.27,2,73.0,73.0
14095.0,0.31000000000000005,6,95.0,95.0
14100.0,-0.21999999999999997,4,110.0,110.0
14105.0,-0.15000000000000013,7,127.0,127.0
14110.0,-0.32999999999999985,6,140.0,140.0
14115.0,-0.040000000000000036,6,153.0,153.0
14120.0,-0.30000000000000004,6,183.0,183.0
14125.0,-0.30000000000000004,4,145.0,145.0
14130.0,0.28,10,184.0,184.0
14135.0,-0.44999999999999996,6,69.0,69.0
14140.0,1.21,10,92.0,92.0
14145.0,-0.49,11,143.0,143.0
14150.0,-0.49,10,110.0,110.0
14155.0,0.11999999999999988,10,160.0,160.0
14160.0,-0.5,6,146.0,146.0
14165.0,0.4700000000000002,10,102.0,102.0
14170.0,-0.09000000000000008,8,88.0,88.0
14175.0,0.58,4,49.0,49.0
14180.0,-0.010000000000000009,5,70.0,70.0
14185.0,-0.010000000000000009,3,30.0,30.0
14190.0,0.5,6,33.0,33.0
14195.0,-0.24000000000000002,2,30.0,30.0
14200.0,0.12,8,41.0,41.0
14205.0,-0.42999999999999994,10,90.0,90.0
14210.0,-0.42999999999999994,8,102.0,102.0
14215.0,-0.32000000000000006,10,151.0,151.0
14220.0,-0.49,7,132.0,132.0
14225.0,0.49,6,99.0,99.0
14230.0,-0.08000000000000007,5,87.0,87.0
14235.0,0.3400000000000001,6,82.0,82.0
14240.0,-0.33000000000000007,8,117.0,117.0
14245.0,-0.33000000000000007,5,117.0,117.0
14250.0,-0.1399999999999999,7,148.0,148.0
14255.0,-0.32000000000000006,4,141.0,141.0
14260.0,0.20999999999999996,4,142.0,142.0
14265.0,-0.25,6,171.0,171.0
14270.0,-0.25,4,144.0,144.0
14275.0,0.15000000000000013,10,187.0,187.0
14280.0,-0.43000000000000016,7,72.0,72.0
14285.0,1.19,9,95.0,95.0
14290.0,-0.46999999999999986,8,106.0,106.0
14295.0,0.1399999999999999,9,110.0,110.0
14300.0,-0.49,10,160.0,160.0
14305.0,-0.49,6,99.0,99.0
14310.0,0.44999999999999996,11,122.0,122.0
14315.0,-0.29000000000000004,8,111.0,111.0
14320.0,0.54,6,67.0,67.0
14325.0,0.08000000000000007,6,84.0,84.0
14330.0,0.08000000000000007,5,30.0,30.0
14335.0,0.42,7,59.0,59.0
14340.0,-0.29,3,47.0,47.0
14345.0,0.22999999999999998,10,60.0,60.0
14350.0,-0.45999999999999996,9,74.0,74.0
14355.0,0.06999999999999995,7,82.0,82.0
14360.0,-0.31000000000000005,8,114.0,114.0
14365.0,-0.31000000000000005,5,72.0,72.0
14370.0,0.29000000000000004,7,104.0,104.0
14375.0,-0.3400000000000001,4,97.0,97.0
14380.0,0.14000000000000012,7,111.0,111.0
14385.0,-0.4099999999999999,11,160.0,160.0
14390.0,-0.4099999999999999,7,170.0,170.0
14395.0,-0.32000000000000006,11,218.0,218.0
14400.0,-0.4800000000000002,5,205.0,205.0
14405.0,0.44000000000000017,6,171.0,171.0
14410.0,-0.010000000000000009,5,156.0,156.0
14415.0,0.21999999999999997,8,161.0,161.0
14420.0,-0.4999999999999998,11,214.0,214.0
14425.0,-0.4999999999999998,9,81.0,81.0
14430.0,1.1199999999999997,11,132.0,132.0
14435.0,-0.5199999999999999,8,146.0,146.0
14440.0,0.040000000000000036,11,160.0,160.0
14445.0,-0.54,13,217.0,217.0
14450.0,-0.54,5,133.0,133.0
14455.0,0.5999999999999999,10,121.0,121.0
14460.0,0.1200000000000001,7,105.0,105.0
14465.0,0.44999999999999996,6,74.0,74.0
14470.0,-0.12,6,74.0,74.0
14475.0,0.31999999999999995,5,61.0,61.0
14480.0,-0.36,8,100.0,100.0
14485.0,-0.4,8,140.0,140.0
14490.0,-0.4,9,105.0,105.0
14495.0,0.30000000000000004,8,97.0,97.0
14500.0,-0.030000000000000027,6,84.0,84.0
14505.0,0.3400000000000001,5,75.0,75.0
14510.0,-0.21000000000000008,6,104.0,104.0
14515.0,-0.21000000000000008,5,83.0,83.0
14520.0,0.09000000000000008,8,115.0,115.0
14525.0,-0.31999999999999995,10,162.0,162.0
14530.0,-0.7000000000000002,13,223.0,223.0
14535.0,-0.6400000000000001,11,229.0,229.0
14540.0,0.3600000000000003,6,211.0,211.0
14545.0,0.08000000000000007,6,211.0,211.0
14550.0,0.08000000000000007,5,66.0,66.0
14555.0,1.3399999999999999,5,41.0,41.0
14560.0,0.24,6,53.0,53.0
14565.0,-0.16000000000000003,9,79.0,79.0
14570.0,-0.43000000000000005,11,126.0,126.0
14575.0,-0.43000000000000005,8,140.0,140.0
14580.0,-0.33999999999999986,9,182.0,182.0
14585.0,-0.42000000000000015,6,158.0,158.0
14590.0,0.6900000000000002,5,96.0,96.0
14595.0,0.16999999999999993,7,84.0,84.0
14600.0,-0.030000000000000027,7,106.0,106.0
14605.0,-0.3500000000000001,7,141.0,141.0
14610.0,-0.3500000000000001,5,126.0,126.0
14615.0,0.010000000000000009,7,161.0,161.0
14620.0,-0.34999999999999987,9,200.0,200.0
14625.0,-0.42999999999999994,7,223.0,223.0
14630.0,-0.25,13,258.0,258.0
14635.0,-0.6499999999999999,15,331.0,331.0
14640.0,-0.6499999999999999,8,264.0,264.0
14645.0,0.36999999999999966,10,273.0,273.0
14650.0,-0.08999999999999986,8,140.0,140.0
14655.0,1.55,11,148.0,148.0
14660.0,-0.52,10,141.0,141.0
14665.0,0.51,9,128.0,128.0
14670.0,-0.5,11,180.0,180.0
14675.0,-0.5,8,180.0,180.0
14680.0,0.0,8,194.0,194.0
14685.0,-0.33999999999999986,6,154.0,154.0
14690.0,1.0899999999999999,1,45.0,45.0
14695.0,0.72,2,26.0,26.0
14700.0,0.72,6,49.0,49.0
14705.0,-0.27,11,96.0,96.0
14710.0,-0.47,6,108.0,108.0
14715.0,-0.040000000000000036,8,112.0,112.0
14720.0,-0.28,6,89.0,89.0
14725.0,0.64,4,68.0,68.0
14730.0,-0.030000000000000027,4,71.0,71.0
14735.0,-0.030000000000000027,4,28.0,28.0
14740.0,0.35000000000000003,7,54.0,54.0
14745.0,-0.29,8,58.0,58.0
14750.0,0.06999999999999995,7,64.0,64.0
14755.0,-0.32999999999999996,8,103.0,103.0
14760.0,-0.32999999999999996,4,66.0,66.0
14765.0,0.20999999999999996,7,95.0,95.0
14770.0,-0.2899999999999999,2,64.0,64.0
14775.0,0.6399999999999999,4,25.0,25.0
14780.0,-0.09000000000000002,10,69.0,69.0
14785.0,-0.49,9,78.0,78.0
14790.0,0.030000000000000027,6,92.0,92.0
14795.0,-0.2699999999999999,6,119.0,119.0
14800.0,-0.2699999999999999,3,54.0,54.0
14805.0,0.5599999999999999,4,73.0,73.0
14810.0,-0.20000000000000007,7,103.0,103.0
14815.0,-0.3400000000000001,4,110.0,110.0
14820.0,-0.05999999999999983,6,129.0,129.0
14825.0,-0.30000000000000004,7,160.0,160.0
14830.0,-0.30000000000000004,2,116.0,116.0
14835.0,0.31000000000000005,4,127.0,127.0
14840.0,-0.1100000000000001,4,147.0,147.0
14845.0,-0.19999999999999996,2,142.0,142.0
14850.0,-0.030000000000000027,9,172.0,172.0
14855.0,-0.41999999999999993,8,60.0,60.0
14860.0,1.21,9,80.0,80.0
14865.0,-0.48,10,129.0,129.0
14870.0,-0.48,10,104.0,104.0
14875.0,0.050000000000000044,10,154.0,154.0
14880.0,-0.51,9,147.0,147.0
14885.0,0.3999999999999999,9,116.0,116.0
14890.0,-0.09000000000000008,10,154.0,154.0
14895.0,-0.09000000000000008,5,77.0,77.0
14900.0,0.5700000000000001,6,81.0,81.0
14905.0,-0.040000000000000036,3,66.0,66.0
14910.0,0.44000000000000006,7,53.0,53.0
14915.0,-0.30000000000000004,5,48.0,48.0
14920.0,0.29000000000000004,5,43.0,43.0
14925.0,-0.32999999999999996,10,81.0,81.0
14930.0,-0.32999999999999996,8,96.0,96.0
14935.0,-0.3500000000000001,10,146.0,146.0
14940.0,-0.5,9,133.0,133.0
14945.0,0.48,6,99.0,99.0
14950.0,-0.06999999999999984,7,129.0,129.0
14955.0,-0.06999999999999984,3,78.0,78.0
14960.0,0.3699999999999999,8,104.0,104.0
14965.0,-0.26,4,123.0,123.0
14970.0,-0.19999999999999996,7,143.0,143.0
14975.0,-0.3400000000000001,6,141.0,141.0
14980.0,0.19000000000000017,4,143.0,143.0
14985.0,-0.2300000000000002,6,168.0,168.0
14990.0,-0.2300000000000002,6,149.0,149.0
14995.0,0.040000000000000036,10,198.0,198.0
15000.0,-0.5,6,84.0,84.0
15005.0,1.2200000000000002,9,104.0,104.0
15010.0,-0.45000000000000007,9,149.0,149.0
15015.0,-0.45000000000000007,7,125.0,125.0
15020.0,0.06000000000000005,7,160.0,160.0
15025.0,-0.3500000000000001,6,128.0,128.0
15030.0,0.8500000000000001,7,96.0,96.0
15035.0,-0.3700000000000001,7,81.0,81.0
15040.0,0.5200000000000001,4,64.0,64.0
15045.0,0.06999999999999995,4,57.0,57.0
15050.0,0.06999999999999995,0,0.0,0.0
15055.0,0.53,1,2.0,2.0
15060.0,-0.04,2,12.0,12.0
15065.0,-0.16,8,33.0,33.0
15070.0,-0.41,10,81.0,81.0
15075.0,-0.41,9,96.0,96.0
15080.0,-0.35,10,146.0,146.0
15085.0,-0.5,6,135.0,135.0
15090.0,0.42999999999999994,6,96.0,96.0
15095.0,0.020000000000000018,4,55.0,55.0
15100.0,0.81,3,23.0,23.0
15105.0,-0.03,6,29.0,29.0
15110.0,-0.03,3,16.0,16.0
15115.0,0.03,5,38.0,38.0
15120.0,-0.24,2,33.0,33.0
15125.0,0.09999999999999998,4,42.0,42.0
15130.0,-0.2,4,62.0,62.0
15135.0,-0.2,4,7.0,7.0
15140.0,0.47000000000000003,8,43.0,43.0
15145.0,-0.36,6,64.0,64.0
15150.0,-0.37000000000000005,8,104.0,104.0
15155.0,-0.3999999999999999,6,103.0,103.0
15160.0,0.32999999999999996,7,94.0,94.0
15165.0,-0.37,9,133.0,133.0
15170.0,-0.37,5,105.0,105.0
15175.0,0.1299999999999999,10,145.0,145.0
15180.0,-0.44999999999999996,7,156.0,156.0
15185.0,-0.030000000000000027,8,169.0,169.0
15190.0,-0.33999999999999986,8,209.0,209.0
15195.0,-0.33999999999999986,6,160.0,160.0
15200.0,0.32999999999999985,8,196.0,196.0
15205.0,-0.3599999999999999,7,92.0,92.0
15210.0,0.8399999999999999,14,153.0,153.0
15215.0,-0.69,12,154.0,154.0
15220.0,0.32000000000000006,10,159.0,159.0
15225.0,-0.26,11,186.0,186.0
15230.0,-0.26,10,174.0,174.0
15235.0,0.1100000000000001,12,207.0,207.0
15240.0,-0.55,9,180.0,180.0
15245.0,0.8699999999999999,6,96.0,96.0
15250.0,0.4600000000000001,8,85.0,85.0
15255.0,0.4600000000000001,6,51.0,51.0
15260.0,0.35,8,87.0,87.0
15265.0,-0.36,5,80.0,80.0
15270.0,0.31999999999999995,8,77.0,77.0
15275.0,-0.38,6,72.0,72.0
15280.0,0.3600000000000001,7,56.0,56.0
15285.0,-0.29000000000000004,10,96.0,96.0
15290.0,-0.29000000000000004,8,108.0,108.0
15295.0,-0.30999999999999994,10,157.0,157.0
15300.0,-0.5,7,135.0,135.0
15305.0,0.5799999999999998,6,99.0,99.0
15310.0,-0.06999999999999984,7,130.0,130.0
15315.0,-0.06999999999999984,5,85.0,85.0
15320.0,0.30999999999999994,8,116.0,116.0
15325.0,-0.30999999999999994,4,129.0,129.0
15330.0,-0.13000000000000012,6,147.0,147.0
15335.0,-0.33999999999999986,6,146.0,146.0
15340.0,0.20999999999999996,4,146.0,146.0
15345.0,-0.27,6,175.0,175.0
15350.0,-0.27,3,147.0,147.0
15355.0,0.16999999999999993,10,187.0,187.0
15360.0,-0.44999999999999996,6,69.0,69.0
15365.0,1.2,10,97.0,97.0
15370.0,-0.5,10,147.0,147.0
15375.0,-0.5,10,113.0,113.0
15380.0,0.14000000000000012,11,164.0,164.0
15385.0,-0.51,7,149.0,149.0
15390.0,0.44999999999999996,10,125.0,125.0
15395.0,-0.27,10,115.0,115.0
15400.0,0.51,6,86.0,86.0
15405.0,0.1399999999999999,6,87.0,87.0
15410.0,0.1399999999999999,3,26.0,26.0
15415.0,0.51,6,48.0,48.0
15420.0,-0.24000000000000005,2,32.0,32.0
15425.0,0.32000000000000006,9,39.0,39.0
15430.0,-0.4600000000000001,10,88.0,88.0
15435.0,-0.4600000000000001,9,99.0,99.0
15440.0,-0.30999999999999994,10,149.0,149.0
15445.0,-0.5,7,139.0,139.0
15450.0,0.3799999999999999,6,103.0,103.0
15455.0,0.0,5,89.0,89.0
15460.0,0.22000000000000008,7,96.0,96.0
15465.0,-0.4700000000000001,11,147.0,147.0
15470.0,-0.4700000000000001,6,145.0,145.0
15475.0,-0.1499999999999999,8,177.0,177.0
15480.0,-0.3400000000000001,4,171.0,171.0
15485.0,0.3700000000000001,6,160.0,160.0
15490.0,-0.33000000000000007,8,197.0,197.0
15495.0,-0.33000000000000007,9,96.0,96.0
15500.0,0.8500000000000001,14,162.0,162.0
15505.0,-0.6600000000000001,11,161.0,161.0
15510.0,0.2400000000000002,10,149.0,149.0
15515.0,-0.30000000000000004,9,143.0,143.0
15520.0,0.43999999999999995,6,130.0,130.0
15525.0,-0.010000000000000009,6,131.0,131.0
15530.0,-0.010000000000000009,5,32.0,32.0
15535.0,0.88,6,61.0,61.0
15540.0,-0.31999999999999995,5,58.0,58.0
15545.0,0.16999999999999993,5,60.0,60.0
15550.0,-0.24,6,88.0,88.0
15555.0,-0.24,2,17.0,17.0
15560.0,0.59,2,13.0,13.0
15565.0,0.04000000000000001,1,1.0,1.0
15570.0,0.1,6,19.0,19.0
15575.0,-0.31999999999999995,6,43.0,43.0
15580.0,-0.18000000000000005,8,61.0,61.0
15585.0,-0.4,8,101.0,101.0
15590.0,-0.4,5,73.0,73.0
15595.0,0.14,6,102.0,102.0
15600.0,-0.29000000000000004,6,132.0,132.0
15605.0,-0.45999999999999996,8,170.0,170.0
15610.0,-0.3999999999999999,10,213.0,213.0
15615.0,-0.5100000000000002,12,269.0,269.0
15620.0,-0.5100000000000002,6,182.0,182.0
15625.0,0.6300000000000001,6,168.0,168.0
15630.0,0.14000000000000012,8,80.0,80.0
15635.0,0.72,8,120.0,120.0
15640.0,-0.41000000000000014,14,176.0,176.0
15645.0,-0.6799999999999997,14,180.0,180.0
15650.0,0.3799999999999999,10,177.0,177.0
15655.0,0.05999999999999983,10,168.0,168.0
15660.0,0.05999999999999983,5,126.0,126.0
15665.0,0.49,7,121.0,121.0
15670.0,-0.15999999999999992,4,94.0,94.0
15675.0,0.77,7,64.0,64.0
15680.0,-0.33999999999999997,9,102.0,102.0
15685.0,-0.33999999999999997,3,43.0,43.0
15690.0,0.42,4,43.0,43.0
15695.0,0.0,1,20.0,20.0
15700.0,0.37,1,9.0,9.0
15705.0,-0.06,3,21.0,21.0
15710.0,-0.21000000000000002,3,36.0,36.0
15715.0,-0.39999999999999997,11,84.0,84.0
15720.0,-0.39999999999999997,9,111.0,111.0
15725.0,-0.41999999999999993,11,158.0,158.0
15730.0,-0.54,9,146.0,146.0
15735.0,0.53,5,95.0,95.0
15740.0,0.1499999999999999,6,109.0,109.0
15745.0,-0.26,7,141.0,141.0
15750.0,-0.26,4,50.0,50.0
15755.0,0.77,6,44.0,44.0
15760.0,0.06,3,41.0,41.0
15765.0,0.2,5,39.0,39.0
15770.0,-0.25,5,31.0,31.0
15775.0,0.20999999999999996,3,30.0,30.0
15780.0,-0.13999999999999996,3,45.0,45.0
15785.0,-0.13999999999999996,7,37.0,37.0
15790.0,0.09999999999999998,8,62.0,62.0
15795.0,-0.37999999999999995,6,79.0,79.0
15800.0,-0.050000000000000044,6,87.0,87.0
15805.0,-0.30000000000000004,9,122.0,122.0
15810.0,-0.30000000000000004,4,76.0,76.0
15815.0,0.29000000000000004,4,88.0,88.0
15820.0,-0.12,5,83.0,83.0
15825.0,-0.050000000000000044,6,111.0,111.0
15830.0,-0.33999999999999997,6,127.0,127.0
15835.0,0.010000000000000009,7,133.0,133.0
15840.0,-0.3500000000000001,7,168.0,168.0
15845.0,-0.3500000000000001,8,192.0,192.0
15850.0,-0.3899999999999999,8,232.0,232.0
15855.0,-0.3999999999999999,8,127.0,127.0
15860.0,0.7999999999999998,12,184.0,184.0
15865.0,-0.6099999999999999,14,248.0,248.0
15870.0,-0.6099999999999999,12,265.0,265.0
15875.0,-0.43999999999999995,14,328.0,328.0
15880.0,-0.6299999999999999,10,287.0,287.0
15885.0,1.15,4,155.0,155.0
15890.0,1.0,6,74.0,74.0
15895.0,0.2499999999999999,8,61.0,61.0
15900.0,0.39,6,48.0,48.0
15905.0,-0.16000000000000003,7,72.0,72.0
15910.0,-0.16000000000000003,4,38.0,38.0
15915.0,0.23000000000000004,6,62.0,62.0
15920.0,-0.26999999999999996,4,52.0,52.0
15925.0,0.39999999999999997,4,26.0,26.0
15930.0,-0.13,8,57.0,57.0
15935.0,-0.13,6,47.0,47.0
15940.0,-0.04999999999999999,8,80.0,80.0
15945.0,-0.33000000000000007,4,80.0,80.0
15950.0,0.19000000000000006,7,78.0,78.0
15955.0,-0.31000000000000005,6,83.0,83.0
15960.0,0.07000000000000006,4,89.0,89.0
15965.0,-0.27000000000000013,10,122.0,122.0
15970.0,-0.27000000000000013,7,117.0,117.0
15975.0,-0.11999999999999988,7,152.0,152.0
15980.0,-0.3500000000000001,4,153.0,153.0
15985.0,0.2100000000000002,5,148.0,148.0
15990.0,-0.28,9,183.0,183.0
15995.0,-0.28,4,160.0,160.0
16000.0,0.05999999999999983,10,187.0,187.0
16005.0,-0.27,12,246.0,246.0
16010.0,-0.5899999999999999,9,134.0,134.0
16015.0,1.1199999999999999,12,170.0,170.0
16020.0,-0.5999999999999999,12,165.0,165.0
16025.0,0.31999999999999984,8,157.0,157.0
16030.0,-0.1299999999999999,9,184.0,184.0
16035.0,-0.5499999999999998,14,244.0,244.0
16040.0,-0.5499999999999998,8,150.0,150.0
16045.0,0.7199999999999998,9,166.0,166.0
16050.0,-0.17999999999999994,8,142.0,142.0
16055.0,0.81,2,58.0,58.0
16060.0,0.5599999999999999,4,46.0,46.0
16065.0,0.5599999999999999,8,79.0,79.0
16070.0,-0.4,11,124.0,124.0
16075.0,-0.44999999999999996,8,126.0,126.0
16080.0,0.1299999999999999,9,126.0,126.0
16085.0,-0.34999999999999987,8,118.0,118.0
16090.0,0.59,2,71.0,71.0
16095.0,0.37,4,54.0,54.0
16100.0,0.37,3,65.0,65.0
16105.0,-0.18000000000000005,5,85.0,85.0
16110.0,-0.22999999999999998,6,98.0,98.0
16115.0,-0.18000000000000005,6,121.0,121.0
16120.0,-0.2999999999999998,7,153.0,153.0
16125.0,-0.2999999999999998,5,127.0,127.0
16130.0,0.11999999999999988,6,154.0,154.0
16135.0,-0.27,5,159.0,159.0
16140.0,-0.07000000000000006,5,176.0,176.0
16145.0,-0.2699999999999998,10,183.0,183.0
16150.0,-0.1100000000000001,8,205.0,205.0
16155.0,-0.40000000000000013,9,248.0,248.0
16160.0,-0.40000000000000013,6,79.0,79.0
16165.0,1.54,7,110.0,110.0
16170.0,-0.32999999999999996,6,99.0,99.0
16175.0,0.4999999999999999,7,82.0,82.0
16180.0,-0.38,10,125.0,125.0
16185.0,-0.38,6,75.0,75.0
16190.0,0.31000000000000005,6,98.0,98.0
16195.0,-0.22999999999999998,2,66.0,66.0
16200.0,0.7,0,5.0,5.0
16205.0,0.28,1,2.0,2.0
16210.0,-0.12,4,16.0,16.0
16215.0,-0.22000000000000003,7,41.0,41.0
16220.0,-0.22000000000000003,6,47.0,47.0
16225.0,-0.19,7,78.0,78.0
16230.0,-0.32999999999999996,4,70.0,70.0
16235.0,0.38,2,41.0,41.0
16240.0,0.0,4,55.0,55.0
16245.0,0.0,2,61.0,61.0
16250.0,-0.13,5,82.0,82.0
16255.0,-0.20999999999999996,6,37.0,37.0
16260.0,0.30999999999999994,8,75.0,75.0
16265.0,-0.42000000000000004,9,94.0,94.0
16270.0,-0.05999999999999994,8,107.0,107.0
16275.0,-0.43999999999999995,9,152.0,152.0
16280.0,-0.43999999999999995,8,158.0,158.0
16285.0,-0.22999999999999998,9,199.0,199.0
16290.0,-0.44000000000000017,12,177.0,177.0
16295.0,0.75,6,96.0,96.0
16300.0,0.5200000000000001,8,99.0,99.0
16305.0,0.5200000000000001,8,79.0,79.0
16310.0,0.039999999999999925,12,129.0,129.0
16315.0,-0.5,6,139.0,139.0
16320.0,-0.020000000000000018,6,136.0,136.0
16325.0,-0.20999999999999996,10,131.0,131.0
16330.0,0.28,8,127.0,127.0
16335.0,-0.30000000000000004,8,162.0,162.0
16340.0,-0.30000000000000004,6,135.0,135.0
16345.0,0.13000000000000012,6,165.0,165.0
16350.0,-0.31000000000000005,6,161.0,161.0
16355.0,0.20999999999999996,4,156.0,156.0
16360.0,-0.18999999999999995,10,188.0,188.0
16365.0,-0.18999999999999995,8,192.0,192.0
16370.0,-0.21999999999999997,9,233.0,233.0
16375.0,-0.41000000000000014,8,272.0,272.0
16380.0,-0.5499999999999998,8,312.0,312.0
16385.0,-0.41000000000000014,8,160.0,160.0
16390.0,1.99,6,136.0,136.0
16395.0,-0.44999999999999996,12,187.0,187.0
16400.0,-0.44999999999999996,12,236.0,236.0
16405.0,-0.73,13,297.0,297.0
16410.0,-0.6299999999999999,10,262.0,262.0
16415.0,1.22,7,167.0,167.0
16420.0,0.33999999999999986,10,174.0,174.0
16425.0,0.33999999999999986,3,71.0,71.0
16430.0,0.8400000000000001,5,42.0,42.0
16435.0,0.29,10,89.0,89.0
16440.0,-0.6700000000000002,12,141.0,141.0
16445.0,-0.5799999999999998,12,148.0,148.0
16450.0,0.26,7,132.0,132.0
16455.0,-0.06000000000000005,9,156.0,156.0
16460.0,-0.06000000000000005,5,80.0,80.0
16465.0,0.61,7,114.0,114.0
16470.0,-0.35,5,89.0,89.0
16475.0,0.6699999999999999,4,42.0,42.0
16480.0,0.050000000000000044,4,57.0,57.0
16485.0,-0.21999999999999997,6,83.0,83.0
16490.0,-0.21999999999999997,2,12.0,12.0
16495.0,0.59,2,12.0,12.0
16500.0,0.0,0,0.0,0.0
16505.0,0.11,8,15.0,15.0
16510.0,-0.3,6,39.0,39.0
16515.0,-0.13,7,51.0,51.0
16520.0,-0.38999999999999996,8,91.0,91.0
16525.0,-0.38999999999999996,6,70.0,70.0
16530.0,0.06999999999999995,6,100.0,100.0
16535.0,-0.30000000000000004,2,85.0,85.0
16540.0,0.3600000000000001,4,77.0,77.0
16545.0,-0.25,7,109.0,109.0
16550.0,-0.25,4,106.0,106.0
16555.0,-0.1100000000000001,8,138.0,138.0
16560.0,-0.31999999999999984,5,143.0,143.0
16565.0,-0.07000000000000006,6,163.0,163.0
16570.0,-0.30000000000000004,4,155.0,155.0
16575.0,0.30000000000000004,7,152.0,152.0
16580.0,-0.40000000000000013,10,195.0,195.0
16585.0,-0.40000000000000013,6,66.0,66.0
16590.0,1.2000000000000002,10,105.0,105.0
16595.0,-0.4999999999999999,7,113.0,113.0
16600.0,0.11999999999999988,10,123.0,123.0
16605.0,-0.51,11,176.0,176.0
16610.0,-0.51,6,111.0,111.0
16615.0,0.42999999999999994,10,119.0,119.0
16620.0,-0.07999999999999985,4,94.0,94.0
16625.0,0.6,4,53.0,53.0
16630.0,-0.06000000000000005,4,44.0,44.0
16635.0,0.47000000000000003,3,21.0,21.0
16640.0,-0.22999999999999998,6,47.0,47.0
16645.0,-0.22999999999999998,4,57.0,57.0
16650.0,-0.21000000000000002,12,103.0,103.0
16655.0,-0.5299999999999999,9,103.0,103.0
16660.0,0.2599999999999999,7,87.0,87.0
16665.0,-0.18000000000000005,8,123.0,123.0
16670.0,-0.18000000000000005,8,77.0,77.0
16675.0,0.30000000000000004,8,117.0,117.0
16680.0,-0.3999999999999999,6,116.0,116.0
16685.0,0.07999999999999985,8,130.0,130.0
16690.0,-0.3899999999999999,10,140.0,140.0
16695.0,0.07000000000000006,8,149.0,149.0
16700.0,-0.33000000000000007,8,182.0,182.0
16705.0,-0.33000000000000007,5,142.0,142.0
16710.0,0.27,8,173.0,173.0
16715.0,-0.3400000000000001,6,75.0,75.0
16720.0,0.8500000000000001,13,120.0,120.0
16725.0,-0.6600000000000001,14,190.0,190.0
16730.0,-0.6600000000000001,10,138.0,138.0
16735.0,0.2400000000000002,10,170.0,170.0
16740.0,-0.32000000000000006,6,156.0,156.0
16745.0,0.47,6,112.0,112.0
16750.0,0.010000000000000009,4,74.0,74.0
16755.0,1.0,4,26.0,26.0
16760.0,-0.19999999999999998,4,46.0,46.0
16765.0,-0.19999999999999998,2,18.0,18.0
16770.0,0.31,3,20.0,20.0
16775.0,-0.13,0,9.0,9.0
16780.0,0.19999999999999998,2,8.0,8.0
16785.0,-0.1,2,18.0,18.0
16790.0,-0.1,1,1.0,1.0
16795.0,0.13,8,29.0,29.0
16800.0,-0.27999999999999997,5,48.0,48.0
16805.0,-0.2,8,71.0,71.0
16810.0,-0.38,6,74.0,74.0
16815.0,0.15000000000000002,6,78.0,78.0
16820.0,-0.29000000000000004,6,107.0,107.0
16825.0,-0.29000000000000004,2,70.0,70.0
16830.0,0.28,6,93.0,93.0
16835.0,-0.26,4,109.0,109.0
16840.0,-0.13000000000000012,6,124.0,124.0
16845.0,-0.32999999999999985,8,161.0,161.0
16850.0,-0.32999999999999985,5,149.0,149.0
16855.0,-0.040000000000000036,6,179.0,179.0
16860.0,-0.30000000000000004,2,158.0,158.0
16865.0,0.32000000000000006,8,166.0,166.0
16870.0,-0.3800000000000001,8,55.0,55.0
16875.0,1.19,10,76.0,76.0
16880.0,-0.4999999999999999,10,126.0,126.0
16885.0,-0.4999999999999999,8,114.0,114.0
16890.0,0.11999999999999988,10,141.0,141.0
16895.0,-0.47,8,132.0,132.0
16900.0,0.44999999999999996,8,96.0,96.0
16905.0,-0.11999999999999988,10,138.0,138.0
16910.0,-0.11999999999999988,5,69.0,69.0
16915.0,0.49,7,73.0,73.0
16920.0,-0.040000000000000036,3,61.0,61.0
16925.0,0.39999999999999997,5,48.0,48.0
16930.0,-0.27999999999999997,5,42.0,42.0
16935.0,0.25,7,43.0,43.0
16940.0,-0.36,10,82.0,82.0
16945.0,-0.36,6,95.0,95.0
16950.0,-0.28,10,140.0,140.0
16955.0,-0.5,7,122.0,122.0
16960.0,0.52,6,90.0,90.0
16965.0,-0.08000000000000007,8,120.0,120.0
16970.0,-0.08000000000000007,2,76.0,76.0
16975.0,0.30000000000000004,8,100.0,100.0
16980.0,-0.24,4,118.0,118.0
16985.0,-0.16999999999999993,6,135.0,135.0
16990.0,-0.31000000000000005,6,133.0,133.0
16995.0,0.15999999999999992,4,136.0,136.0
17000.0,-0.25,6,163.0,163.0
17005.0,-0.25,4,148.0,148.0
17010.0,0.10000000000000009,10,182.0,182.0
17015.0,-0.44999999999999996,6,70.0,70.0
17020.0,1.19,10,93.0,93.0
17025.0,-0.5,10,143.0,143.0
17030.0,-0.5,9,109.0,109.0
17035.0,0.1399999999999999,10,159.0,159.0
17040.0,-0.5,7,140.0,140.0
17045.0,0.49,8,112.0,112.0
17050.0,-0.21999999999999997,12,168.0,168.0
17055.0,-0.5999999999999999,11,205.0,205.0
17060.0,-0.33000000000000007,10,235.0,235.0
17065.0,-0.5,10,285.0,285.0
17070.0,-0.5,12,342.0,342.0
17075.0,-0.79,12,402.0,402.0
17080.0,-0.6200000000000001,17,478.0,478.0
17085.0,-0.8099999999999996,16,439.0,439.0
17090.0,1.3199999999999998,8,288.0,288.0
17095.0,1.35,8,181.0,181.0
17100.0,0.9599999999999997,8,150.0,150.0
17105.0,0.9599999999999997,9,104.0,104.0
17110.0,0.30000000000000004,12,158.0,158.0
17115.0,-0.54,9,180.0,180.0
17120.0,-0.24,11,203.0,203.0
17125.0,-0.42999999999999994,10,192.0,192.0
17130.0,0.54,6,177.0,177.0
17135.0,-0.040000000000000036,7,182.0,182.0
17140.0,-0.040000000000000036,5,144.0,144.0
17145.0,0.25,6,174.0,174.0
17150.0,-0.30000000000000004,7,68.0,68.0
17155.0,0.8200000000000001,12,122.0,122.0
17160.0,-0.6000000000000001,14,185.0,185.0
17165.0,-0.6000000000000001,8,133.0,133.0
17170.0,0.25,8,138.0,138.0
17175.0,-0.04999999999999982,5,127.0,127.0
17180.0,0.2699999999999998,5,124.0,124.0
17185.0,-0.25,7,89.0,89.0
17190.0,0.9400000000000002,4,46.0,46.0
17195.0,-0.2,6,68.0,68.0
17200.0,-0.2,5,82.0,82.0
17205.0,-0.25,7,115.0,115.0
17210.0,-0.35,3,82.0,82.0
17215.0,0.81,1,16.0,16.0
17220.0,0.31999999999999995,1,9.0,9.0
17225.0,-0.11000000000000001,8,35.0,35.0
17230.0,-0.11000000000000001,6,43.0,43.0
17235.0,-0.22999999999999998,8,78.0,78.0
17240.0,-0.35000000000000003,4,79.0,79.0
17245.0,0.16000000000000003,7,80.0,80.0
17250.0,-0.31999999999999995,6,83.0,83.0
17255.0,0.10999999999999999,4,87.0,87.0
17260.0,-0.2300000000000001,9,115.0,115.0
17265.0,-0.2300000000000001,7,113.0,113.0
17270.0,-0.1499999999999999,8,153.0,153.0
17275.0,-0.40000000000000013,5,160.0,160.0
17280.0,0.1200000000000001,6,161.0,161.0
17285.0,-0.3400000000000001,9,200.0,200.0
17290.0,-0.3400000000000001,8,111.0,111.0
17295.0,0.72,12,156.0,156.0
17300.0,-0.44999999999999996,10,156.0,156.0
17305.0,0.32000000000000006,8,120.0,120.0
17310.0,-0.020000000000000018,8,98.0,98.0
17315.0,0.38,5,93.0,93.0
17320.0,-0.20000000000000007,7,115.0,115.0
17325.0,-0.20000000000000007,4,32.0,32.0
17330.0,0.7100000000000001,7,60.0,60.0
17335.0,-0.30000000000000004,3,50.0,50.0
17340.0,0.37000000000000005,2,23.0,23.0
17345.0,-0.030000000000000027,4,41.0,41.0
17350.0,-0.030000000000000027,0,0.0,0.0
17355.0,0.33,0,0.0,0.0
17360.0,0.0,2,6.0,6.0
17365.0,-0.1,2,16.0,16.0
17370.0,-0.15,8,47.0,47.0
17375.0,-0.42000000000000004,6,73.0,73.0
17380.0,-0.43000000000000005,10,120.0,120.0
17385.0,-0.43000000000000005,4,72.0,72.0
17390.0,0.3400000000000001,5,80.0,80.0
17395.0,-0.08999999999999997,2,48.0,48.0
17400.0,0.73,2,2.0,2.0
17405.0,0.009999999999999995,6,21.0,21.0
17410.0,0.009999999999999995,4,29.0,29.0
17415.0,-0.18,4,49.0,49.0
17420.0,-0.2,3,39.0,39.0
17425.0,0.31999999999999995,3,26.0,26.0
17430.0,-0.17999999999999997,5,25.0,25.0
17435.0,0.06999999999999995,3,31.0,31.0
17440.0,-0.22999999999999998,10,61.0,61.0
17445.0,-0.22999999999999998,9,101.0,101.0
17450.0,-0.5900000000000001,13,153.0,153.0
17455.0,-0.5599999999999998,9,152.0,152.0
17460.0,0.3599999999999999,6,118.0,118.0
17465.0,-0.010000000000000009,8,147.0,147.0
17470.0,-0.010000000000000009,6,133.0,133.0
17475.0,-0.020000000000000018,10,179.0,179.0
17480.0,-0.45999999999999996,7,146.0,146.0
17485.0,1.0,5,78.0,78.0
17490.0,0.030000000000000027,7,52.0,52.0
17495.0,0.44,2,34.0,34.0
17500.0,0.030000000000000027,4,33.0,33.0
17505.0,0.030000000000000027,0,0.0,0.0
17510.0,0.29,0,0.0,0.0
17515.0,-0.04,6,25.0,25.0
17520.0,-0.39,7,57.0,57.0
17525.0,-0.38999999999999996,10,102.0,102.0
17530.0,-0.38999999999999996,6,77.0,77.0
17535.0,0.04999999999999993,10,122.0,122.0
17540.0,-0.44999999999999996,4,106.0,106.0
17545.0,0.43999999999999995,6,75.0,75.0
17550.0,-0.13,8,64.0,64.0
17555.0,0.43000000000000005,5,46.0,46.0
17560.0,-0.09999999999999998,5,63.0,63.0
17565.0,-0.09999999999999998,7,95.0,95.0
17570.0,-0.44000000000000006,7,130.0,130.0
17575.0,-0.3500000000000001,7,117.0,117.0
17580.0,0.5300000000000001,7,98.0,98.0
17585.0,-0.4,12,147.0,147.0
17590.0,-0.4,6,91.0,91.0
17595.0,0.32999999999999996,8,103.0,103.0
17600.0,-0.12,3,82.0,82.0
17605.0,0.45000000000000007,5,55.0,55.0
17610.0,-0.07000000000000006,5,80.0,80.0
17615.0,-0.4,7,112.0,112.0
17620.0,-0.3599999999999999,9,150.0,150.0
17625.0,-0.3599999999999999,4,129.0,129.0
17630.0,0.26,6,121.0,121.0
17635.0,-0.1200000000000001,3,118.0,118.0
17640.0,0.1100000000000001,3,122.0,122.0
17645.0,-0.15000000000000013,3,137.0,137.0
17650.0,-0.15000000000000013,3,27.0,27.0
17655.0,1.04,6,46.0,46.0
17660.0,-0.19,11,97.0,97.0
17665.0,-0.51,7,98.0,98.0
17670.0,0.14,8,97.0,97.0
17675.0,-0.27000000000000013,6,92.0,92.0
17680.0,0.3800000000000001,6,78.0,78.0
17685.0,-0.30000000000000004,6,108.0,108.0
17690.0,-0.30000000000000004,4,31.0,31.0
17695.0,0.67,7,39.0,39.0
17700.0,-0.12,4,54.0,54.0
17705.0,-0.06000000000000005,6,65.0,65.0
17710.0,-0.36,8,105.0,105.0
17715.0,-0.36,4,44.0,44.0
17720.0,0.45,4,50.0,50.0
17725.0,-0.06,1,20.0,20.0
17730.0,0.41000000000000003,8,33.0,33.0
17735.0,-0.4,6,53.0,53.0
17740.0,-0.13,8,70.0,70.0
17745.0,-0.4,8,110.0,110.0
17750.0,-0.4,6,92.0,92.0
17755.0,0.14,6,108.0,108.0
17760.0,-0.2599999999999999,2,89.0,89.0
17765.0,0.3799999999999999,4,84.0,84.0
17770.0,-0.26,8,118.0,118.0
17775.0,-0.26,5,115.0,115.0
17780.0,-0.1299999999999999,8,149.0,149.0
17785.0,-0.3400000000000001,4,151.0,151.0
17790.0,-0.010000000000000009,6,167.0,167.0
17795.0,-0.29000000000000004,4,155.0,155.0
17800.0,0.25,7,161.0,161.0
17805.0,-0.43999999999999995,10,208.0,208.0
17810.0,-0.43999999999999995,9,70.0,70.0
17815.0,1.19,10,119.0,119.0
17820.0,-0.5,7,127.0,127.0
17825.0,0.1100000000000001,10,138.0,138.0
17830.0,-0.52,11,192.0,192.0
17835.0,-0.52,4,112.0,112.0
17840.0,0.5799999999999998,10,121.0,121.0
17845.0,-0.08999999999999986,5,97.0,97.0
17850.0,0.59,4,57.0,57.0
17855.0,-0.030000000000000027,4,42.0,42.0
17860.0,0.47000000000000003,4,22.0,22.0
17865.0,-0.26,6,50.0,50.0
17870.0,-0.26,4,27.0,27.0
17875.0,0.12,10,68.0,68.0
17880.0,-0.46,6,98.0,98.0
17885.0,-0.34999999999999987,10,133.0,133.0
17890.0,-0.5,10,183.0,183.0
17895.0,-0.5,6,106.0,106.0
17900.0,0.5699999999999998,6,112.0,112.0
17905.0,-0.06000000000000005,2,97.0,97.0
17910.0,0.28000000000000014,8,98.0,98.0
17915.0,-0.29999999999999993,6,120.0,120.0
17920.0,-0.1100000000000001,6,131.0,131.0
17925.0,-0.32000000000000006,8,165.0,165.0
17930.0,-0.32000000000000006,4,132.0,132.0
17935.0,0.20999999999999996,6,159.0,159.0
17940.0,-0.2899999999999998,2,153.0,153.0
17945.0,0.15999999999999992,10,167.0,167.0
17950.0,-0.48,10,217.0,217.0
17955.0,-0.48,9,77.0,77.0
17960.0,1.2,10,127.0,127.0
17965.0,-0.5,9,131.0,131.0
17970.0,0.14000000000000012,10,143.0,143.0
17975.0,-0.5,10,134.0,134.0
17980.0,0.41999999999999993,8,129.0,129.0
17985.0,-0.22999999999999998,12,156.0,156.0
17990.0,-0.22999999999999998,4,85.0,85.0
17995.0,0.5499999999999999,6,70.0,70.0
18000.0,0.13,2,54.0,54.0
18005.0,0.52,4,31.0,31.0
18010.0,-0.22000000000000003,6,58.0,58.0
18015.0,-0.22000000000000003,8,81.0,81.0
18020.0,-0.35000000000000003,12,137.0,137.0
18025.0,-0.56,8,126.0,126.0
18030.0,0.3600000000000001,7,97.0,97.0
18035.0,-0.07000000000000006,5,86.0,86.0
18040.0,-0.05999999999999983,9,123.0,123.0
18045.0,-0.4500000000000002,9,168.0,168.0
18050.0,-0.4500000000000002,8,120.0,120.0
18055.0,0.6100000000000001,9,134.0,134.0
18060.0,-0.47,7,128.0,128.0
18065.0,0.3799999999999999,6,99.0,99.0
18070.0,-0.040000000000000036,6,123.0,123.0
18075.0,-0.040000000000000036,0,21.0,21.0
18080.0,0.9000000000000001,2,5.0,5.0
18085.0,0.15999999999999998,2,15.0,15.0
18090.0,-0.19,10,51.0,51.0
18095.0,-0.47,8,83.0,83.0
18100.0,-0.29000000000000004,10,110.0,110.0
18105.0,-0.5,10,160.0,160.0
18110.0,-0.5,6,144.0,144.0
18115.0,0.3899999999999999,6,110.0,110.0
18120.0,-0.019999999999999796,4,68.0,68.0
18125.0,0.7899999999999998,6,23.0,23.0
18130.0,-0.06999999999999995,8,57.0,57.0
18135.0,-0.06999999999999995,5,48.0,48.0
18140.0,-0.07,8,84.0,84.0
18145.0,-0.36,2,66.0,66.0
18150.0,0.42,4,39.0,39.0
18155.0,-0.04999999999999999,2,19.0,19.0
18160.0,0.38,6,15.0,15.0
18165.0,-0.38,8,55.0,55.0
18170.0,-0.38,6,49.0,49.0
18175.0,-0.09999999999999998,8,89.0,89.0
18180.0,-0.4,6,88.0,88.0
18185.0,0.10999999999999999,6,97.0,97.0
18190.0,-0.2899999999999999,6,127.0,127.0
18195.0,-0.2899999999999999,5,83.0,83.0
18200.0,0.31999999999999995,8,119.0,119.0
18205.0,-0.36,6,135.0,135.0
18210.0,-0.13000000000000012,9,155.0,155.0
18215.0,-0.4099999999999999,7,84.0,84.0
18220.0,0.56,10,127.0,127.0
18225.0,-0.54,11,182.0,182.0
18230.0,-0.54,6,120.0,120.0
18235.0,0.43999999999999995,12,137.0,137.0
18240.0,-0.21999999999999997,9,124.0,124.0
18245.0,0.49,8,94.0,94.0
18250.0,-0.1499999999999999,8,131.0,131.0
18255.0,-0.1499999999999999,7,81.0,81.0
18260.0,0.33999999999999986,8,120.0,120.0
18265.0,-0.3899999999999999,4,115.0,115.0
18270.0,0.1299999999999999,10,128.0,128.0
18275.0,-0.4099999999999999,8,161.0,161.0
18280.0,-0.28,8,184.0,184.0
18285.0,-0.44000000000000017,10,230.0,230.0
18290.0,-0.44000000000000017,4,157.0,157.0
18295.0,0.5900000000000001,6,160.0,160.0
18300.0,-0.04999999999999982,2,152.0,152.0
18305.0,0.11999999999999988,10,174.0,174.0
18310.0,-0.5,10,224.0,224.0
18315.0,-0.5,9,84.0,84.0
18320.0,1.2000000000000002,10,134.0,134.0
18325.0,-0.5000000000000001,8,140.0,140.0
18330.0,0.17000000000000015,10,147.0,147.0
18335.0,-0.5,10,137.0,137.0
18340.0,0.42999999999999994,8,122.0,122.0
18345.0,-0.27,12,163.0,163.0
18350.0,-0.27,6,89.0,89.0
18355.0,0.56,6,80.0,80.0
18360.0,0.1499999999999999,3,60.0,60.0
18365.0,0.42000000000000004,6,50.0,50.0
18370.0,-0.31999999999999995,7,84.0,84.0
18375.0,-0.31999999999999995,8,48.0,48.0
18380.0,0.21999999999999997,11,102.0,102.0
18385.0,-0.54,7,107.0,107.0
18390.0,0.09999999999999998,8,103.0,103.0
18395.0,-0.2699999999999999,6,120.0,120.0
18400.0,0.4099999999999999,7,85.0,85.0
18405.0,-0.34999999999999987,8,121.0,121.0
18410.0,-0.34999999999999987,6,103.0,103.0
18415.0,0.11999999999999988,9,136.0,136.0
18420.0,-0.44999999999999996,7,167.0,167.0
18425.0,-0.32000000000000006,9,196.0,196.0
18430.0,-0.4999999999999998,11,250.0,250.0
18435.0,-0.4999999999999998,6,185.0,185.0
18440.0,0.4299999999999997,6,184.0,184.0
18445.0,0.010000000000000009,3,162.0,162.0
18450.0,0.28,11,185.0,185.0
18455.0,-0.5099999999999998,9,79.0,79.0
18460.0,1.1599999999999997,11,102.0,102.0
18465.0,-0.5499999999999999,12,158.0,158.0
18470.0,-0.5499999999999999,7,154.0,154.0
18475.0,0.040000000000000036,8,156.0,156.0
18480.0,-0.21999999999999997,4,150.0,150.0
18485.0,0.1399999999999999,8,166.0,166.0
18490.0,-0.42999999999999994,11,214.0,214.0
18495.0,-0.42999999999999994,5,71.0,71.0
18500.0,1.22,7,64.0,64.0
18505.0,0.06999999999999995,2,53.0,53.0
18510.0,0.25,4,43.0,43.0
18515.0,-0.12,2,19.0,19.0
18520.0,0.44,7,14.0,14.0
18525.0,-0.38,8,53.0,53.0
18530.0,-0.38,6,50.0,50.0
18535.0,-0.12999999999999995,8,90.0,90.0
18540.0,-0.4,6,88.0,88.0
18545.0,0.16999999999999993,6,89.0,89.0
18550.0,-0.26,6,119.0,119.0
18555.0,-0.26,3,75.0,75.0
18560.0,0.32000000000000006,7,103.0,103.0
18565.0,-0.28,5,119.0,119.0
18570.0,-0.1399999999999999,8,137.0,137.0
18575.0,-0.3600000000000001,6,146.0,146.0
18580.0,0.0,6,159.0,159.0
18585.0,-0.30000000000000004,6,189.0,189.0
18590.0,-0.30000000000000004,2,144.0,144.0
18595.0,0.3600000000000001,10,181.0,181.0
18600.0,-0.43999999999999995,6,65.0,65.0
18605.0,1.19,10,92.0,92.0
18610.0,-0.5,10,142.0,142.0
18615.0,-0.5,10,115.0,115.0
18620.0,0.07000000000000006,11,166.0,166.0
18625.0,-0.51,6,154.0,154.0
18630.0,0.42999999999999994,10,117.0,117.0
18635.0,-0.09000000000000008,9,97.0,97.0
18640.0,0.55,5,71.0,71.0
18645.0,-0.06999999999999995,7,91.0,91.0
18650.0,-0.06999999999999995,4,53.0,53.0
18655.0,0.45999999999999996,7,65.0,65.0
18660.0,-0.33999999999999997,3,54.0,54.0
18665.0,0.29,9,51.0,51.0
18670.0,-0.37000000000000005,10,100.0,100.0
18675.0,-0.37000000000000005,6,75.0,75.0
18680.0,0.050000000000000044,8,114.0,114.0
18685.0,-0.3899999999999999,7,111.0,111.0
18690.0,0.23999999999999988,8,114.0,114.0
18695.0,-0.4,7,115.0,115.0
18700.0,0.13000000000000012,8,124.0,124.0
18705.0,-0.44000000000000017,10,171.0,171.0
18710.0,-0.44000000000000017,8,196.0,196.0
18715.0,-0.2899999999999998,10,226.0,226.0
18720.0,-0.45999999999999996,6,203.0,203.0
18725.0,0.6499999999999999,5,156.0,156.0
18730.0,-0.010000000000000009,6,184.0,184.0
18735.0,-0.010000000000000009,6,156.0,156.0
18740.0,0.15999999999999992,10,201.0,201.0
18745.0,-0.44999999999999973,7,80.0,80.0
18750.0,1.2399999999999998,10,107.0,107.0
18755.0,-0.5,9,118.0,118.0
18760.0,0.09000000000000008,10,128.0,128.0
18765.0,-0.5,10,178.0,178.0
18770.0,-0.5,7,134.0,134.0
18775.0,0.47,12,137.0,137.0
18780.0,-0.28,8,125.0,125.0
18785.0,0.5599999999999999,6,76.0,76.0
18790.0,0.15000000000000002,7,91.0,91.0
18795.0,0.15000000000000002,5,38.0,38.0
18800.0,0.4,7,68.0,68.0
18805.0,-0.30000000000000004,5,56.0,56.0
18810.0,0.20000000000000007,11,79.0,79.0
18815.0,-0.53,9,91.0,91.0
18820.0,0.08999999999999997,8,100.0,100.0
18825.0,-0.2799999999999999,8,128.0,128.0
18830.0,-0.2799999999999999,8,79.0,79.0
18835.0,0.32999999999999996,8,119.0,119.0
18840.0,-0.4,6,120.0,120.0
18845.0,0.07000000000000006,10,138.0,138.0
18850.0,-0.51,12,195.0,195.0
18855.0,-0.51,7,160.0,160.0
18860.0,0.10999999999999988,8,189.0,189.0
18865.0,-0.2899999999999998,4,178.0,178.0
18870.0,0.3899999999999999,7,169.0,169.0
18875.0,-0.3500000000000001,6,71.0,71.0
18880.0,0.8400000000000001,12,113.0,113.0
18885.0,-0.6699999999999999,14,182.0,182.0
18890.0,-0.6699999999999999,9,132.0,132.0
18895.0,0.26,10,158.0,158.0
18900.0,-0.26,8,149.0,149.0
18905.0,0.43999999999999995,6,114.0,114.0
18910.0,-0.020000000000000018,6,138.0,138.0
18915.0,-0.020000000000000018,5,34.0,34.0
18920.0,0.9199999999999999,6,60.0,60.0
18925.0,-0.25999999999999995,3,44.0,44.0
18930.0,0.3,5,42.0,42.0
18935.0,-0.22000000000000003,3,27.0,27.0
18940.0,0.41000000000000003,2,13.0,13.0
18945.0,-0.030000000000000013,2,16.0,16.0
18950.0,-0.030000000000000013,3,5.0,5.0
18955.0,0.05000000000000002,8,37.0,37.0
18960.0,-0.36,4,55.0,55.0
18965.0,-0.12999999999999995,8,73.0,73.0
18970.0,-0.39,8,113.0,113.0
18975.0,-0.39,6,81.0,81.0
18980.0,0.15999999999999992,6,110.0,110.0
18985.0,-0.29000000000000004,2,93.0,93.0
18990.0,0.32000000000000006,5,91.0,91.0
18995.0,-0.25,6,109.0,109.0
19000.0,-0.11999999999999988,5,120.0,120.0
19005.0,-0.3600000000000001,8,159.0,159.0
19010.0,-0.3600000000000001,6,147.0,147.0
19015.0,-0.020000000000000018,6,177.0,177.0
19020.0,-0.30000000000000004,3,164.0,164.0
19025.0,0.25,10,176.0,176.0
19030.0,-0.48,10,226.0,226.0
19035.0,-0.48,8,80.0,80.0
19040.0,1.26,10,130.0,130.0
19045.0,-0.5,9,133.0,133.0
19050.0,0.17999999999999994,10,142.0,142.0
19055.0,-0.5099999999999998,10,132.0,132.0
19060.0,0.47,8,124.0,124.0
19065.0,-0.10000000000000009,9,135.0,135.0
19070.0,-0.10000000000000009,3,57.0,57.0
19075.0,0.66,4,51.0,51.0
19080.0,0.04999999999999993,2,29.0,29.0
19085.0,0.38,6,27.0,27.0
19090.0,-0.28,6,57.0,57.0
19095.0,-0.28,6,30.0,30.0
19100.0,0.15000000000000002,10,77.0,77.0
19105.0,-0.47000000000000003,9,105.0,105.0
19110.0,-0.33000000000000007,10,140.0,140.0
19115.0,-0.5,10,128.0,128.0
19120.0,0.44000000000000017,6,110.0,110.0
19125.0,-0.040000000000000036,7,127.0,127.0
19130.0,-0.040000000000000036,4,82.0,82.0
19135.0,0.32999999999999996,8,111.0,111.0
19140.0,-0.31999999999999995,4,127.0,127.0
19145.0,-0.06000000000000005,6,137.0,137.0
19150.0,-0.3500000000000001,8,176.0,176.0
19155.0,-0.3500000000000001,4,142.0,142.0
19160.0,0.18000000000000016,6,167.0,167.0
19165.0,-0.25,3,155.0,155.0
19170.0,0.1399999999999999,10,180.0,180.0
19175.0,-0.47,8,67.0,67.0
19180.0,1.23,9,86.0,86.0
19185.0,-0.44999999999999996,9,131.0,131.0
19190.0,-0.47,13,182.0,182.0
19195.0,-0.47,8,169.0,169.0
19200.0,0.06999999999999984,9,188.0,188.0
19205.0,-0.3599999999999999,9,167.0,167.0
19210.0,0.8400000000000001,7,119.0,119.0
19215.0,-0.19000000000000017,9,150.0,150.0
19220.0,-0.19000000000000017,2,63.0,63.0
19225.0,0.7000000000000001,2,26.0,26.0
19230.0,0.37,5,43.0,43.0
19235.0,-0.29000000000000004,6,73.0,73.0
19240.0,-0.31999999999999995,10,67.0,67.0
19245.0,0.22999999999999998,6,70.0,70.0
19250.0,-0.20999999999999996,7,92.0,92.0
19255.0,-0.20999999999999996,2,43.0,43.0
19260.0,0.39999999999999997,2,45.0,45.0
19265.0,-0.019999999999999962,2,55.0,55.0
19270.0,-0.14,4,69.0,69.0
19275.0,-0.20000000000000007,6,92.0,92.0
19280.0,-0.20000000000000007,6,43.0,43.0
19285.0,0.38000000000000006,8,82.0,82.0
19290.0,-0.38999999999999996,7,95.0,95.0
19295.0,-0.07000000000000006,8,113.0,113.0
19300.0,-0.4,9,97.0,97.0
19305.0,0.5,4,72.0,72.0
19310.0,0.08000000000000007,5,76.0,76.0
19315.0,0.08000000000000007,7,33.0,33.0
19320.0,0.30999999999999994,8,62.0,62.0
19325.0,-0.29999999999999993,6,87.0,87.0
19330.0,-0.30000000000000004,6,112.0,112.0
19335.0,-0.30000000000000004,6,142.0,142.0
19340.0,-0.30000000000000004,4,66.0,66.0
19345.0,0.64,7,96.0,96.0
19350.0,-0.29999999999999993,8,120.0,120.0
19355.0,-0.40000000000000013,8,160.0,160.0
19360.0,-0.4099999999999999,8,158.0,158.0
19365.0,0.29000000000000004,6,149.0,149.0
19370.0,-0.20999999999999996,6,175.0,175.0
19375.0,-0.20999999999999996,6,83.0,83.0
19380.0,0.7999999999999999,6,113.0,113.0
19385.0,-0.30999999999999994,10,94.0,94.0
19390.0,0.07999999999999985,8,123.0,123.0
19395.0,-0.3899999999999999,11,173.0,173.0
19400.0,-0.3899999999999999,4,93.0,93.0
19405.0,0.58,4,69.0,69.0
19410.0,0.2400000000000001,0,35.0,35.0
19415.0,0.6199999999999999,1,3.0,3.0
19420.0,0.0,4,17.0,17.0
19425.0,-0.21000000000000002,5,32.0,32.0
19430.0,-0.10999999999999999,4,43.0,43.0
19435.0,-0.29000000000000004,8,76.0,76.0
19440.0,-0.29000000000000004,3,42.0,42.0
19445.0,0.34,4,38.0,38.0
19450.0,-0.07999999999999996,0,19.0,19.0
19455.0,0.41,4,7.0,7.0
19460.0,-0.29,8,46.0,46.0
19465.0,-0.29,4,43.0,43.0
19470.0,-0.13,8,78.0,78.0
19475.0,-0.35000000000000003,4,73.0,73.0
19480.0,0.09999999999999998,6,84.0,84.0
19485.0,-0.2799999999999999,4,76.0,76.0
19490.0,0.22999999999999998,3,76.0,76.0
19495.0,-0.27,7,107.0,107.0
19500.0,-0.27,5,120.0,120.0
19505.0,-0.18999999999999995,7,145.0,145.0
19510.0,-0.33000000000000007,5,148.0,148.0
19515.0,0.09000000000000008,5,149.0,149.0
19520.0,-0.24,6,179.0,179.0
19525.0,-0.24,3,143.0,143.0
19530.0,0.24,10,182.0,182.0
19535.0,-0.3900000000000001,6,66.0,66.0
19540.0,1.21,10,88.0,88.0
19545.0,-0.4700000000000001,8,100.0,100.0
19550.0,0.13000000000000012,10,105.0,105.0
19555.0,-0.5,10,155.0,155.0
19560.0,-0.5,4,113.0,113.0
19565.0,0.47,10,104.0,104.0
19570.0,-0.15999999999999992,7,90.0,90.0
19575.0,0.4899999999999999,5,57.0,57.0
19580.0,-0.06999999999999995,7,86.0,86.0
19585.0,-0.06999999999999995,3,30.0,30.0
19590.0,0.42,7,56.0,56.0
19595.0,-0.26000000000000006,2,43.0,43.0
19600.0,0.2700000000000001,8,44.0,44.0
19605.0,-0.34,8,79.0,79.0
19610.0,-0.32999999999999996,8,104.0,104.0
19615.0,-0.47,10,153.0,153.0
19620.0,-0.47,6,90.0,90.0
19625.0,0.47,6,103.0,103.0
19630.0,-0.13000000000000012,4,94.0,94.0
19635.0,0.31000000000000005,6,83.0,83.0
19640.0,-0.28,8,122.0,122.0
19645.0,-0.28,6,65.0,65.0
19650.0,0.41000000000000003,8,104.0,104.0
19655.0,-0.39,6,106.0,106.0
19660.0,0.21000000000000008,10,109.0,109.0
19665.0,-0.4600000000000001,8,98.0,98.0
19670.0,0.5,7,86.0,86.0
19675.0,-0.31000000000000005,12,122.0,122.0
19680.0,-0.31000000000000005,6,78.0,78.0
19685.0,0.2600000000000001,8,95.0,95.0
19690.0,-0.19000000000000006,4,91.0,91.0
19695.0,0.33000000000000007,8,85.0,85.0
19700.0,-0.3900000000000001,8,125.0,125.0
19705.0,-0.3900000000000001,7,108.0,108.0
19710.0,0.010000000000000009,10,151.0,151.0
19715.0,-0.42999999999999994,6,159.0,159.0
19720.0,0.050000000000000044,8,158.0,158.0
19725.0,-0.28,6,159.0,159.0
19730.0,0.3400000000000001,4,144.0,144.0
19735.0,-0.28,8,176.0,176.0
19740.0,-0.28,6,74.0,74.0
19745.0,0.86,14,126.0,126.0
19750.0,-0.58,10,132.0,132.0
19755.0,0.17999999999999994,10,124.0,124.0
19760.0,-0.32000000000000006,10,174.0,174.0
19765.0,-0.32000000000000006,4,113.0,113.0
19770.0,0.41000000000000014,6,117.0,117.0
19775.0,-0.040000000000000036,4,79.0,79.0
19780.0,0.8899999999999999,6,45.0,45.0
19785.0,-0.2899999999999999,6,42.0,42.0
19790.0,0.13999999999999996,4,47.0,47.0
19795.0,-0.22000000000000003,6,71.0,71.0
19800.0,-0.22000000000000003,0,10.0,10.0
19805.0,0.55,2,5.0,5.0
19810.0,0.03,0,0.0,0.0
19815.0,0.07,2,2.0,2.0
19820.0,-0.2,8,36.0,36.0
19825.0,-0.2,5,40.0,40.0
19830.0,-0.2,8,77.0,77.0
19835.0,-0.37,4,72.0,72.0
19840.0,0.13,6,81.0,81.0
19845.0,-0.29000000000000004,4,74.0,74.0
19850.0,0.2400000000000001,3,72.0,72.0
19855.0,-0.22000000000000008,8,99.0,99.0
19860.0,-0.43000000000000005,9,143.0,143.0
19865.0,-0.43000000000000005,5,145.0,145.0
19870.0,-0.07999999999999985,7,169.0,169.0
19875.0,-0.3400000000000001,4,156.0,156.0
19880.0,0.3500000000000001,4,140.0,140.0
19885.0,-0.1100000000000001,6,162.0,162.0
19890.0,-0.1100000000000001,9,172.0,172.0
19895.0,-0.19999999999999996,10,222.0,222.0
19900.0,-0.5000000000000002,8,108.0,108.0
19905.0,1.1900000000000002,8,127.0,127.0
19910.0,-0.41999999999999993,8,126.0,126.0
19915.0,0.33999999999999986,8,119.0,119.0
19920.0,-0.43999999999999995,10,165.0,165.0
19925.0,-0.5399999999999998,13,222.0,222.0
19930.0,-0.5399999999999998,6,130.0,130.0
19935.0,0.7499999999999998,6,84.0,84.0
19940.0,0.44000000000000006,2,46.0,46.0
19945.0,0.73,2,9.0,9.0
19950.0,0.020000000000000018,3,20.0,20.0
19955.0,0.020000000000000018,4,40.0,40.0
19960.0,-0.25,11,77.0,77.0
19965.0,-0.37,6,82.0,82.0
19970.0,0.09999999999999998,7,75.0,75.0
19975.0,-0.22999999999999998,6,78.0,78.0
19980.0,0.27,4,67.0,67.0
19985.0,-0.32999999999999996,8,104.0,104.0
19990.0,-0.32999999999999996,3,70.0,70.0
19995.0,0.58,6,43.0,43.0
20000.0,-0.10999999999999999,6,43.0,43.0
20005.0,0.13,4,40.0,40.0
20010.0,-0.16000000000000003,6,64.0,64.0
20015.0,-0.16000000000000003,3,18.0,18.0
20020.0,0.34,5,38.0,38.0
20025.0,-0.2,3,34.0,34.0
20030.0,0.09000000000000002,5,40.0,40.0
20035.0,-0.2700000000000001,9,50.0,50.0
20040.0,0.0,6,62.0,62.0
20045.0,-0.25,8,89.0,89.0
20050.0,-0.25,4,69.0,69.0
20055.0,0.22000000000000008,7,80.0,80.0
20060.0,-0.29000000000000004,4,85.0,85.0
20065.0,-0.010000000000000009,6,100.0,100.0
20070.0,-0.35,10,144.0,144.0
20075.0,-0.35,6,128.0,128.0
20080.0,-0.040000000000000036,7,159.0,159.0
20085.0,-0.31000000000000005,8,199.0,199.0
20090.0,-0.3999999999999999,6,188.0,188.0
20095.0,0.3999999999999999,7,179.0,179.0
20100.0,-0.3599999999999999,6,77.0,77.0
20105.0,0.78,13,130.0,130.0
20110.0,-0.6900000000000002,14,200.0,200.0
20115.0,-0.6900000000000002,10,147.0,147.0
20120.0,0.29000000000000004,10,170.0,170.0
20125.0,-0.22999999999999998,8,162.0,162.0
20130.0,0.44999999999999996,6,123.0,123.0
20135.0,0.020000000000000018,6,145.0,145.0
20140.0,0.020000000000000018,4,32.0,32.0
20145.0,1.01,5,54.0,54.0
20150.0,-0.22000000000000003,2,33.0,33.0
20155.0,0.37,4,25.0,25.0
20160.0,-0.16,2,14.0,14.0
20165.0,0.31,2,4.0,4.0
20170.0,-0.09999999999999999,2,14.0,14.0
20175.0,-0.09999999999999999,6,33.0,33.0
20180.0,-0.28,8,72.0,72.0
20185.0,-0.4,6,68.0,68.0
20190.0,0.18000000000000005,6,74.0,74.0
20195.0,-0.30000000000000004,7,105.0,105.0
20200.0,-0.37,8,145.0,145.0
20205.0,-0.37,2,78.0,78.0
20210.0,0.51,2,73.0,73.0
20215.0,0.050000000000000044,6,98.0,98.0
20220.0,-0.3900000000000001,8,136.0,136.0
20225.0,-0.3999999999999999,6,146.0,146.0
20230.0,0.08000000000000007,6,150.0,150.0
20235.0,-0.31000000000000005,8,183.0,183.0
20240.0,-0.31000000000000005,4,150.0,150.0
20245.0,0.20999999999999996,6,169.0,169.0
20250.0,-0.22999999999999998,7,59.0,59.0
20255.0,1.04,8,89.0,89.0
20260.0,-0.44999999999999996,12,142.0,142.0
20265.0,-0.44999999999999996,6,93.0,93.0
20270.0,0.2499999999999999,8,120.0,120.0
20275.0,-0.2699999999999999,4,100.0,100.0
20280.0,0.5599999999999999,6,80.0,80.0
20285.0,-0.28,6,57.0,57.0
20290.0,0.6100000000000001,2,33.0,33.0
20295.0,0.06,4,29.0,29.0
20300.0,0.06,1,1.0,1.0
20305.0,0.23,1,6.0,6.0
20310.0,-0.05,3,17.0,17.0
20315.0,-0.19,3,32.0,32.0
20320.0,-0.19,9,63.0,63.0
20325.0,-0.19,7,93.0,93.0
20330.0,-0.48000000000000004,11,134.0,134.0
20335.0,-0.41000000000000003,5,120.0,120.0
20340.0,0.4800000000000001,4,75.0,75.0
20345.0,0.09999999999999998,4,39.0,39.0
20350.0,0.68,0,8.0,8.0
20355.0,0.0,3,11.0,11.0
20360.0,0.0,6,35.0,35.0
20365.0,-0.35,8,75.0,75.0
20370.0,-0.41,7,92.0,92.0
20375.0,-0.08000000000000007,8,108.0,108.0
20380.0,-0.41000000000000003,11,155.0,155.0
20385.0,-0.41000000000000003,4,85.0,85.0
20390.0,0.4800000000000001,8,76.0,76.0
20395.0,0.08999999999999997,6,72.0,72.0
20400.0,0.21999999999999997,6,63.0,63.0
20405.0,-0.24,6,70.0,70.0
20410.0,0.21999999999999997,5,61.0,61.0
20415.0,-0.25,7,88.0,88.0
20420.0,-0.25,6,117.0,117.0
20425.0,-0.41999999999999993,8,154.0,154.0
20430.0,-0.4099999999999999,8,146.0,146.0
20435.0,0.33999999999999986,6,125.0,125.0
20440.0,-0.11999999999999988,7,155.0,155.0
20445.0,-0.11999999999999988,5,127.0,127.0
20450.0,0.1499999999999999,5,152.0,152.0
20455.0,-0.25,6,55.0,55.0
20460.0,0.8300000000000001,7,90.0,90.0
20465.0,-0.3800000000000001,13,96.0,96.0
20470.0,0.010000000000000009,9,106.0,106.0
20475.0,-0.4099999999999999,11,158.0,158.0
20480.0,-0.4099999999999999,4,122.0,122.0
20485.0,0.43999999999999995,4,91.0,91.0
20490.0,0.07000000000000006,3,61.0,61.0
20495.0,0.77,3,25.0,25.0
20500.0,-0.19,7,52.0,52.0
20505.0,-0.19,5,56.0,56.0
20510.0,-0.18000000000000005,6,84.0,84.0
20515.0,-0.2799999999999999,2,55.0,55.0
20520.0,0.55,3,27.0,27.0
20525.0,-0.040000000000000036,5,45.0,45.0
20530.0,-0.32,5,70.0,70.0
20535.0,-0.2899999999999999,11,105.0,105.0
20540.0,-0.2899999999999999,7,83.0,83.0
20545.0,0.039999999999999925,8,111.0,111.0
20550.0,-0.2899999999999999,5,89.0,89.0
20555.0,0.49,4,63.0,63.0
20560.0,-0.08000000000000007,8,92.0,92.0
20565.0,-0.08000000000000007,3,24.0,24.0
20570.0,0.54,4,36.0,36.0
20575.0,-0.12,4,30.0,30.0
20580.0,0.15,4,33.0,33.0
20585.0,-0.22,4,32.0,32.0
20590.0,0.22,6,27.0,27.0
20595.0,-0.31000000000000005,7,59.0,59.0
20600.0,-0.31000000000000005,6,61.0,61.0
20605.0,-0.10999999999999999,7,88.0,88.0
20610.0,-0.35,10,101.0,101.0
20615.0,0.16999999999999993,6,65.0,65.0
20620.0,0.1100000000000001,8,84.0,84.0
20625.0,0.1100000000000001,5,57.0,57.0
20630.0,0.13,9,91.0,91.0
20635.0,-0.3400000000000001,5,100.0,100.0
20640.0,-0.10999999999999999,7,120.0,120.0
20645.0,-0.32000000000000006,8,118.0,118.0
20650.0,0.16000000000000014,6,124.0,124.0
20655.0,-0.24,8,150.0,150.0
20660.0,-0.24,5,125.0,125.0
20665.0,0.11999999999999988,6,154.0,154.0
20670.0,-0.31000000000000005,6,160.0,160.0
20675.0,-0.10999999999999988,6,184.0,184.0
20680.0,-0.32000000000000006,13,229.0,229.0
20685.0,-0.6699999999999999,14,299.0,299.0
20690.0,-0.6699999999999999,13,180.0,180.0
20695.0,0.9099999999999999,14,249.0,249.0
20700.0,-0.6900000000000002,10,238.0,238.0
20705.0,0.5600000000000003,8,173.0,173.0
20710.0,0.29000000000000004,8,181.0,181.0
20715.0,-0.3400000000000001,11,183.0,183.0
20720.0,0.07000000000000006,9,200.0,200.0
20725.0,-0.42000000000000015,10,243.0,243.0
20730.0,-0.42000000000000015,3,133.0,133.0
20735.0,1.44,5,48.0,48.0
20740.0,0.36,4,36.0,36.0
20745.0,0.24000000000000005,3,34.0,34.0
20750.0,-0.14,6,53.0,53.0
20755.0,-0.14,7,36.0,36.0
20760.0,0.07,7,68.0,68.0
20765.0,-0.32000000000000006,5,74.0,74.0
20770.0,0.08000000000000007,5,75.0,75.0
20775.0,-0.27,7,74.0,74.0
20780.0,0.13,4,78.0,78.0
20785.0,-0.14,4,92.0,92.0
20790.0,-0.14,6,97.0,97.0
20795.0,-0.13,8,131.0,131.0
20800.0,-0.3799999999999999,5,141.0,141.0
20805.0,0.05999999999999983,7,147.0,147.0
20810.0,-0.34999999999999987,8,183.0,183.0
20815.0,-0.34999999999999987,5,155.0,155.0
20820.0,0.1299999999999999,5,180.0,180.0
20825.0,-0.25,12,228.0,228.0
20830.0,-0.47999999999999976,8,238.0,238.0
20835.0,0.009999999999999787,10,247.0,247.0
20840.0,-0.3999999999999999,8,118.0,118.0
20845.0,1.6199999999999999,8,113.0,113.0
20850.0,-0.48,10,163.0,163.0
20855.0,-0.48,8,93.0,93.0
20860.0,0.52,10,138.0,138.0
20865.0,-0.47,8,129.0,129.0
20870.0,0.47,5,85.0,85.0
20875.0,0.07000000000000006,6,106.0,106.0
20880.0,0.07000000000000006,2,25.0,25.0
20885.0,0.69,2,20.0,20.0
20890.0,0.04999999999999999,4,37.0,37.0
20895.0,-0.25,8,63.0,63.0
20900.0,-0.36999999999999994,10,68.0,68.0
20905.0,0.1499999999999999,7,74.0,74.0
20910.0,-0.26,8,101.0,101.0
20915.0,-0.26,4,78.0,78.0
20920.0,0.27,8,94.0,94.0
20925.0,-0.36,4,71.0,71.0
20930.0,0.6100000000000001,4,34.0,34.0
20935.0,-0.09000000000000002,8,65.0,65.0
20940.0,-0.09000000000000002,4,35.0,35.0
20945.0,0.15000000000000002,6,57.0,57.0
20950.0,-0.21999999999999997,2,45.0,45.0
20955.0,0.36999999999999994,3,28.0,28.0
20960.0,-0.16999999999999998,4,19.0,19.0
20965.0,0.22,3,18.0,18.0
20970.0,-0.28,10,53.0,53.0
20975.0,-0.28,6,56.0,56.0
20980.0,-0.11000000000000004,8,82.0,82.0
20985.0,-0.36,4,83.0,83.0
20990.0,0.26,8,78.0,78.0
20995.0,-0.38,8,118.0,118.0
21000.0,-0.38,5,92.0,92.0
21005.0,0.09999999999999998,9,129.0,129.0
21010.0,-0.37,12,185.0,185.0
21015.0,-0.56,8,188.0,188.0
21020.0,0.08000000000000007,8,187.0,187.0
21025.0,-0.2599999999999998,7,182.0,182.0
21030.0,0.3699999999999999,7,173.0,173.0
21035.0,-0.3899999999999999,8,213.0,213.0
21040.0,-0.3899999999999999,13,246.0,246.0
21045.0,-0.54,13,311.0,311.0
21050.0,-0.6500000000000004,12,354.0,354.0
21055.0,-0.5799999999999996,13,408.0,408.0
21060.0,-0.6499999999999999,14,474.0,474.0
21065.0,-0.6499999999999999,7,361.0,361.0
21070.0,0.8599999999999999,9,323.0,323.0
21075.0,0.3799999999999999,8,333.0,333.0
21080.0,-0.1499999999999999,12,367.0,367.0
21085.0,-0.5300000000000002,11,190.0,190.0
21090.0,2.56,10,145.0,145.0
21095.0,-0.5599999999999998,12,203.0,203.0
21100.0,-0.5599999999999998,7,176.0,176.0
21105.0,0.2899999999999998,8,161.0,161.0
21110.0,-0.06999999999999984,7,130.0,130.0
21115.0,0.7999999999999999,10,107.0,107.0
21120.0,-0.4700000000000001,11,157.0,157.0
21125.0,-0.4700000000000001,6,93.0,93.0
21130.0,0.43000000000000005,6,93.0,93.0
21135.0,0.0,2,74.0,74.0
21140.0,0.38,2,59.0,59.0
21145.0,-0.08999999999999997,4,76.0,76.0
21150.0,-0.28,4,96.0,96.0
21155.0,-0.21999999999999986,6,120.0,120.0
21160.0,-0.3400000000000001,8,156.0,156.0
21165.0,-0.3400000000000001,4,126.0,126.0
21170.0,0.17999999999999994,6,147.0,147.0
21175.0,-0.22999999999999998,2,139.0,139.0
21180.0,0.17999999999999994,2,139.0,139.0
21185.0,-0.1499999999999999,10,167.0,167.0
21190.0,-0.1499999999999999,6,41.0,41.0
21195.0,1.09,10,79.0,79.0
21200.0,-0.38000000000000006,6,89.0,89.0
21205.0,0.07000000000000006,9,95.0,95.0
21210.0,-0.42999999999999994,8,93.0,93.0
21215.0,0.3899999999999999,4,80.0,80.0
21220.0,-0.10999999999999999,9,96.0,96.0
21225.0,-0.10999999999999999,5,58.0,58.0
21230.0,0.41,6,57.0,57.0
21235.0,-0.16999999999999998,2,50.0,50.0
21240.0,0.3,4,41.0,41.0
21245.0,-0.23000000000000004,8,72.0,72.0
21250.0,-0.23000000000000004,2,25.0,25.0
21255.0,0.31000000000000005,6,34.0,34.0
21260.0,-0.09000000000000002,6,43.0,43.0
21265.0,-0.12999999999999995,7,67.0,67.0
21270.0,-0.36,6,73.0,73.0
21275.0,0.22999999999999998,4,64.0,64.0
21280.0,-0.30000000000000004,8,98.0,98.0
21285.0,-0.30000000000000004,4,83.0,83.0
21290.0,0.08999999999999997,5,99.0,99.0
21295.0,-0.26,6,105.0,105.0
21300.0,-0.10999999999999988,8,134.0,134.0
21305.0,-0.40000000000000013,8,174.0,174.0
21310.0,-0.40000000000000013,6,146.0,146.0
21315.0,0.1200000000000001,7,178.0,178.0
21320.0,-0.32000000000000006,4,171.0,171.0
21325.0,0.19999999999999996,5,165.0,165.0
21330.0,-0.22999999999999998,10,63.0,63.0
21335.0,0.9700000000000001,8,92.0,92.0
21340.0,-0.4700000000000001,12,143.0,143.0
21345.0,-0.4700000000000001,6,98.0,98.0
21350.0,0.27,8,122.0,122.0
21355.0,-0.26,4,103.0,103.0
21360.0,0.66,6,76.0,76.0
21365.0,-0.30999999999999994,8,111.0,111.0
21370.0,-0.30999999999999994,2,38.0,38.0
21375.0,0.57,4,31.0,31.0
21380.0,0.07,1,13.0,13.0
21385.0,0.28,1,6.0,6.0
21390.0,-0.05,2,13.0,13.0
21395.0,-0.11,1,5.0,5.0
21400.0,0.16,6,9.0,9.0
21405.0,-0.38,8,49.0,49.0
21410.0,-0.38,6,57.0,57.0
21415.0,-0.15999999999999998,7,85.0,85.0
21420.0,-0.3500000000000001,5,77.0,77.0
21425.0,0.22000000000000008,5,80.0,80.0
21430.0,-0.25,7,108.0,108.0
21435.0,-0.25,8,144.0,144.0
21440.0,-0.49,10,186.0,186.0
21445.0,-0.42000000000000015,9,225.0,225.0
21450.0,-0.5700000000000001,10,272.0,272.0
21455.0,-0.5099999999999998,9,246.0,246.0
21460.0,0.8799999999999999,4,210.0,210.0
21465.0,0.52,4,158.0,158.0
21470.0,0.52,7,165.0,165.0
21475.0,-0.17999999999999994,13,215.0,215.0
21480.0,-0.5599999999999998,11,245.0,245.0
21485.0,-0.2400000000000002,10,264.0,264.0
21490.0,-0.3900000000000001,10,311.0,311.0
21495.0,-0.3900000000000001,8,119.0,119.0
21500.0,1.7200000000000002,10,167.0,167.0
21505.0,-0.48,8,156.0,156.0
21510.0,0.51,10,146.0,146.0
21515.0,-0.52,10,139.0,139.0
21520.0,0.44999999999999996,6,129.0,129.0
21525.0,-0.14000000000000012,8,145.0,145.0
21530.0,-0.14000000000000012,0,49.0,49.0
21535.0,0.8700000000000001,2,9.0,9.0
21540.0,0.39,2,19.0,19.0
21545.0,-0.24,9,53.0,53.0
21550.0,-0.45000000000000007,10,99.0,99.0
21555.0,-0.45000000000000007,11,128.0,128.0
21560.0,-0.48,11,183.0,183.0
21565.0,-0.55,8,193.0,193.0
21570.0,0.06000000000000005,8,184.0,184.0
21575.0,-0.18999999999999995,6,131.0,131.0
21580.0,1.12,4,65.0,65.0
21585.0,0.43999999999999995,6,46.0,46.0
21590.0,0.43999999999999995,11,95.0,95.0
21595.0,-0.66,13,155.0,155.0
21600.0,-0.6299999999999999,10,174.0,174.0
21605.0,-0.07000000000000006,10,185.0,185.0
21610.0,-0.3899999999999999,10,235.0,235.0
21615.0,-0.3899999999999999,8,173.0,173.0
21620.0,0.41999999999999993,12,208.0,208.0
21625.0,-0.3500000000000001,6,169.0,169.0
21630.0,1.1300000000000001,8,96.0,96.0
21635.0,0.039999999999999925,6,77.0,77.0
21640.0,0.12,5,83.0,83.0
21645.0,-0.28,6,113.0,113.0
21650.0,-0.28,5,98.0,98.0
21655.0,0.21000000000000008,8,116.0,116.0
21660.0,-0.39,6,141.0,141.0
21665.0,-0.21999999999999997,8,163.0,163.0
21670.0,-0.44999999999999996,10,212.0,212.0
21675.0,-0.44999999999999996,6,167.0,167.0
21680.0,0.25,6,184.0,184.0
21685.0,-0.17000000000000015,4,165.0,165.0
21690.0,0.27,9,183.0,183.0
21695.0,-0.45999999999999974,8,71.0,71.0
21700.0,1.1999999999999997,10,93.0,93.0
21705.0,-0.5000000000000001,10,143.0,143.0
21710.0,-0.5000000000000001,9,143.0,143.0
21715.0,0.21999999999999997,10,151.0,151.0
21720.0,-0.51,8,144.0,144.0
21725.0,0.44000000000000017,10,113.0,113.0
21730.0,-0.15000000000000013,10,153.0,153.0
21735.0,-0.15000000000000013,5,79.0,79.0
21740.0,0.54,6,83.0,83.0
21745.0,-0.039999999999999925,3,67.0,67.0
21750.0,0.48,6,52.0,52.0
21755.0,-0.30000000000000004,5,47.0,47.0
21760.0,0.22000000000000003,9,44.0,44.0
21765.0,-0.38999999999999996,10,92.0,92.0
21770.0,-0.38999999999999996,9,109.0,109.0
21775.0,-0.30999999999999994,10,153.0,153.0
21780.0,-0.5,7,134.0,134.0
21785.0,0.5599999999999998,6,96.0,96.0
21790.0,-0.05999999999999983,6,125.0,125.0
21795.0,-0.05999999999999983,6,82.0,82.0
21800.0,0.30999999999999994,8,117.0,117.0
21805.0,-0.35,4,130.0,130.0
21810.0,-0.07000000000000006,6,141.0,141.0
21815.0,-0.32000000000000006,6,137.0,137.0
21820.0,0.18000000000000016,4,142.0,142.0
21825.0,-0.26,6,170.0,170.0
21830.0,-0.26,2,143.0,143.0
21835.0,0.15999999999999992,10,182.0,182.0
21840.0,-0.43999999999999995,6,67.0,67.0
21845.0,1.19,10,93.0,93.0
21850.0,-0.5,10,143.0,143.0
21855.0,-0.5,10,112.0,112.0
21860.0,0.10999999999999988,10,162.0,162.0
21865.0,-0.5,7,145.0,145.0
21870.0,0.4700000000000002,11,124.0,124.0
21875.0,-0.31000000000000005,10,117.0,117.0
21880.0,0.5299999999999999,6,99.0,99.0
21885.0,0.14,6,85.0,85.0
21890.0,0.14,4,50.0,50.0
21895.0,0.43000000000000005,7,59.0,59.0
21900.0,-0.30000000000000004,3,47.0,47.0
21905.0,0.21000000000000002,10,64.0,64.0
21910.0,-0.52,11,119.0,119.0
21915.0,-0.52,7,88.0,88.0
21920.0,0.08999999999999997,8,112.0,112.0
21925.0,-0.2400000000000001,4,102.0,102.0
21930.0,0.3500000000000001,7,98.0,98.0
21935.0,-0.3500000000000001,7,100.0,100.0
21940.0,0.050000000000000044,8,115.0,115.0
21945.0,-0.44999999999999996,11,163.0,163.0
21950.0,-0.44999999999999996,8,173.0,173.0
21955.0,-0.30000000000000004,11,223.0,223.0
21960.0,-0.5199999999999998,7,213.0,213.0
21965.0,0.43999999999999995,6,176.0,176.0
21970.0,0.04999999999999982,6,197.0,197.0
21975.0,0.04999999999999982,6,160.0,160.0
21980.0,0.25,11,212.0,212.0
21985.0,-0.52,10,98.0,98.0
21990.0,1.1300000000000001,11,132.0,132.0
21995.0,-0.55,11,149.0,149.0
22000.0,0.06000000000000005,8,156.0,156.0
22005.0,-0.21999999999999997,8,178.0,178.0
22010.0,-0.42000000000000015,10,222.0,222.0
22015.0,-0.42000000000000015,8,203.0,203.0
22020.0,0.14000000000000012,10,231.0,231.0
22025.0,-0.43000000000000016,10,281.0,281.0
22030.0,-0.5099999999999998,8,223.0,223.0
22035.0,1.6199999999999999,4,96.0,96.0
22040.0,0.54,8,92.0,92.0
22045.0,0.54,4,31.0,31.0
22050.0,0.45,9,58.0,58.0
22055.0,-0.26999999999999996,6,65.0,65.0
22060.0,-0.06000000000000005,8,87.0,87.0
22065.0,-0.39,6,90.0,90.0
22070.0,0.27,7,83.0,83.0
22075.0,-0.3899999999999999,8,123.0,123.0
22080.0,-0.3899999999999999,4,97.0,97.0
22085.0,0.1399999999999999,10,131.0,131.0
22090.0,-0.3999999999999999,6,162.0,162.0
22095.0,-0.27,7,181.0,181.0
22100.0,-0.3699999999999999,9,222.0,222.0
22105.0,-0.3699999999999999,4,148.0,148.0
22110.0,0.5699999999999998,6,157.0,157.0
22115.0,-0.09000000000000008,2,152.0,152.0
22120.0,0.08000000000000007,8,169.0,169.0
22125.0,-0.3999999999999999,8,57.0,57.0
22130.0,1.2399999999999998,6,71.0,71.0
22135.0,-0.44000000000000006,10,119.0,119.0
22140.0,-0.44000000000000006,7,85.0,85.0
22145.0,0.15000000000000013,10,133.0,133.0
22150.0,-0.49,8,121.0,121.0
22155.0,0.4099999999999999,8,97.0,97.0
22160.0,-0.21999999999999997,11,145.0,145.0
22165.0,-0.21999999999999997,4,76.0,76.0
22170.0,0.48,6,71.0,71.0
22175.0,0.050000000000000044,2,53.0,53.0
22180.0,0.45999999999999996,4,37.0,37.0
22185.0,-0.21999999999999997,4,25.0,25.0
22190.0,0.30999999999999994,3,19.0,19.0
22195.0,-0.32999999999999996,10,59.0,59.0
22200.0,-0.32999999999999996,6,71.0,71.0
22205.0,-0.29000000000000004,10,115.0,115.0
22210.0,-0.47,6,105.0,105.0
22215.0,0.41000000000000003,6,77.0,77.0
22220.0,-0.09999999999999998,6,106.0,106.0
22225.0,-0.09999999999999998,4,71.0,71.0
22230.0,0.22999999999999998,8,105.0,105.0
22235.0,-0.3400000000000001,6,132.0,132.0
22240.0,-0.28,8,156.0,156.0
22245.0,-0.3899999999999999,8,156.0,156.0
22250.0,0.28,5,149.0,149.0
22255.0,-0.20999999999999996,6,171.0,171.0
22260.0,-0.20999999999999996,2,142.0,142.0
22265.0,0.27,10,164.0,164.0
22270.0,-0.3600000000000001,6,56.0,56.0
22275.0,1.13,9,78.0,78.0
22280.0,-0.4600000000000001,10,127.0,127.0
22285.0,-0.4600000000000001,10,159.0,159.0
22290.0,-0.52,10,209.0,209.0
22295.0,-0.4999999999999998,8,193.0,193.0
22300.0,0.5799999999999998,10,179.0,179.0
22305.0,-0.4999999999999998,10,154.0,154.0
22310.0,0.8799999999999999,2,115.0,115.0
22315.0,0.5799999999999998,4,52.0,52.0
22320.0,0.5799999999999998,3,15.0,15.0
22325.0,0.37000000000000005,5,32.0,32.0
22330.0,-0.19,1,22.0,22.0
22335.0,0.29,5,10.0,10.0
22340.0,-0.24,8,48.0,48.0
22345.0,-0.24,6,51.0,51.0
22350.0,-0.19,8,91.0,91.0
22355.0,-0.4,4,84.0,84.0
22360.0,0.12,6,97.0,97.0
22365.0,-0.30000000000000004,4,84.0,84.0
22370.0,0.3500000000000001,4,77.0,77.0
22375.0,-0.30000000000000004,8,112.0,112.0
22380.0,-0.30000000000000004,4,116.0,116.0
22385.0,-0.15999999999999992,6,143.0,143.0
22390.0,-0.29000000000000004,4,134.0,134.0
22395.0,0.17999999999999994,5,140.0,140.0
22400.0,-0.26,6,169.0,169.0
22405.0,-0.26,2,145.0,145.0
22410.0,0.1200000000000001,10,179.0,179.0
22415.0,-0.3400000000000001,6,60.0,60.0
22420.0,1.2200000000000002,10,84.0,84.0
22425.0,-0.4700000000000001,8,98.0,98.0
22430.0,0.10999999999999999,9,102.0,102.0
22435.0,-0.4899999999999999,10,152.0,152.0
22440.0,-0.4899999999999999,6,96.0,96.0
22445.0,0.3999999999999999,9,115.0,115.0
22450.0,-0.24,8,104.0,104.0
22455.0,0.5,6,59.0,59.0
22460.0,0.08999999999999997,6,79.0,79.0
22465.0,0.08999999999999997,3,27.0,27.0
22470.0,0.4,7,56.0,56.0
22475.0,-0.29000000000000004,3,45.0,45.0
22480.0,0.21000000000000008,8,50.0,50.0
22485.0,-0.35,9,61.0,61.0
22490.0,0.06999999999999995,7,70.0,70.0
22495.0,-0.30999999999999994,8,102.0,102.0
22500.0,-0.30999999999999994,4,78.0,78.0
22505.0,0.2799999999999999,8,97.0,97.0
22510.0,-0.39,4,96.0,96.0
22515.0,0.08000000000000007,8,111.0,111.0
22520.0,-0.4099999999999999,11,159.0,159.0
22525.0,-0.4099999999999999,7,136.0,136.0
22530.0,0.019999999999999796,8,171.0,171.0
22535.0,-0.34999999999999987,4,165.0,165.0
22540.0,0.30000000000000004,6,158.0,158.0
22545.0,-0.30000000000000004,6,61.0,61.0
22550.0,0.84,9,96.0,96.0
22555.0,-0.5399999999999999,14,155.0,155.0
22560.0,-0.5399999999999999,8,124.0,124.0
22565.0,0.26,10,138.0,138.0
22570.0,-0.33000000000000007,7,132.0,132.0
22575.0,0.3899999999999999,6,99.0,99.0
22580.0,-0.05999999999999983,6,127.0,127.0
22585.0,-0.05999999999999983,3,27.0,27.0
22590.0,0.8799999999999999,5,49.0,49.0
22595.0,-0.21999999999999997,3,37.0,37.0
22600.0,0.19,3,39.0,39.0
22605.0,-0.15000000000000002,3,19.0,19.0
22610.0,0.41000000000000003,1,1.0,1.0
22615.0,-0.049999999999999996,2,11.0,11.0
22620.0,-0.049999999999999996,0,0.0,0.0
22625.0,0.09,8,17.0,17.0
22630.0,-0.25,4,39.0,39.0
22635.0,-0.15999999999999998,5,51.0,51.0
22640.0,-0.34,8,91.0,91.0
22645.0,-0.34,5,65.0,65.0
22650.0,0.09999999999999998,6,95.0,95.0
22655.0,-0.29999999999999993,3,83.0,83.0
22660.0,0.22999999999999998,6,84.0,84.0
22665.0,-0.26,7,112.0,112.0
22670.0,-0.22999999999999998,6,127.0,127.0
22675.0,-0.33000000000000007,9,163.0,163.0
22680.0,-0.33000000000000007,4,137.0,137.0
22685.0,0.1100000000000001,6,163.0,163.0
22690.0,-0.26,2,152.0,152.0
22695.0,0.28,5,149.0,149.0
22700.0,-0.33000000000000007,10,194.0,194.0
22705.0,-0.33000000000000007,6,57.0,57.0
22710.0,1.17,10,98.0,98.0
22715.0,-0.41000000000000003,8,106.0,106.0
22720.0,0.05999999999999994,10,122.0,122.0
22725.0,-0.4999999999999999,9,113.0,113.0
22730.0,0.45999999999999996,7,91.0,91.0
22735.0,-0.13000000000000012,10,119.0,119.0
22740.0,-0.13000000000000012,4,54.0,54.0
22745.0,0.5100000000000001,4,56.0,56.0
22750.0,-0.020000000000000018,2,40.0,40.0
22755.0,0.48,4,19.0,19.0
22760.0,-0.2,6,44.0,44.0
22765.0,-0.2,3,24.0,24.0
22770.0,0.08000000000000002,9,60.0,60.0
22775.0,-0.36,6,63.0,63.0
22780.0,-0.010000000000000009,8,85.0,85.0
22785.0,-0.4,6,88.0,88.0
22790.0,0.24,7,84.0,84.0
22795.0,-0.3899999999999999,8,124.0,124.0
22800.0,-0.3899999999999999,4,100.0,100.0
22805.0,0.22999999999999987,9,122.0,122.0
22810.0,-0.39,6,129.0,129.0
22815.0,0.0,6,144.0,144.0
22820.0,-0.30000000000000004,8,178.0,178.0
22825.0,-0.30000000000000004,5,132.0,132.0
22830.0,0.30000000000000004,8,167.0,167.0
22835.0,-0.34999999999999987,6,70.0,70.0
22840.0,0.85,11,113.0,113.0
22845.0,-0.5599999999999999,12,167.0,167.0
22850.0,-0.6400000000000001,13,215.0,215.0
22855.0,-0.6800000000000002,14,284.0,284.0
22860.0,-0.6800000000000002,8,204.0,204.0
22865.0,0.5900000000000003,8,183.0,183.0
22870.0,0.19999999999999996,5,130.0,130.0
22875.0,1.15,3,40.0,40.0
22880.0,0.43,9,49.0,49.0
22885.0,0.43,6,41.0,41.0
22890.0,-0.07999999999999996,7,73.0,73.0
22895.0,-0.32,3,66.0,66.0
22900.0,0.3,5,58.0,58.0
22905.0,-0.25999999999999995,5,46.0,46.0
22910.0,0.43999999999999995,3,28.0,28.0
22915.0,-0.28,10,63.0,63.0
22920.0,-0.28,7,76.0,76.0
22925.0,-0.30999999999999994,10,123.0,123.0
22930.0,-0.4900000000000001,6,114.0,114.0
22935.0,0.41000000000000003,5,82.0,82.0
22940.0,-0.05999999999999994,6,110.0,110.0
22945.0,-0.05999999999999994,5,75.0,75.0
22950.0,0.22999999999999998,7,106.0,106.0
22955.0,-0.31000000000000005,10,152.0,152.0
22960.0,-0.45999999999999996,6,169.0,169.0
22965.0,-0.10999999999999988,8,187.0,187.0
22970.0,-0.3999999999999999,7,174.0,174.0
22975.0,0.45999999999999974,4,151.0,151.0
22980.0,0.020000000000000018,4,159.0,159.0
22985.0,0.020000000000000018,8,163.0,163.0
22990.0,-0.15999999999999992,9,207.0,207.0
22995.0,-0.4500000000000002,7,85.0,85.0
23000.0,1.3400000000000003,7,96.0,96.0
23005.0,-0.36,8,134.0,134.0
23010.0,-0.36,6,114.0,114.0
23015.0,0.040000000000000036,6,139.0,139.0
23020.0,-0.25,4,99.0,99.0
23025.0,0.98,5,53.0,53.0
23030.0,-0.24000000000000005,5,42.0,42.0
23035.0,0.41000000000000003,4,24.0,24.0
23040.0,-0.16000000000000003,4,44.0,44.0
23045.0,-0.16000000000000003,1,4.0,4.0
23050.0,0.35000000000000003,1,9.0,9.0
23055.0,-0.05,4,19.0,19.0
23060.0,-0.15,6,36.0,36.0
23065.0,-0.22999999999999998,7,62.0,62.0
23070.0,-0.38,8,102.0,102.0
23075.0,-0.38,5,64.0,64.0
23080.0,0.21999999999999997,8,97.0,97.0
23085.0,-0.32999999999999996,4,91.0,91.0
23090.0,0.15000000000000002,5,96.0,96.0
23095.0,-0.27000000000000013,8,105.0,105.0
23100.0,-0.08999999999999986,6,124.0,124.0
23105.0,-0.30000000000000004,6,154.0,154.0
23110.0,-0.30000000000000004,4,114.0,114.0
23115.0,0.30000000000000004,7,137.0,137.0
23120.0,-0.26,6,44.0,44.0
23125.0,0.82,7,75.0,75.0
23130.0,-0.45000000000000007,13,132.0,132.0
23135.0,-0.45000000000000007,8,103.0,103.0
23140.0,0.040000000000000036,10,133.0,133.0
23145.0,-0.30000000000000004,4,115.0,115.0
23150.0,0.4700000000000001,6,91.0,91.0
23155.0,-0.17000000000000004,4,64.0,64.0
23160.0,0.76,4,31.0,31.0
23165.0,-0.26,6,59.0,59.0
23170.0,-0.26,2,19.0,19.0
23175.0,0.32000000000000006,3,30.0,30.0
23180.0,-0.13000000000000003,0,10.0,10.0
23185.0,0.34,0,0.0,0.0
23190.0,0.0,2,4.0,4.0
23195.0,-0.1,2,14.0,14.0
23200.0,-0.13999999999999999,8,39.0,39.0
23205.0,-0.13999999999999999,6,42.0,42.0
23210.0,-0.18,7,74.0,74.0
23215.0,-0.32,4,74.0,74.0
23220.0,0.20999999999999996,5,66.0,66.0
23225.0,-0.25,6,71.0,71.0
23230.0,-0.030000000000000027,6,87.0,87.0
23235.0,-0.31000000000000005,7,119.0,119.0
23240.0,-0.31000000000000005,6,102.0,102.0
23245.0,0.040000000000000036,6,131.0,131.0
23250.0,-0.2999999999999998,4,134.0,134.0
23255.0,0.1299999999999999,6,137.0,137.0
23260.0,-0.32000000000000006,8,173.0,173.0
23265.0,-0.32000000000000006,6,167.0,167.0
23270.0,-0.09999999999999987,11,202.0,202.0
23275.0,-0.3500000000000001,14,271.0,271.0
23280.0,-0.69,12,178.0,178.0
23285.0,0.8300000000000001,14,230.0,230.0
23290.0,-0.7000000000000002,13,226.0,226.0
23295.0,0.54,8,212.0,212.0
23300.0,0.33000000000000007,8,173.0,173.0
23305.0,-0.33999999999999986,10,215.0,215.0
23310.0,-0.33999999999999986,8,200.0,200.0
23315.0,0.10999999999999988,10,229.0,229.0
23320.0,-0.4500000000000002,6,175.0,175.0
23325.0,1.5,4,65.0,65.0
23330.0,0.42000000000000004,4,55.0,55.0
23335.0,-0.26,7,87.0,87.0
23340.0,-0.26,3,27.0,27.0
23345.0,0.45999999999999996,9,55.0,55.0
23350.0,-0.28,6,61.0,61.0
23355.0,-0.019999999999999907,8,79.0,79.0
23360.0,-0.38,6,81.0,81.0
23365.0,0.2799999999999999,5,72.0,72.0
23370.0,-0.33999999999999997,8,109.0,109.0
23375.0,-0.33999999999999997,4,85.0,85.0
23380.0,0.12,7,113.0,113.0
23385.0,-0.32999999999999996,7,146.0,146.0
23390.0,-0.3700000000000001,8,174.0,174.0
23395.0,-0.4199999999999997,10,220.0,220.0
23400.0,-0.4199999999999997,5,156.0,156.0
23405.0,0.44999999999999973,6,167.0,167.0
23410.0,-0.10999999999999988,2,159.0,159.0
23415.0,0.21999999999999997,6,155.0,155.0
23420.0,-0.27,7,42.0,42.0
23425.0,1.21,7,58.0,58.0
23430.0,-0.44999999999999996,10,106.0,106.0
23435.0,-0.44999999999999996,7,76.0,76.0
23440.0,0.12,10,121.0,121.0
23445.0,-0.4700000000000001,8,116.0,116.0
23450.0,0.33000000000000007,6,94.0,94.0
23455.0,-0.17999999999999994,11,137.0,137.0
23460.0,-0.17999999999999994,4,66.0,66.0
23465.0,0.4999999999999999,6,59.0,59.0
23470.0,0.07000000000000006,4,52.0,52.0
23475.0,0.29,5,44.0,44.0
23480.0,-0.26000000000000006,6,41.0,41.0
23485.0,0.11000000000000004,4,49.0,49.0
23490.0,-0.37999999999999995,12,95.0,95.0
23495.0,-0.37999999999999995,6,77.0,77.0
23500.0,0.1499999999999999,7,79.0,79.0
23505.0,-0.18999999999999995,4,79.0,79.0
23510.0,0.27,7,71.0,71.0
23515.0,-0.35,8,111.0,111.0
23520.0,-0.35,6,94.0,94.0
23525.0,0.010000000000000009,10,133.0,133.0
23530.0,-0.3900000000000001,6,142.0,142.0
23535.0,0.0,8,149.0,149.0
23540.0,-0.31999999999999984,6,154.0,154.0
23545.0,0.2799999999999998,4,141.0,141.0
23550.0,-0.24,7,168.0,168.0
23555.0,-0.24,6,71.0,71.0
23560.0,0.8400000000000001,12,116.0,116.0
23565.0,-0.53,10,120.0,120.0
23570.0,0.19999999999999996,9,111.0,111.0
23575.0,-0.30999999999999983,10,161.0,161.0
23580.0,-0.30999999999999983,4,102.0,102.0
23585.0,0.3899999999999999,6,114.0,114.0
23590.0,-0.11999999999999988,2,74.0,74.0
23595.0,0.8999999999999999,6,40.0,40.0
23600.0,-0.28,6,36.0,36.0
23605.0,0.16000000000000003,4,40.0,40.0
23610.0,-0.20000000000000007,4,60.0,60.0
23615.0,-0.20000000000000007,0,4.0,4.0
23620.0,0.52,1,1.0,1.0
23625.0,0.010000000000000002,0,0.0,0.0
23630.0,0.03,1,1.0,1.0
23635.0,-0.15,8,31.0,31.0
23640.0,-0.15,6,54.0,54.0
23645.0,-0.39,10,99.0,99.0
23650.0,-0.44999999999999996,6,105.0,105.0
23655.0,0.07999999999999996,10,119.0,119.0
23660.0,-0.47999999999999987,11,170.0,170.0
23665.0,-0.78,14,231.0,231.0
23670.0,-0.8300000000000001,18,318.0,318.0
23675.0,-0.8300000000000001,12,250.0,250.0
23680.0,0.3900000000000001,12,235.0,235.0
23685.0,0.13999999999999968,12,287.0,287.0
23690.0,-0.52,10,253.0,253.0
23695.0,1.0000000000000002,5,159.0,159.0
23700.0,0.54,6,150.0,150.0
23705.0,-0.3700000000000001,14,210.0,210.0
23710.0,-0.3700000000000001,6,91.0,91.0
23715.0,0.91,10,104.0,104.0
23720.0,-0.13,4,97.0,97.0
23725.0,0.31000000000000005,4,73.0,73.0
23730.0,-0.12,4,70.0,70.0
23735.0,0.16999999999999993,4,72.0,72.0
23740.0,-0.20999999999999996,5,94.0,94.0
23745.0,-0.30999999999999994,8,128.0,128.0
23750.0,-0.30999999999999994,6,145.0,145.0
23755.0,-0.32000000000000006,9,186.0,186.0
23760.0,-0.43999999999999995,6,182.0,182.0
23765.0,0.28,6,168.0,168.0
23770.0,-0.18000000000000016,6,198.0,198.0
23775.0,-0.18000000000000016,8,161.0,161.0
23780.0,0.25,10,209.0,209.0
23785.0,-0.47999999999999976,8,88.0,88.0
23790.0,1.2199999999999998,10,117.0,117.0
23795.0,-0.5000000000000001,8,123.0,123.0
23800.0,0.2100000000000002,10,126.0,126.0
23805.0,-0.5,11,177.0,177.0
23810.0,-0.5,7,114.0,114.0
23815.0,0.44999999999999996,10,122.0,122.0
23820.0,-0.1100000000000001,6,99.0,99.0
23825.0,0.6000000000000001,6,59.0,59.0
23830.0,-0.06000000000000005,7,92.0,92.0
23835.0,-0.06000000000000005,5,37.0,37.0
23840.0,0.41000000000000003,7,71.0,71.0
23845.0,-0.33999999999999997,2,57.0,57.0
23850.0,0.30999999999999994,9,56.0,56.0
23855.0,-0.36,8,89.0,89.0
23860.0,-0.33000000000000007,10,119.0,119.0
23865.0,-0.5,10,169.0,169.0
23870.0,-0.5,6,124.0,124.0
23875.0,0.51,6,106.0,106.0
23880.0,-0.040000000000000036,4,96.0,96.0
23885.0,0.27000000000000013,7,92.0,92.0
23890.0,-0.30999999999999994,8,132.0,132.0
23895.0,-0.30999999999999994,5,127.0,127.0
23900.0,-0.1100000000000001,7,159.0,159.0
23905.0,-0.32000000000000006,4,146.0,146.0
23910.0,0.22999999999999998,5,150.0,150.0
23915.0,-0.26,4,148.0,148.0
23920.0,0.14000000000000012,8,156.0,156.0
23925.0,-0.45999999999999996,10,204.0,204.0
23930.0,-0.45999999999999996,9,75.0,75.0
23935.0,1.18,9,112.0,112.0
23940.0,-0.44999999999999996,8,146.0,146.0
23945.0,-0.53,10,194.0,194.0
23950.0,-0.5000000000000002,10,244.0,244.0
23955.0,-0.5000000000000002,7,172.0,172.0
23960.0,0.5200000000000002,10,192.0,192.0
23965.0,-0.19999999999999996,4,143.0,143.0
23970.0,1.25,4,54.0,54.0
23975.0,0.23000000000000004,6,62.0,62.0
23980.0,-0.44,9,97.0,97.0
23985.0,-0.4800000000000001,10,146.0,146.0
23990.0,-0.4800000000000001,13,202.0,202.0
23995.0,-0.8,16,280.0,280.0
24000.0,-0.7999999999999998,15,280.0,280.0
24005.0,0.3700000000000001,10,238.0,238.0
24010.0,0.1299999999999999,10,266.0,266.0
24015.0,0.1299999999999999,6,151.0,151.0
24020.0,0.95,6,103.0,103.0
24025.0,0.48,2,96.0,96.0
24030.0,0.21999999999999997,8,95.0,95.0
24035.0,-0.30000000000000004,6,118.0,118.0
24040.0,-0.1399999999999999,6,131.0,131.0
24045.0,-0.33000000000000007,8,166.0,166.0
24050.0,-0.33000000000000007,4,134.0,134.0
24055.0,0.20000000000000018,6,158.0,158.0
24060.0,-0.26,2,151.0,151.0
24065.0,0.09999999999999987,9,172.0,172.0
24070.0,-0.48,10,222.0,222.0
24075.0,-0.48,9,85.0,85.0
24080.0,1.17,10,133.0,133.0
24085.0,-0.4800000000000001,8,138.0,138.0
24090.0,0.15000000000000013,10,148.0,148.0
24095.0,-0.51,12,205.0,205.0
24100.0,-0.9199999999999999,17,278.0,278.0
24105.0,-0.9199999999999999,20,373.0,373.0
24110.0,-0.9199999999999999,14,349.0,349.0
24115.0,-0.10000000000000009,14,372.0,372.0
24120.0,-0.22999999999999998,12,324.0,324.0
24125.0,1.29,6,199.0,199.0
24130.0,1.0199999999999998,7,154.0,154.0
24135.0,1.0199999999999998,14,202.0,202.0
24140.0,-0.47,17,285.0,285.0
24145.0,-0.8300000000000001,14,323.0,323.0
24150.0,-0.3599999999999999,14,352.0,352.0
24155.0,-0.5800000000000001,13,308.0,308.0
24160.0,1.38,10,251.0,251.0
24165.0,0.42000000000000015,11,210.0,210.0
24170.0,0.42000000000000015,7,149.0,149.0
24175.0,0.76,10,81.0,81.0
24180.0,0.31999999999999995,12,136.0,136.0
24185.0,-0.84,14,203.0,203.0
24190.0,-0.7400000000000002,16,281.0,281.0
24195.0,-0.7400000000000002,10,219.0,219.0
24200.0,0.30000000000000027,10,219.0,219.0
24205.0,0.0,5,206.0,206.0
24210.0,0.3799999999999999,13,194.0,194.0
24215.0,-0.3900000000000001,12,170.0,170.0
24220.0,1.0300000000000002,8,125.0,125.0
24225.0,-0.040000000000000036,9,130.0,130.0
24230.0,-0.040000000000000036,5,122.0,122.0
24235.0,0.25,6,102.0,102.0
24240.0,-0.1200000000000001,4,91.0,91.0
24245.0,0.22000000000000008,7,100.0,100.0
24250.0,-0.37,9,141.0,141.0
24255.0,-0.37,8,147.0,147.0
24260.0,-0.24,9,189.0,189.0
24265.0,-0.41999999999999993,4,179.0,179.0
24270.0,0.2899999999999998,6,169.0,169.0
24275.0,-0.20999999999999996,4,156.0,156.0
24280.0,0.29000000000000004,7,159.0,159.0
24285.0,-0.44999999999999996,10,207.0,207.0
24290.0,-0.44999999999999996,8,68.0,68.0
24295.0,1.2,10,117.0,117.0
24300.0,-0.5,8,126.0,126.0
24305.0,0.10000000000000009,10,137.0,137.0
24310.0,-0.5,11,188.0,188.0
24315.0,-0.5,8,116.0,116.0
24320.0,0.51,10,127.0,127.0
24325.0,-0.1100000000000001,5,106.0,106.0
24330.0,0.54,6,67.0,67.0
24335.0,-0.08000000000000007,5,62.0,62.0
24340.0,0.42000000000000004,6,45.0,45.0
24345.0,-0.32999999999999996,7,79.0,79.0
24350.0,-0.32999999999999996,5,36.0,36.0
24355.0,0.31,8,65.0,65.0
24360.0,-0.33,8,70.0,70.0
24365.0,0.010000000000000009,8,88.0,88.0
24370.0,-0.3900000000000001,8,128.0,128.0
24375.0,-0.3900000000000001,7,91.0,91.0
24380.0,0.21000000000000008,8,130.0,130.0
24385.0,-0.39,5,126.0,126.0
24390.0,0.16000000000000014,10,134.0,134.0
24395.0,-0.40000000000000013,8,168.0,168.0
24400.0,-0.29000000000000004,8,191.0,191.0
24405.0,-0.41999999999999993,10,235.0,235.0
24410.0,-0.41999999999999993,4,161.0,161.0
24415.0,0.6000000000000001,6,163.0,163.0
24420.0,-0.040000000000000036,2,157.0,157.0
24425.0,0.10999999999999988,8,174.0,174.0
24430.0,-0.45999999999999996,10,224.0,224.0
24435.0,-0.45999999999999996,10,80.0,80.0
24440.0,1.24,10,130.0,130.0
24445.0,-0.5,10,138.0,138.0
24450.0,0.08000000000000007,10,152.0,152.0
24455.0,-0.5,10,141.0,141.0
24460.0,0.45999999999999996,9,135.0,135.0
24465.0,-0.28,12,166.0,166.0
24470.0,-0.28,5,117.0,117.0
24475.0,0.56,6,75.0,75.0
24480.0,0.16999999999999993,2,58.0,58.0
24485.0,0.53,5,37.0,37.0
24490.0,-0.27,6,67.0,67.0
24495.0,-0.27,7,30.0,30.0
24500.0,0.25000000000000006,10,76.0,76.0
24505.0,-0.46,8,101.0,101.0
24510.0,-0.28,10,134.0,134.0
24515.0,-0.5,10,127.0,127.0
24520.0,0.41999999999999993,6,118.0,118.0
24525.0,0.030000000000000027,6,115.0,115.0
24530.0,-0.33999999999999986,9,152.0,152.0
24535.0,-0.33999999999999986,6,108.0,108.0
24540.0,0.29000000000000004,8,133.0,133.0
24545.0,-0.27,4,140.0,140.0
24550.0,0.09999999999999987,6,143.0,143.0
24555.0,-0.30000000000000004,7,174.0,174.0
24560.0,-0.30000000000000004,4,142.0,142.0
24565.0,0.19000000000000017,5,160.0,160.0
24570.0,-0.18000000000000016,9,178.0,178.0
24575.0,-0.31999999999999984,10,222.0,222.0
24580.0,-0.5,10,107.0,107.0
24585.0,1.3399999999999999,8,116.0,116.0
24590.0,-0.44999999999999996,10,163.0,163.0
24595.0,-0.44999999999999996,6,138.0,138.0
24600.0,0.21999999999999997,6,142.0,142.0
24605.0,-0.18999999999999995,7,114.0,114.0
24610.0,0.92,6,59.0,59.0
24615.0,-0.17000000000000004,8,91.0,91.0
24620.0,-0.17000000000000004,4,38.0,38.0
24625.0,0.37,4,47.0,47.0
24630.0,-0.08999999999999997,5,70.0,70.0
24635.0,-0.22999999999999998,0,41.0,41.0
24640.0,0.59,5,11.0,11.0
24645.0,-0.15000000000000002,6,36.0,36.0
24650.0,-0.19,6,51.0,51.0
24655.0,-0.36999999999999994,8,90.0,90.0
24660.0,-0.36999999999999994,5,63.0,63.0
24665.0,0.13,6,93.0,93.0
24670.0,-0.30000000000000004,3,82.0,82.0
24675.0,0.29000000000000004,4,76.0,76.0
24680.0,-0.21000000000000008,7,105.0,105.0
24685.0,-0.38,8,145.0,145.0
24690.0,-0.38,6,142.0,142.0
24695.0,-0.1299999999999999,8,178.0,178.0
24700.0,-0.3600000000000001,4,163.0,163.0
24705.0,0.27,6,165.0,165.0
24710.0,-0.26,6,161.0,161.0
24715.0,0.050000000000000044,9,181.0,181.0
24720.0,-0.42999999999999994,9,224.0,224.0
24725.0,-0.42999999999999994,7,84.0,84.0
24730.0,1.3499999999999999,7,108.0,108.0
24735.0,-0.34999999999999987,11,154.0,154.0
24740.0,-0.5,11,209.0,209.0
24745.0,-0.5500000000000003,10,210.0,210.0
24750.0,0.10000000000000009,12,222.0,222.0
24755.0,-0.5299999999999998,14,291.0,291.0
24760.0,-0.7000000000000002,14,361.0,361.0
24765.0,-0.7000000000000002,8,216.0,216.0
24770.0,1.17,10,191.0,191.0
24775.0,0.2500000000000002,6,156.0,156.0
24780.0,0.8899999999999999,2,46.0,46.0
24785.0,0.6799999999999999,6,23.0,23.0
24790.0,-0.14999999999999997,9,58.0,58.0
24795.0,-0.48,11,108.0,108.0
24800.0,-0.48,7,96.0,96.0
24805.0,-0.06000000000000005,9,136.0,136.0
24810.0,-0.41999999999999993,7,129.0,129.0
24815.0,0.3899999999999999,4,89.0,89.0
24820.0,0.13,7,105.0,105.0
24825.0,0.13,8,106.0,106.0
24830.0,-0.13,8,146.0,146.0
24835.0,-0.3999999999999999,5,151.0,151.0
24840.0,0.06000000000000005,6,158.0,158.0
24845.0,-0.30000000000000004,6,150.0,150.0
24850.0,0.26,4,148.0,148.0
24855.0,-0.22999999999999998,9,176.0,176.0
24860.0,-0.54,12,233.0,233.0
24865.0,-0.6000000000000001,14,295.0,295.0
24870.0,-0.6000000000000001,10,174.0,174.0
24875.0,1.11,11,211.0,211.0
24880.0,-0.5200000000000002,10,200.0,200.0
24885.0,0.5300000000000002,6,149.0,149.0
24890.0,0.07999999999999985,8,177.0,177.0
24895.0,0.07999999999999985,5,63.0,63.0
24900.0,0.9800000000000001,6,89.0,89.0
24905.0,-0.26,4,63.0,63.0
24910.0,0.56,2,20.0,20.0
24915.0,0.1,2,6.0,6.0
24920.0,0.19,2,6.0,6.0
24925.0,-0.1,2,16.0,16.0
24930.0,-0.1,6,41.0,41.0
24935.0,-0.32999999999999996,6,71.0,71.0
24940.0,-0.31000000000000005,6,64.0,64.0
24945.0,0.26,4,51.0,51.0
24950.0,-0.10999999999999999,6,73.0,73.0
24955.0,-0.10999999999999999,2,59.0,59.0
24960.0,0.040000000000000036,4,73.0,73.0
24965.0,-0.14,7,100.0,100.0
24970.0,-0.27,8,58.0,58.0
24975.0,0.26,10,100.0,100.0
24980.0,-0.47,9,110.0,110.0
24985.0,0.11999999999999988,8,117.0,117.0
24990.0,-0.33999999999999986,8,151.0,151.0
24995.0,-0.33999999999999986,5,130.0,130.0
25000.0,0.07999999999999985,13,177.0,177.0
25005.0,-0.5499999999999998,10,220.0,220.0
25010.0,-0.54,10,264.0,264.0
25015.0,-0.56,19,337.0,337.0
25020.0,-0.56,16,405.0,405.0
25025.0,-1.0499999999999998,18,493.0,493.0
25030.0,-0.8799999999999999,14,451.0,451.0
25035.0,1.4499999999999997,6,308.0,308.0
25040.0,0.9199999999999999,8,261.0,261.0
25045.0,-0.44999999999999973,12,313.0,313.0
25050.0,-0.7400000000000002,19,394.0,394.0
25055.0,-0.96,21,492.0,492.0
25060.0,-1.0599999999999996,23,600.0,600.0
25065.0,-1.1800000000000006,25,720.0,720.0
25070.0,-1.2499999999999991,26,846.0,846.0
25075.0,-1.2499999999999991,29,986.0,986.0
25080.0,-1.950000000000001,29,1131.0,1131.0
25085.0,-1.4499999999999993,33,1286.0,1286.0
25090.0,-1.5899999999999999,37,1460.0,1460.0
25095.0,-1.7800000000000011,37,1635.0,1635.0
25100.0,-2.380000000000001,37,1809.0,1809.0
25105.0,-1.879999999999999,40,2002.0,2002.0
25110.0,-1.879999999999999,31,1857.0,1857.0
25115.0,0.6600000000000001,23,1663.0,1663.0
25120.0,1.9400000000000013,22,1524.0,1524.0
25125.0,1.3899999999999988,20,1343.0,1343.0
25130.0,3.620000000000001,18,931.0,931.0
25135.0,3.619999999999999,13,819.0,819.0
25140.0,-0.5199999999999996,17,869.0,869.0
25145.0,-1.0,26,978.0,978.0
25150.0,-1.3900000000000006,31,1122.0,1122.0
25155.0,-1.5700000000000003,33,1281.0,1281.0
25160.0,-1.7300000000000004,36,1457.0,1457.0
25165.0,-1.7300000000000004,31,1378.0,1378.0
25170.0,0.120000000000001,23,1341.0,1341.0
25175.0,0.7799999999999994,23,1389.0,1389.0
25180.0,-1.3599999999999994,31,1527.0,1527.0
25185.0,-1.5600000000000005,35,1693.0,1693.0
25190.0,-1.8299999999999983,39,1884.0,1884.0
25195.0,-1.8299999999999983,30,1887.0,1887.0
25200.0,-0.8100000000000023,32,1952.0,1952.0
25205.0,-0.6499999999999986,31,2089.0,2089.0
25210.0,-1.9200000000000017,35,2247.0,2247.0
25215.0,-1.7899999999999991,36,2133.0,2133.0
25220.0,3.4499999999999993,28,2006.0,2006.0
25225.0,3.700000000000003,21,1629.0,1629.0
25230.0,3.700000000000003,19,1723.0,1723.0
25235.0,-1.360000000000003,26,1837.0,1837.0
25240.0,-1.1999999999999993,32,1982.0,1982.0
25245.0,-1.5300000000000011,40,2168.0,2168.0
25250.0,-1.9299999999999997,46,2385.0,2385.0
25255.0,-2.2099999999999973,42,2488.0,2488.0
25260.0,-0.6500000000000021,36,2476.0,2476.0
25265.0,0.4400000000000013,34,2519.0,2519.0
25270.0,0.4400000000000013,31,2118.0,2118.0
25275.0,3.34,30,1808.0,1808.0
25280.0,3.1000000000000014,20,1904.0,1904.0
25285.0,-1.2000000000000028,25,2001.0,2001.0
25290.0,-1.259999999999998,30,2140.0,2140.0
25295.0,-1.5500000000000007,39,2321.0,2321.0
25300.0,-1.9600000000000009,47,2539.0,2539.0
25305.0,-2.3000000000000007,49,2782.0,2782.0
25310.0,-2.469999999999999,50,2758.0,2758.0
25315.0,2.0,41,2723.0,2723.0
25320.0,2.620000000000001,36,2265.0,2265.0
25325.0,2.620000000000001,23,1993.0,1993.0
25330.0,4.969999999999999,30,1991.0,1991.0
25335.0,-0.9899999999999984,36,2161.0,2161.0
25340.0,-1.7699999999999996,46,2366.0,2366.0
25345.0,-2.150000000000002,49,2404.0,2404.0
25350.0,0.629999999999999,41,2263.0,2263.0
25355.0,2.020000000000003,33,2216.0,2216.0
25360.0,2.020000000000003,32,2307.0,2307.0
25365.0,-1.5800000000000018,39,2486.0,2486.0
25370.0,-1.7899999999999991,46,2701.0,2701.0
25375.0,-3.09,51,2946.0,2946.0
25380.0,-2.5700000000000003,54,3205.0,3205.0
25385.0,-3.599999999999998,54,3466.0,3466.0
25390.0,-2.720000000000006,58,3742.0,3742.0
25395.0,-2.720000000000006,58,4032.0,4032.0
25400.0,-4.059999999999995,59,4325.0,4325.0
25405.0,-2.960000000000001,58,4300.0,4300.0
25410.0,2.219999999999999,51,3986.0,3986.0
25415.0,2.960000000000001,50,3968.0,3968.0
25420.0,2.960000000000001,35,3667.0,3667.0
25425.0,2.009999999999998,26,3378.0,3378.0
25430.0,2.8900000000000006,27,3424.0,3424.0
25435.0,-1.0600000000000023,37,3590.0,3590.0
25440.0,-1.8999999999999986,48,3756.0,3756.0
25445.0,-2.25,52,3951.0,3951.0
25450.0,-2.8299999999999983,63,4245.0,4245.0
25455.0,-2.8299999999999983,56,3908.0,3908.0
25460.0,2.200000000000003,47,3610.0,3610.0
25465.0,4.289999999999999,44,3714.0,3714.0
25470.0,-3.0500000000000043,41,3918.0,3918.0
25475.0,-2.0799999999999983,47,4138.0,4138.0
25480.0,-2.0799999999999983,45,3848.0,3848.0
25485.0,1.980000000000004,41,3616.0,3616.0
25490.0,2.3200000000000003,42,3732.0,3732.0
25495.0,-1.970000000000006,46,3948.0,3948.0
25500.0,-2.309999999999995,53,4096.0,4096.0
25505.0,-2.75,58,4377.0,4377.0
25510.0,-3.020000000000003,62,4683.0,4683.0
25515.0,-3.020000000000003,56,4306.0,4306.0
25520.0,2.6099999999999994,50,3971.0,3971.0
25525.0,4.829999999999998,46,3548.0,3548.0
25530.0,4.010000000000005,37,3283.0,3283.0
25535.0,3.6599999999999966,33,3217.0,3217.0
25540.0,-1.8900000000000006,39,3375.0,3375.0
25545.0,-1.9899999999999949,45,3586.0,3586.0
25550.0,-2.3600000000000065,54,3841.0,3841.0
25555.0,-2.3600000000000065,48,3667.0,3667.0
25560.0,0.6700000000000017,43,3531.0,3531.0
25565.0,1.3599999999999994,37,3318.0,3318.0
25570.0,4.5000000000000036,33,2895.0,2895.0
25575.0,4.869999999999997,28,2644.0,2644.0
25580.0,-1.25,27,2746.0,2746.0
25585.0,-1.389999999999997,31,2889.0,2889.0
25590.0,-1.740000000000002,41,3073.0,3073.0
25595.0,-2.1899999999999977,48,3299.0,3299.0
25600.0,-2.1899999999999977,52,3385.0,3385.0
25605.0,-1.8599999999999994,52,3645.0,3645.0
25610.0,-2.6300000000000026,52,3616.0,3616.0
25615.0,2.1899999999999977,43,3310.0,3310.0
25620.0,2.8100000000000023,39,3185.0,3185.0
25625.0,2.8100000000000023,34,3363.0,3363.0
25630.0,-1.6300000000000026,41,3552.0,3552.0
25635.0,-1.8900000000000006,46,3760.0,3760.0
25640.0,-2.979999999999997,52,4003.0,4003.0
25645.0,-2.6300000000000026,61,4290.0,4290.0
25650.0,-2.989999999999995,59,4261.0,4261.0
25655.0,2.4499999999999957,51,4084.0,4084.0
25660.0,3.1300000000000026,44,3783.0,3783.0
25665.0,3.1300000000000026,45,3999.0,3999.0
25670.0,-1.8900000000000006,44,4217.0,4217.0
25675.0,-2.1899999999999977,45,4126.0,4126.0
25680.0,3.029999999999994,43,3769.0,3769.0
25685.0,3.280000000000001,44,3615.0,3615.0
25690.0,3.280000000000001,42,3827.0,3827.0
25695.0,-1.9600000000000009,44,4036.0,4036.0
25700.0,-2.0899999999999963,51,4278.0,4278.0
25705.0,-2.4200000000000017,60,4552.0,4552.0
25710.0,-2.740000000000002,59,4533.0,4533.0
25715.0,1.740000000000002,55,4287.0,4287.0
25720.0,2.280000000000001,46,3842.0,3842.0
25725.0,4.200000000000003,39,3850.0,3850.0
25730.0,-2.75,40,4045.0,4045.0
25735.0,-2.1600000000000037,47,4268.0,4268.0
25740.0,-2.5700000000000003,57,4535.0,4535.0
25745.0,-2.5700000000000003,55,4519.0,4519.0
25750.0,0.09000000000000341,50,4341.0,4341.0
25755.0,1.3999999999999986,43,4510.0,4510.0
25760.0,-3.1000000000000014,46,4731.0,4731.0
25765.0,-2.3699999999999974,54,4982.0,4982.0
25770.0,-2.3699999999999974,55,4978.0,4978.0
25775.0,-1.0200000000000031,65,5291.0,5291.0
25780.0,-3.1299999999999955,60,5181.0,5181.0
25785.0,3.9599999999999937,51,4676.0,4676.0
25790.0,4.900000000000006,42,4304.0,4304.0
25795.0,-0.22000000000000597,38,4465.0,4465.0
25800.0,-1.8499999999999943,38,4650.0,4650.0
25805.0,-1.8499999999999943,40,4169.0,4169.0
25810.0,4.029999999999994,42,3780.0,3780.0
25815.0,5.1100000000000065,40,3847.0,3847.0
25820.0,-2.6799999999999997,44,4051.0,4051.0
25825.0,-2.220000000000006,49,4286.0,4286.0
25830.0,-2.220000000000006,48,4009.0,4009.0
25835.0,1.7899999999999991,43,3679.0,3679.0
25840.0,3.3000000000000043,36,3696.0,3696.0
25845.0,-0.25,33,3804.0,3804.0
25850.0,-1.7100000000000009,38,3777.0,3777.0
25855.0,1.4799999999999969,35,3681.0,3681.0
25860.0,2.4000000000000057,35,3445.0,3445.0
25865.0,1.779999999999994,30,3287.0,3287.0
25870.0,0.9400000000000048,31,3175.0,3175.0
25875.0,0.04999999999999716,32,3242.0,3242.0
25880.0,0.04999999999999716,32,2818.0,2818.0
25885.0,5.25,29,2136.0,2136.0
25890.0,5.210000000000001,22,2065.0,2065.0
25895.0,0.379999999999999,20,2166.0,2166.0
25900.0,-1.0899999999999999,27,2288.0,2288.0
25905.0,-1.0899999999999999,30,2339.0,2339.0
25910.0,-1.0399999999999991,39,2517.0,2517.0
25915.0,-1.7800000000000011,41,2719.0,2719.0
25920.0,-2.0199999999999996,39,2562.0,2562.0
25925.0,4.100000000000001,29,2095.0,2095.0
25930.0,4.399999999999999,22,1823.0,1823.0
25935.0,0.9299999999999997,12,1735.0,1735.0
25940.0,1.820000000000002,13,1607.0,1607.0
25945.0,1.820000000000002,23,1696.0,1696.0
25950.0,-1.2599999999999998,34,1843.0,1843.0
25955.0,-1.629999999999999,39,2037.0,2037.0
25960.0,-2.6800000000000033,42,2235.0,2235.0
25965.0,-2.099999999999998,42,2445.0,2445.0
25970.0,-2.099999999999998,36,2054.0,2054.0
25975.0,3.0700000000000003,27,1767.0,1767.0
25980.0,2.8699999999999974,25,1789.0,1789.0
25985.0,-0.6799999999999997,25,1906.0,1906.0
25990.0,-1.2799999999999976,31,1887.0,1887.0
25995.0,1.0899999999999999,28,1882.0,1882.0
26000.0,1.0399999999999991,26,1682.0,1682.0
26005.0,1.2600000000000016,27,1651.0,1651.0
26010.0,1.2600000000000016,21,1408.0,1408.0
26015.0,3.089999999999998,20,1013.0,1013.0
26020.0,2.83,10,1011.0,1011.0
26025.0,0.5800000000000001,12,952.0,952.0
26030.0,-0.03999999999999915,19,1015.0,1015.0
26035.0,-0.03999999999999915,28,1101.0,1101.0
26040.0,-1.2300000000000004,31,1254.0,1254.0
26045.0,-1.5299999999999994,29,1211.0,1211.0
26050.0,1.7599999999999998,19,980.0,980.0
26055.0,2.1099999999999994,12,777.0,777.0
26060.0,0.34999999999999964,19,851.0,851.0
26065.0,-1.1600000000000001,29,977.0,977.0
26070.0,-1.5299999999999994,35,1136.0,1136.0
26075.0,-1.5299999999999994,34,1256.0,1256.0
26080.0,-1.9000000000000004,37,1434.0,1434.0
26085.0,-1.8100000000000005,34,1430.0,1430.0
26090.0,1.1100000000000012,26,1274.0,1274.0
26095.0,1.459999999999999,24,1203.0,1203.0
26100.0,1.459999999999999,19,1026.0,1026.0
26105.0,1.8900000000000006,16,826.0,826.0
26110.0,2.0,18,882.0,882.0
26115.0,-0.7400000000000002,28,977.0,977.0
26120.0,-1.3499999999999996,34,1134.0,1134.0
26125.0,-1.6799999999999997,34,1249.0,1249.0
26130.0,-1.8900000000000006,37,1429.0,1429.0
26135.0,-1.9600000000000009,42,1630.0,1630.0
26140.0,-2.1500000000000004,44,1847.0,1847.0
26145.0,-2.1500000000000004,42,2027.0,2027.0
26150.0,-2.5599999999999987,44,2233.0,2233.0
26155.0,-2.1999999999999993,42,2240.0,2240.0
26160.0,1.2100000000000009,33,2039.0,2039.0
26165.0,1.8999999999999986,28,1871.0,1871.0
26170.0,1.8999999999999986,28,2003.0,2003.0
26175.0,-0.3500000000000014,36,2171.0,2171.0
26180.0,-1.6799999999999997,41,2344.0,2344.0
26185.0,-2.59,47,2569.0,2569.0
26190.0,-2.34,48,2808.0,2808.0
26195.0,-2.4399999999999977,50,3058.0,3058.0
26200.0,-2.520000000000003,53,3317.0,3317.0
26205.0,-3.729999999999997,54,3587.0,3587.0
26210.0,-2.730000000000004,57,3863.0,3863.0
26215.0,-2.730000000000004,50,3711.0,3711.0
26220.0,1.8900000000000006,44,3309.0,3309.0
26225.0,3.6700000000000017,36,3406.0,3406.0
26230.0,-2.6099999999999994,37,3582.0,3582.0
26235.0,-1.8699999999999974,40,3778.0,3778.0
26240.0,-2.1000000000000014,48,4003.0,4003.0
26245.0,-2.1000000000000014,56,4263.0,4263.0
26250.0,-3.5500000000000043,61,4560.0,4560.0
26255.0,-2.969999999999999,59,4603.0,4603.0
26260.0,0.980000000000004,50,4282.0,4282.0
26265.0,2.049999999999997,43,4297.0,4297.0
26270.0,-2.1199999999999974,43,4512.0,4512.0
26275.0,-2.1799999999999997,46,4733.0,4733.0
26280.0,-2.1799999999999997,54,4991.0,4991.0
26285.0,-3.5900000000000034,61,5282.0,5282.0
26290.0,-2.990000000000002,62,5359.0,5359.0
26295.0,0.2600000000000051,55,5231.0,5231.0
26300.0,1.1299999999999955,47,5137.0,5137.0
26305.0,2.030000000000001,40,5084.0,5084.0
26310.0,2.030000000000001,43,5289.0,5289.0
26315.0,-2.8599999999999994,51,5531.0,5531.0
26320.0,-2.4200000000000017,57,5807.0,5807.0
26325.0,-2.759999999999998,58,6075.0,6075.0
26330.0,-3.6499999999999986,61,6355.0,6355.0
26335.0,-3.049999999999997,60,6185.0,6185.0
26340.0,5.249999999999993,51,6003.0,6003.0
26345.0,6.270000000000003,43,5368.0,5368.0
26350.0,6.270000000000003,36,5212.0,5212.0
26355.0,0.7999999999999972,26,5063.0,5063.0
26360.0,1.5800000000000054,21,5083.0,5083.0
26365.0,-0.490000000000002,30,5194.0,5194.0
26370.0,-1.6799999999999997,43,5388.0,5388.0
26375.0,-2.240000000000002,51,5629.0,5629.0
26380.0,-2.6000000000000014,56,5899.0,5899.0
26385.0,-2.8299999999999983,59,6189.0,6189.0
26390.0,-3.049999999999997,63,6502.0,6502.0
26395.0,-3.1499999999999986,65,6819.0,6819.0
26400.0,-3.1499999999999986,65,7115.0,7115.0
26405.0,-4.240000000000009,66,7441.0,7441.0
26410.0,-3.259999999999991,68,7778.0,7778.0
26415.0,-4.730000000000004,69,8119.0,8119.0
26420.0,-3.4399999999999977,68,7905.0,7905.0
26425.0,6.319999999999993,59,7685.0,7685.0
26430.0,7.210000000000008,52,6957.0,6957.0
26435.0,7.210000000000008,46,7191.0,7191.0
26440.0,-3.3299999999999983,45,7423.0,7423.0
26445.0,-2.3100000000000023,47,7164.0,7164.0
26450.0,6.409999999999997,46,6457.0,6457.0
26455.0,10.969999999999999,48,5826.0,5826.0
26460.0,10.969999999999999,37,5418.0,5418.0
26465.0,3.1300000000000026,33,5037.0,5037.0
26470.0,3.8100000000000023,31,4434.0,4434.0
26475.0,6.029999999999994,31,3957.0,3957.0
26480.0,4.770000000000003,26,4049.0,4049.0
26485.0,-1.0399999999999991,34,4159.0,4159.0
26490.0,-1.7000000000000028,39,4145.0,4145.0
26495.0,1.1700000000000017,40,4154.0,4154.0
26500.0,1.5399999999999991,32,3849.0,3849.0
26505.0,1.5399999999999991,26,3051.0,3051.0
26510.0,8.830000000000002,23,2326.0,2326.0
26515.0,7.280000000000001,19,1926.0,1926.0
26520.0,3.66,23,2027.0,2027.0
26525.0,-1.2000000000000028,30,2161.0,2161.0
26530.0,-1.5999999999999979,40,2340.0,2340.0
26535.0,-2.0700000000000003,48,2566.0,2566.0
26540.0,-2.0700000000000003,42,2674.0,2674.0
26545.0,-2.039999999999999,45,2874.0,2874.0
26550.0,-2.0,40,2665.0,2665.0
26555.0,4.09,34,2309.0,2309.0
26560.0,3.349999999999998,24,1757.0,1757.0
26565.0,5.080000000000002,20,1642.0,1642.0
26570.0,2.789999999999999,18,1305.0,1305.0
26575.0,2.33,20,1130.0,1130.0
26580.0,2.33,22,1192.0,1192.0
26585.0,-0.9500000000000011,30,1317.0,1317.0
26590.0,-1.4299999999999997,31,1367.0,1367.0
26595.0,-0.1899999999999995,24,1349.0,1349.0
26600.0,0.11999999999999922,29,1395.0,1395.0
26605.0,0.11999999999999922,25,1106.0,1106.0
26610.0,2.49,19,859.0,859.0
26615.0,2.4700000000000006,13,908.0,908.0
26620.0,-0.5299999999999994,21,971.0,971.0
26625.0,-1.0500000000000007,25,1043.0,1043.0
26630.0,-1.4000000000000004,32,1189.0,1189.0
26635.0,-1.6899999999999995,35,1361.0,1361.0
26640.0,-1.6899999999999995,33,1385.0,1385.0
26645.0,-0.9100000000000001,28,1410.0,1410.0
26650.0,-0.21000000000000085,25,1309.0,1309.0
26655.0,2.460000000000001,23,1051.0,1051.0
26660.0,3.1899999999999995,16,906.0,906.0
26665.0,3.1899999999999995,13,862.0,862.0
26670.0,0.11000000000000121,21,952.0,952.0
26675.0,-0.9000000000000004,29,1080.0,1080.0
26680.0,-1.8800000000000008,35,1242.0,1242.0
26685.0,-1.7199999999999989,35,1417.0,1417.0
26690.0,-1.75,36,1476.0,1476.0
26695.0,-0.21000000000000085,27,1535.0,1535.0
26700.0,0.3000000000000007,26,1478.0,1478.0
26705.0,0.3000000000000007,28,1584.0,1584.0
26710.0,-1.3499999999999996,33,1738.0,1738.0
26715.0,-1.5899999999999999,37,1919.0,1919.0
26720.0,-2.580000000000002,38,2105.0,2105.0
26725.0,-1.9399999999999977,41,2306.0,2306.0
26730.0,-1.9399999999999977,33,1968.0,1968.0
26735.0,2.5599999999999987,26,1654.0,1654.0
26740.0,3.1400000000000006,19,1574.0,1574.0
26745.0,0.4399999999999977,25,1677.0,1677.0
26750.0,-1.2399999999999984,32,1815.0,1815.0
26755.0,-2.0199999999999996,36,1972.0,1972.0
26760.0,-1.9699999999999989,43,2176.0,2176.0
26765.0,-2.2200000000000024,45,2400.0,2400.0
26770.0,-2.2200000000000024,39,2163.0,2163.0
26775.0,1.5500000000000007,31,1964.0,1964.0
26780.0,2.8599999999999994,29,1945.0,1945.0
26785.0,-1.2399999999999984,34,2105.0,2105.0
26790.0,-1.7600000000000016,41,2294.0,2294.0
26795.0,-1.7600000000000016,44,2454.0,2454.0
26800.0,-2.3999999999999986,49,2690.0,2690.0
26805.0,-2.3599999999999994,43,2672.0,2672.0
26810.0,1.6600000000000001,37,2331.0,2331.0
26815.0,3.1499999999999986,31,2304.0,2304.0
26820.0,-2.1400000000000006,33,2456.0,2456.0
26825.0,-1.7300000000000004,37,2633.0,2633.0
26830.0,-2.009999999999998,45,2842.0,2842.0
26835.0,-2.41,52,3090.0,3090.0
26840.0,-2.650000000000002,55,3358.0,3358.0
26845.0,-2.650000000000002,56,3580.0,3580.0
26850.0,-3.3299999999999983,59,3865.0,3865.0
26855.0,-2.8900000000000006,60,4163.0,4163.0
26860.0,-4.140000000000001,62,4462.0,4462.0
26865.0,-3.0899999999999963,62,4772.0,4772.0
26870.0,-3.1700000000000017,66,5096.0,5096.0
26875.0,-3.1700000000000017,56,4841.0,4841.0
26880.0,1.240000000000002,51,4524.0,4524.0
26885.0,3.1699999999999946,43,4754.0,4754.0
26890.0,-3.1999999999999957,47,4985.0,4985.0
26895.0,-2.4000000000000057,50,5008.0,5008.0
26900.0,0.8600000000000065,49,5047.0,5047.0
26905.0,1.25,47,4920.0,4920.0
26910.0,1.25,36,4534.0,4534.0
26915.0,4.989999999999995,32,3816.0,3816.0
26920.0,5.270000000000003,30,3969.0,3969.0
26925.0,-2.1600000000000037,34,4130.0,4130.0
26930.0,-1.7199999999999989,39,4312.0,4312.0
26935.0,-1.7199999999999989,38,4123.0,4123.0
26940.0,1.1200000000000045,35,3991.0,3991.0
26945.0,1.3200000000000003,35,4006.0,4006.0
26950.0,-0.8700000000000045,41,4195.0,4195.0
26955.0,-2.030000000000001,49,4422.0,4422.0
26960.0,-3.519999999999996,56,4689.0,4689.0
26965.0,-2.9200000000000017,61,4986.0,4986.0
26970.0,-2.9200000000000017,53,4483.0,4483.0
26975.0,3.9099999999999966,48,4007.0,4007.0
26980.0,4.810000000000002,40,4056.0,4056.0
26985.0,-1.2199999999999989,38,4253.0,4253.0
26990.0,-1.9299999999999997,40,4448.0,4448.0
26995.0,-1.9299999999999997,50,4606.0,4606.0
27000.0,-2.3800000000000026,57,4876.0,4876.0
27005.0,-2.6999999999999957,61,5164.0,5164.0
27010.0,-3.980000000000004,63,5461.0,5461.0
27015.0,-3.1599999999999966,64,5532.0,5532.0
27020.0,0.6099999999999994,54,5583.0,5583.0
27025.0,1.8800000000000026,49,5308.0,5308.0
27030.0,1.8800000000000026,38,4685.0,4685.0
27035.0,6.189999999999998,32,4099.0,4099.0
27040.0,5.920000000000002,29,4071.0,4071.0
27045.0,-0.3400000000000034,34,4231.0,4231.0
27050.0,-1.8100000000000023,43,4430.0,4430.0
27055.0,-2.239999999999995,53,4671.0,4671.0
27060.0,-2.239999999999995,54,4833.0,4833.0
27065.0,-2.6400000000000006,61,5130.0,5130.0
27070.0,-2.969999999999999,58,5152.0,5152.0
27075.0,1.2999999999999972,52,4919.0,4919.0
27080.0,2.039999999999999,44,4518.0,4518.0
27085.0,3.730000000000004,39,4546.0,4546.0
27090.0,-2.7900000000000063,41,4743.0,4743.0
27095.0,-2.2099999999999937,49,4972.0,4972.0
27100.0,-2.2099999999999937,47,4341.0,4341.0
27105.0,5.369999999999997,48,3804.0,3804.0
27110.0,5.339999999999996,44,3248.0,3248.0
27115.0,7.310000000000002,34,3216.0,3216.0
27120.0,-1.6700000000000017,35,3345.0,3345.0
27125.0,-1.7199999999999989,41,3542.0,3542.0
27130.0,-1.7199999999999989,39,3265.0,3265.0
27135.0,1.9500000000000028,38,3048.0,3048.0
27140.0,2.169999999999998,32,2726.0,2726.0
27145.0,3.219999999999999,34,2618.0,2618.0
27150.0,1.0800000000000018,30,2414.0,2414.0
27155.0,4.379999999999999,26,1999.0,1999.0
27160.0,3.7300000000000004,22,1646.0,1646.0
27165.0,0.740000000000002,25,1758.0,1758.0
27170.0,-1.3400000000000034,30,1897.0,1897.0
27175.0,-1.3400000000000034,36,1970.0,1970.0
27180.0,-1.0899999999999999,43,2136.0,2136.0
27185.0,-2.049999999999997,42,2104.0,2104.0
27190.0,1.9599999999999973,34,1835.0,1835.0
27195.0,2.460000000000001,29,1708.0,1708.0
27200.0,2.460000000000001,28,1843.0,1843.0
27205.0,-1.0399999999999991,35,2007.0,2007.0
27210.0,-1.6400000000000006,43,2205.0,2205.0
27215.0,-1.9800000000000004,47,2436.0,2436.0
27220.0,-2.3099999999999987,51,2678.0,2678.0
27225.0,-2.4200000000000017,45,2696.0,2696.0
27230.0,1.0800000000000018,39,2495.0,2495.0
27235.0,1.7899999999999991,31,2188.0,2188.0
27240.0,2.8099999999999987,26,2013.0,2013.0
27245.0,1.4299999999999997,26,1786.0,1786.0
27250.0,3.2200000000000024,26,1555.0,1555.0
27255.0,2.639999999999999,25,1324.0,1324.0
27260.0,2.639999999999999,17,1236.0,1236.0
27265.0,1.290000000000001,17,1199.0,1199.0
27270.0,0.33999999999999986,22,1257.0,1257.0
27275.0,-0.7699999999999996,32,1358.0,1358.0
27280.0,-1.6800000000000015,37,1537.0,1537.0
27285.0,-1.8499999999999996,38,1723.0,1723.0
27290.0,-1.9299999999999997,41,1923.0,1923.0
27295.0,-1.9299999999999997,32,1697.0,1697.0
27300.0,1.4400000000000013,27,1495.0,1495.0
27305.0,2.0199999999999996,24,1611.0,1611.0
27310.0,-1.629999999999999,28,1738.0,1738.0
27315.0,-1.3900000000000006,36,1898.0,1898.0
27320.0,-1.7900000000000027,42,1812.0,1812.0
27325.0,1.490000000000002,42,1869.0,1869.0
27330.0,-2.0599999999999987,43,2076.0,2076.0
27335.0,-2.0599999999999987,45,2297.0,2297.0
27340.0,-3.1000000000000014,47,2530.0,2530.0
27345.0,-2.34,45,2584.0,2584.0
27350.0,0.33999999999999986,37,2467.0,2467.0
27355.0,1.2399999999999984,32,2349.0,2349.0
27360.0,1.2399999999999984,29,2487.0,2487.0
27365.0,-0.6799999999999997,37,2662.0,2662.0
27370.0,-1.75,39,2578.0,2578.0
27375.0,2.7200000000000024,33,2250.0,2250.0
27380.0,2.969999999999999,29,2182.0,2182.0
27385.0,-2.0199999999999996,28,2323.0,2323.0
27390.0,-1.5500000000000007,36,2486.0,2486.0
27395.0,-1.5500000000000007,38,2311.0,2311.0
27400.0,1.0100000000000016,36,2203.0,2203.0
27405.0,1.1199999999999974,30,2268.0,2268.0
27410.0,-1.2899999999999991,37,2438.0,2438.0
27415.0,-1.870000000000001,42,2635.0,2635.0
27420.0,-1.870000000000001,48,2837.0,2837.0
27425.0,-2.84,50,3086.0,3086.0
27430.0,-2.4899999999999984,49,3036.0,3036.0
27435.0,2.349999999999998,39,2709.0,2709.0
27440.0,3.1800000000000033,32,2399.0,2399.0
27445.0,0.11999999999999744,30,2551.0,2551.0
27450.0,-1.5700000000000003,35,2713.0,2713.0
27455.0,-1.5700000000000003,33,2548.0,2548.0
27460.0,2.0,34,2240.0,2240.0
27465.0,2.0500000000000007,32,2333.0,2333.0
27470.0,-1.5999999999999979,36,2505.0,2505.0
27475.0,-1.9200000000000017,46,2713.0,2713.0
27480.0,-2.3200000000000003,52,2959.0,2959.0
27485.0,-2.629999999999999,56,3232.0,3232.0
27490.0,-2.629999999999999,47,2965.0,2965.0
27495.0,1.5500000000000007,41,2733.0,2733.0
27500.0,2.3200000000000003,34,2715.0,2715.0
27505.0,-0.5100000000000016,35,2888.0,2888.0
27510.0,-1.7800000000000011,38,2847.0,2847.0
27515.0,1.6900000000000013,36,2829.0,2829.0
27520.0,1.8000000000000007,35,2489.0,2489.0
27525.0,1.8000000000000007,33,2662.0,2662.0
27530.0,-0.8300000000000018,40,2850.0,2850.0
27535.0,-1.9699999999999989,49,3078.0,3078.0
27540.0,-2.3500000000000014,56,3346.0,3346.0
27545.0,-2.740000000000002,59,3636.0,3636.0
27550.0,-2.9399999999999977,57,3643.0,3643.0
27555.0,1.6400000000000006,50,3378.0,3378.0
27560.0,2.5700000000000003,42,3360.0,3360.0
27565.0,2.5700000000000003,41,3559.0,3559.0
27570.0,-2.8400000000000034,41,3762.0,3762.0
27575.0,-2.029999999999994,43,3720.0,3720.0
27580.0,1.9699999999999989,41,3470.0,3470.0
27585.0,2.1299999999999955,40,3366.0,3366.0
27590.0,-1.759999999999998,39,3567.0,3567.0
27595.0,-2.0700000000000003,45,3780.0,3780.0
27600.0,-2.3999999999999986,54,4029.0,4029.0
27605.0,-2.3999999999999986,56,3890.0,3890.0
27610.0,0.25,64,4199.0,4199.0
27615.0,-3.1499999999999986,63,4512.0,4512.0
27620.0,-4.25,64,4818.0,4818.0
27625.0,-3.240000000000002,66,5146.0,5146.0
27630.0,-3.240000000000002,58,4784.0,4784.0
27635.0,2.299999999999997,52,4467.0,4467.0
27640.0,3.1700000000000017,45,4703.0,4703.0
27645.0,-3.309999999999995,48,4944.0,4944.0
27650.0,-2.440000000000005,55,5202.0,5202.0
27655.0,-2.739999999999995,60,5186.0,5186.0
27660.0,1.759999999999998,60,5200.0,5200.0
27665.0,2.240000000000002,53,4741.0,4741.0
27670.0,4.109999999999999,46,4551.0,4551.0
27675.0,4.109999999999999,33,4232.0,4232.0
27680.0,4.0,35,3635.0,3635.0
27685.0,4.339999999999996,32,3577.0,3577.0
27690.0,0.8400000000000034,32,3634.0,3634.0
27695.0,-1.3400000000000034,41,3801.0,3801.0
27700.0,-1.3400000000000034,44,3975.0,3975.0
27705.0,-2.539999999999999,54,4223.0,4223.0
27710.0,-2.479999999999997,58,4504.0,4504.0
27715.0,-2.8100000000000023,56,4479.0,4479.0
27720.0,2.1499999999999986,51,4022.0,4022.0
27725.0,4.219999999999999,43,3869.0,3869.0
27730.0,-1.3799999999999955,36,4041.0,4041.0
27735.0,-1.970000000000006,43,4245.0,4245.0
27740.0,-1.970000000000006,43,4005.0,4005.0
27745.0,1.5500000000000043,40,3859.0,3859.0
27750.0,1.490000000000002,39,3923.0,3923.0
27755.0,-1.5500000000000043,48,4147.0,4147.0
27760.0,-2.460000000000001,54,4406.0,4406.0
27765.0,-2.460000000000001,49,3945.0,3945.0
27770.0,3.539999999999999,44,3533.0,3533.0
27775.0,4.1200000000000045,36,3428.0,3428.0
27780.0,0.3399999999999963,33,3600.0,3600.0
27785.0,-1.7100000000000009,40,3785.0,3785.0
27790.0,-2.0,46,3930.0,3930.0
27795.0,-1.6999999999999957,50,4086.0,4086.0
27800.0,-2.440000000000005,55,4339.0,4339.0
27805.0,-2.440000000000005,51,3918.0,3918.0
27810.0,3.1700000000000017,42,3509.0,3509.0
27815.0,4.170000000000002,35,3139.0,3139.0
27820.0,6.260000000000002,29,2661.0,2661.0
27825.0,3.1799999999999997,35,2372.0,2372.0
27830.0,1.9800000000000004,37,2346.0,2346.0
27835.0,0.6199999999999974,33,2199.0,2199.0
27840.0,3.16,30,1855.0,1855.0
27845.0,3.1099999999999994,23,1667.0,1667.0
27850.0,3.1099999999999994,16,1661.0,1661.0
27855.0,0.5800000000000018,23,1756.0,1756.0
27860.0,-0.9499999999999993,28,1883.0,1883.0
27865.0,-1.2699999999999996,37,2050.0,2050.0
27870.0,-1.6700000000000017,41,2250.0,2250.0
27875.0,-2.0,38,2364.0,2364.0
27880.0,-1.1099999999999994,32,2391.0,2391.0
27885.0,-0.3500000000000014,34,2472.0,2472.0
27890.0,-2.210000000000001,39,2656.0,2656.0
27895.0,-2.039999999999999,44,2865.0,2865.0
27900.0,-2.2399999999999984,46,3091.0,3091.0
27905.0,-2.330000000000002,48,3326.0,3326.0
27910.0,-2.4299999999999997,50,3571.0,3571.0
27915.0,-2.4299999999999997,48,3596.0,3596.0
27920.0,-1.2299999999999969,49,3837.0,3837.0
27925.0,-2.4299999999999997,47,3734.0,3734.0
27930.0,3.5899999999999963,37,3280.0,3280.0
27935.0,4.490000000000002,36,2850.0,2850.0
27940.0,4.490000000000002,25,2975.0,2975.0
27945.0,1.0399999999999991,27,3104.0,3104.0
27950.0,-1.2899999999999991,28,3095.0,3095.0
27955.0,0.9199999999999982,26,2974.0,2974.0
27960.0,1.0500000000000007,27,2608.0,2608.0
27965.0,5.129999999999999,24,2418.0,2418.0
27970.0,4.43,26,1977.0,1977.0
27975.0,4.43,23,2087.0,2087.0
27980.0,-1.5799999999999983,27,2208.0,2208.0
27985.0,-1.2699999999999996,32,2091.0,2091.0
27990.0,3.009999999999998,27,1766.0,1766.0
27995.0,2.9700000000000024,26,1604.0,1604.0
28000.0,2.9700000000000024,15,1399.0,1399.0
28005.0,2.389999999999999,17,1260.0,1260.0
28010.0,1.3900000000000006,19,1290.0,1290.0
28015.0,-0.6699999999999999,30,1411.0,1411.0
28020.0,-1.4800000000000004,36,1581.0,1581.0
28025.0,-1.8200000000000003,39,1660.0,1660.0
28030.0,-1.5899999999999999,39,1855.0,1855.0
28035.0,-2.0100000000000016,43,2060.0,2060.0
28040.0,-2.0100000000000016,38,1774.0,1774.0
28045.0,2.0500000000000007,34,1543.0,1543.0
28050.0,2.370000000000001,26,1677.0,1677.0
28055.0,-1.8599999999999994,33,1826.0,1826.0
28060.0,-1.7100000000000009,40,2011.0,2011.0
28065.0,-1.7100000000000009,44,2129.0,2129.0
28070.0,-1.9699999999999989,47,2358.0,2358.0
28075.0,-2.289999999999999,49,2597.0,2597.0
28080.0,-2.3900000000000006,52,2845.0,2845.0
28085.0,-3.5199999999999996,54,3109.0,3109.0
28090.0,-2.6800000000000033,52,3144.0,3144.0
28095.0,0.9300000000000033,46,3170.0,3170.0
28100.0,1.9799999999999969,36,2785.0,2785.0
28105.0,2.4200000000000017,32,2638.0,2638.0
28110.0,2.4200000000000017,34,2765.0,2765.0
28115.0,-1.1499999999999986,41,2954.0,2954.0
28120.0,-1.9800000000000004,42,2863.0,2863.0
28125.0,2.8900000000000006,39,2553.0,2553.0
28130.0,2.5599999999999987,35,2424.0,2424.0
28135.0,2.5599999999999987,21,2192.0,2192.0
28140.0,2.599999999999998,16,1938.0,1938.0
28145.0,2.5400000000000027,18,1791.0,1791.0
28150.0,1.4699999999999989,26,1804.0,1804.0
28155.0,-0.7300000000000004,39,1974.0,1974.0
28160.0,-1.9199999999999982,44,2187.0,2187.0
28165.0,-2.210000000000001,45,2378.0,2378.0
28170.0,-2.3900000000000006,45,2561.0,2561.0
28175.0,-2.2699999999999996,46,2789.0,2789.0
28180.0,-2.2699999999999996,41,2440.0,2440.0
28185.0,2.6400000000000006,36,2125.0,2125.0
28190.0,3.1799999999999997,31,2284.0,2284.0
28195.0,-2.0,28,2417.0,2417.0
28200.0,-1.490000000000002,36,2579.0,2579.0
28205.0,-1.8599999999999994,43,2781.0,2781.0
28210.0,-1.8599999999999994,49,2967.0,2967.0
28215.0,-2.710000000000001,53,3227.0,3227.0
28220.0,-2.6000000000000014,51,3306.0,3306.0
28225.0,-0.11999999999999744,45,3217.0,3217.0
28230.0,0.9200000000000017,39,3001.0,3001.0
28235.0,1.9100000000000001,38,3012.0,3012.0
28240.0,-2.120000000000001,42,3210.0,3210.0
28245.0,-2.25,50,3443.0,3443.0
28250.0,-2.25,50,3586.0,3586.0
28255.0,-2.4399999999999977,54,3847.0,3847.0
28260.0,-2.6500000000000057,51,3983.0,3983.0
28265.0,-1.1199999999999974,43,4005.0,4005.0
28270.0,-0.3299999999999983,40,4094.0,4094.0
28275.0,-0.3299999999999983,33,3507.0,3507.0
28280.0,5.399999999999999,29,2803.0,2803.0
28285.0,7.039999999999999,20,2710.0,2710.0
28290.0,1.1799999999999997,10,2653.0,2653.0
28295.0,0.3500000000000014,17,2677.0,2677.0
28300.0,-0.9899999999999984,26,2775.0,2775.0
28305.0,-1.4300000000000033,32,2924.0,2924.0
28310.0,-1.4300000000000033,31,2453.0,2453.0
28315.0,4.100000000000001,21,2022.0,2022.0
28320.0,5.73,17,1985.0,1985.0
28325.0,-1.2699999999999996,19,2071.0,2071.0
28330.0,-1.0800000000000018,28,2199.0,2199.0
28335.0,-1.4699999999999989,35,2359.0,2359.0
28340.0,-1.4699999999999989,38,2355.0,2355.0
28345.0,-0.6400000000000006,42,2553.0,2553.0
28350.0,-1.9800000000000004,36,2446.0,2446.0
28355.0,3.2600000000000016,29,2053.0,2053.0
28360.0,3.629999999999999,21,1683.0,1683.0
28365.0,2.469999999999999,15,1576.0,1576.0
28370.0,1.5000000000000018,15,1397.0,1397.0
28375.0,1.5000000000000018,20,1449.0,1449.0
28380.0,0.03999999999999915,32,1579.0,1579.0
28385.0,-1.4900000000000002,31,1482.0,1482.0
28390.0,2.9300000000000015,23,1142.0,1142.0
28395.0,3.16,16,1037.0,1037.0
28400.0,3.16,21,1129.0,1129.0
28405.0,-1.2599999999999998,29,1256.0,1256.0
28410.0,-1.2700000000000014,36,1425.0,1425.0
28415.0,-1.6899999999999995,34,1463.0,1463.0
28420.0,0.25,27,1377.0,1377.0
28425.0,0.6699999999999999,24,1262.0,1262.0
28430.0,0.7799999999999994,24,1085.0,1085.0
28435.0,2.5500000000000007,20,943.0,943.0
28440.0,2.5300000000000002,20,702.0,702.0
28445.0,2.5300000000000002,14,750.0,750.0
28450.0,-0.16999999999999993,21,839.0,839.0
28455.0,-0.9699999999999998,26,960.0,960.0
28460.0,-1.2700000000000014,33,1116.0,1116.0
28465.0,-1.6099999999999994,33,1281.0,1281.0
28470.0,-1.6600000000000001,38,1461.0,1461.0
28475.0,-1.8499999999999996,39,1656.0,1656.0
28480.0,-1.9600000000000009,39,1701.0,1701.0
28485.0,-1.0299999999999976,39,1877.0,1877.0
28490.0,-1.9700000000000024,43,2082.0,2082.0
28495.0,-1.9700000000000024,33,1976.0,1976.0
28500.0,0.1999999999999993,27,1889.0,1889.0
28505.0,0.870000000000001,27,1766.0,1766.0
28510.0,1.2300000000000004,27,1669.0,1669.0
28515.0,2.6400000000000006,25,1364.0,1364.0
28520.0,2.83,18,1249.0,1249.0
28525.0,-0.6100000000000012,17,1297.0,1297.0
28530.0,-1.0,26,1406.0,1406.0
28535.0,-1.0,24,1361.0,1361.0
28540.0,-0.049999999999998934,24,1378.0,1378.0
28545.0,-0.16999999999999993,26,1248.0,1248.0
28550.0,2.9399999999999995,22,969.0,969.0
28555.0,2.460000000000001,17,897.0,897.0
28560.0,2.460000000000001,14,908.0,908.0
28565.0,-0.46000000000000085,22,1004.0,1004.0
28570.0,-0.9599999999999991,24,1057.0,1057.0
28575.0,-0.5,24,1091.0,1091.0
28580.0,-0.5900000000000016,25,984.0,984.0
28585.0,2.200000000000001,22,832.0,832.0
28590.0,2.7299999999999995,14,634.0,634.0
28595.0,2.7299999999999995,11,646.0,646.0
28600.0,-0.2599999999999998,17,705.0,705.0
28605.0,-0.7700000000000005,25,809.0,809.0
28610.0,-1.129999999999999,30,950.0,950.0
28615.0,-1.4400000000000013,34,1111.0,1111.0
28620.0,-1.6499999999999986,34,1281.0,1281.0
28625.0,-1.7100000000000009,34,1296.0,1296.0
28630.0,-0.5800000000000001,34,1442.0,1442.0
28635.0,-1.7699999999999996,38,1627.0,1627.0
28640.0,-1.7699999999999996,38,1817.0,1817.0
28645.0,-2.660000000000002,41,2017.0,2017.0
28650.0,-2.0,36,2068.0,2068.0
28655.0,0.11000000000000298,32,1983.0,1983.0
28660.0,0.6499999999999986,29,2016.0,2016.0
28665.0,-1.870000000000001,33,2161.0,2161.0
28670.0,-1.8200000000000003,41,2351.0,2351.0
28675.0,-1.8200000000000003,36,2042.0,2042.0
28680.0,2.34,28,1759.0,1759.0
28685.0,2.8900000000000006,25,1889.0,1889.0
28690.0,-1.7699999999999996,27,2016.0,2016.0
28695.0,-1.3900000000000006,35,2172.0,2172.0
28700.0,-1.3900000000000006,32,1918.0,1918.0
28705.0,1.8500000000000014,30,1714.0,1714.0
28710.0,2.039999999999999,24,1765.0,1765.0
28715.0,-1.0399999999999991,31,1910.0,1910.0
28720.0,-1.6000000000000014,36,2022.0,2022.0
28725.0,-2.099999999999998,47,2235.0,2235.0
28730.0,-2.4400000000000013,51,2483.0,2483.0
28735.0,-2.4400000000000013,49,2695.0,2695.0
28740.0,-3.120000000000001,52,2944.0,2944.0
28745.0,-2.5299999999999976,49,2976.0,2976.0
28750.0,0.879999999999999,39,2807.0,2807.0
28755.0,1.4199999999999982,34,2837.0,2837.0
28760.0,1.4199999999999982,38,3013.0,3013.0
28765.0,-2.4599999999999973,45,3232.0,3232.0
28770.0,-2.1900000000000013,49,3172.0,3172.0
28775.0,2.4499999999999993,41,2854.0,2854.0
28780.0,3.0,37,2363.0,2363.0
28785.0,4.560000000000002,29,2322.0,2322.0
28790.0,-2.080000000000002,32,2471.0,2471.0
28795.0,-1.6999999999999993,38,2647.0,2647.0
28800.0,-1.6999999999999993,36,2525.0,2525.0
28805.0,1.4199999999999982,35,2300.0,2300.0
28810.0,1.3300000000000018,25,2139.0,2139.0
28815.0,3.469999999999999,22,1829.0,1829.0
28820.0,3.740000000000002,16,1646.0,1646.0
28825.0,3.740000000000002,22,1616.0,1616.0
28830.0,-0.030000000000001137,32,1760.0,1760.0
28835.0,-1.4400000000000013,38,1938.0,1938.0
28840.0,-2.5799999999999983,47,2156.0,2156.0
28845.0,-2.3200000000000003,47,2193.0,2193.0
28850.0,0.6799999999999997,39,2221.0,2221.0
28855.0,1.2300000000000004,32,1973.0,1973.0
28860.0,1.6099999999999994,28,1926.0,1926.0
28865.0,1.6099999999999994,30,2040.0,2040.0
28870.0,-1.7399999999999984,41,2221.0,2221.0
28875.0,-1.9299999999999997,44,2183.0,2183.0
28880.0,2.1099999999999994,37,1892.0,1892.0
28885.0,2.710000000000001,30,1845.0,1845.0
28890.0,2.710000000000001,25,1899.0,1899.0
28895.0,-1.1600000000000001,29,2033.0,2033.0
28900.0,-1.3399999999999999,31,2059.0,2059.0
28905.0,0.36999999999999744,33,1988.0,1988.0
28910.0,0.41000000000000014,33,2044.0,2044.0
28915.0,-2.120000000000001,37,2204.0,2204.0
28920.0,-1.9299999999999997,44,2404.0,2404.0
28925.0,-1.9299999999999997,40,2105.0,2105.0
28930.0,2.1700000000000017,33,1834.0,1834.0
28935.0,2.7699999999999996,28,1986.0,1986.0
28940.0,-2.0199999999999996,32,2131.0,2131.0
28945.0,-1.629999999999999,37,2304.0,2304.0
28950.0,-1.629999999999999,36,2163.0,2163.0
28955.0,0.6799999999999997,31,2006.0,2006.0
28960.0,1.5700000000000003,25,1861.0,1861.0
28965.0,3.219999999999999,20,1535.0,1535.0
28970.0,2.9700000000000006,21,1449.0,1449.0
28975.0,-1.5300000000000011,27,1567.0,1567.0
28980.0,-1.5200000000000014,36,1728.0,1728.0
28985.0,-1.9099999999999966,43,1926.0,1926.0
28990.0,-1.9099999999999966,43,1957.0,1957.0
28995.0,-1.0400000000000027,46,2168.0,2168.0
29000.0,-2.2699999999999996,43,2169.0,2169.0
29005.0,1.25,37,1988.0,1988.0
29010.0,1.5600000000000023,30,1993.0,1993.0
29015.0,1.5600000000000023,35,2154.0,2154.0
29020.0,-2.210000000000001,41,2345.0,2345.0
29025.0,-1.9100000000000001,44,2541.0,2541.0
29030.0,-2.6700000000000017,51,2760.0,2760.0
29035.0,-2.5199999999999996,50,2829.0,2829.0
29040.0,0.33999999999999986,41,2871.0,2871.0
29045.0,0.879999999999999,36,2778.0,2778.0
29050.0,0.879999999999999,40,2963.0,2963.0
29055.0,-2.6199999999999974,47,3183.0,3183.0
29060.0,-2.259999999999998,51,3409.0,3409.0
29065.0,-3.1700000000000017,54,3655.0,3655.0
29070.0,-2.8000000000000043,58,3943.0,3943.0
29075.0,-2.8000000000000043,48,3594.0,3594.0
29080.0,2.3300000000000054,42,3262.0,3262.0
29085.0,3.3200000000000003,38,2734.0,2734.0
29090.0,5.279999999999998,28,2886.0,2886.0
29095.0,-1.9899999999999984,32,3024.0,3024.0
29100.0,-1.5900000000000034,38,2973.0,2973.0
29105.0,1.9600000000000009,35,2931.0,2931.0
29110.0,2.2200000000000024,32,2538.0,2538.0
29115.0,2.979999999999997,29,2353.0,2353.0
29120.0,0.9800000000000004,32,2266.0,2266.0
29125.0,0.9800000000000004,31,1907.0,1907.0
29130.0,3.41,26,1591.0,1591.0
29135.0,4.290000000000001,19,1569.0,1569.0
29140.0,-0.9100000000000001,18,1634.0,1634.0
29145.0,-1.0099999999999998,27,1752.0,1752.0
29150.0,-1.0099999999999998,24,1685.0,1685.0
29155.0,0.14999999999999858,29,1733.0,1733.0
29160.0,-0.4799999999999969,33,1796.0,1796.0
29165.0,-1.3500000000000014,39,1984.0,1984.0
29170.0,-1.9499999999999993,39,1921.0,1921.0
29175.0,2.379999999999999,31,1738.0,1738.0
29180.0,4.0600000000000005,25,1444.0,1444.0
29185.0,4.0600000000000005,20,1551.0,1551.0
29190.0,-1.5200000000000014,27,1664.0,1664.0
29195.0,-1.2100000000000009,31,1720.0,1720.0
29200.0,-0.35999999999999943,30,1714.0,1714.0
29205.0,0.14000000000000057,33,1761.0,1761.0
29210.0,0.14000000000000057,39,1941.0,1941.0
29215.0,-2.2699999999999996,42,2147.0,2147.0
29220.0,-2.0599999999999987,39,2226.0,2226.0
29225.0,-0.2699999999999996,38,2228.0,2228.0
29230.0,-0.7300000000000004,39,2363.0,2363.0
29235.0,-1.990000000000002,40,2273.0,2273.0
29240.0,3.120000000000001,32,2043.0,2043.0
29245.0,3.4899999999999984,26,1595.0,1595.0
29250.0,3.4899999999999984,21,1706.0,1706.0
29255.0,0.5700000000000003,24,1816.0,1816.0
29260.0,-1.1400000000000006,33,1961.0,1961.0
29265.0,-2.259999999999998,40,2147.0,2147.0
29270.0,-2.09,48,2372.0,2372.0
29275.0,-2.09,46,2585.0,2585.0
29280.0,-3.080000000000002,49,2820.0,2820.0
29285.0,-2.349999999999998,50,3070.0,3070.0
29290.0,-2.5,46,3123.0,3123.0
29295.0,0.259999999999998,38,3004.0,3004.0
29300.0,1.1700000000000017,31,2887.0,2887.0
29305.0,-0.9400000000000013,37,3058.0,3058.0
29310.0,-2.009999999999998,44,3266.0,3266.0
29315.0,-2.009999999999998,44,3301.0,3301.0
29320.0,-0.5700000000000003,37,3256.0,3256.0
29325.0,-0.13000000000000256,39,3439.0,3439.0
29330.0,-2.719999999999999,46,3655.0,3655.0
29335.0,-2.3100000000000023,51,3894.0,3894.0
29340.0,-2.3100000000000023,43,3416.0,3416.0
29345.0,3.7900000000000063,35,2970.0,2970.0
29350.0,4.459999999999997,30,3132.0,3132.0
29355.0,-2.240000000000002,29,3285.0,3285.0
29360.0,-1.4899999999999984,32,3309.0,3309.0
29365.0,0.21000000000000085,29,3351.0,3351.0
29370.0,0.3399999999999963,28,3316.0,3316.0
29375.0,0.3399999999999963,35,2974.0,2974.0
29380.0,4.360000000000003,32,2381.0,2381.0
29385.0,4.399999999999999,24,2352.0,2352.0
29390.0,0.13000000000000256,24,2447.0,2447.0
29395.0,-1.25,30,2584.0,2584.0
29400.0,-1.6000000000000014,38,2758.0,2758.0
29405.0,-1.6000000000000014,44,2832.0,2832.0
29410.0,-1.4800000000000004,47,3063.0,3063.0
29415.0,-2.3099999999999987,50,3312.0,3312.0
29420.0,-3.4400000000000013,50,3557.0,3557.0
29425.0,-2.5600000000000023,52,3480.0,3480.0
29430.0,3.1000000000000014,43,3396.0,3396.0
29435.0,3.650000000000002,37,3025.0,3025.0
29440.0,3.650000000000002,24,2780.0,2780.0
29445.0,1.8499999999999979,24,2551.0,2551.0
29450.0,2.9700000000000024,18,2574.0,2574.0
29455.0,-1.2300000000000004,29,2686.0,2686.0
29460.0,-1.620000000000001,42,2872.0,2872.0
29465.0,-1.620000000000001,37,2763.0,2763.0
29470.0,0.28000000000000114,33,2690.0,2690.0
29475.0,0.7300000000000004,31,2742.0,2742.0
29480.0,-1.1900000000000013,40,2923.0,2923.0
29485.0,-2.0,45,2780.0,2780.0
29490.0,3.9899999999999984,39,2649.0,2649.0
29495.0,4.25,33,2085.0,2085.0
29500.0,4.25,20,1978.0,1978.0
29505.0,1.8900000000000006,11,1890.0,1890.0
29510.0,1.2699999999999996,16,1838.0,1838.0
29515.0,0.2900000000000027,24,1925.0,1925.0
29520.0,-1.6900000000000013,35,2078.0,2078.0
29525.0,-1.8599999999999994,40,2275.0,2275.0
29530.0,-1.8599999999999994,34,2373.0,2373.0
29535.0,-1.7800000000000011,34,2497.0,2497.0
29540.0,-1.2399999999999984,34,2665.0,2665.0
29545.0,-1.6799999999999997,36,2843.0,2843.0
29550.0,-1.7800000000000011,33,2658.0,2658.0
29555.0,4.5,30,2212.0,2212.0
29560.0,3.75,22,1951.0,1951.0
29565.0,0.0799999999999983,18,2028.0,2028.0
29570.0,-0.8999999999999986,19,2119.0,2119.0
29575.0,-0.8999999999999986,20,1735.0,1735.0
29580.0,3.469999999999999,17,1415.0,1415.0
29585.0,3.1900000000000013,17,1415.0,1415.0
29590.0,-0.2900000000000009,20,1500.0,1500.0
29595.0,-1.0299999999999994,26,1617.0,1617.0
29600.0,-1.0299999999999994,30,1422.0,1422.0
29605.0,1.4399999999999995,36,1594.0,1594.0
29610.0,-1.7199999999999989,33,1549.0,1549.0
29615.0,1.879999999999999,26,1153.0,1153.0
29620.0,3.3900000000000006,17,1122.0,1122.0
29625.0,-1.3399999999999999,23,1224.0,1224.0
29630.0,-1.290000000000001,32,1362.0,1362.0
29635.0,-1.290000000000001,29,1211.0,1211.0
29640.0,0.9000000000000004,25,1108.0,1108.0
29645.0,1.0700000000000003,24,1035.0,1035.0
29650.0,1.0099999999999998,21,922.0,922.0
29655.0,2.16,17,712.0,712.0
29660.0,1.7400000000000002,14,573.0,573.0
29665.0,1.7400000000000002,13,620.0,620.0
29670.0,0.21999999999999975,20,705.0,705.0
29675.0,-0.8499999999999996,26,721.0,721.0
29680.0,-0.7000000000000002,29,861.0,861.0
29685.0,-1.4600000000000009,31,1014.0,1014.0
29690.0,-2.1799999999999997,32,1171.0,1171.0
29695.0,-1.709999999999999,36,1346.0,1346.0
29700.0,-1.709999999999999,30,1291.0,1291.0
29705.0,0.6099999999999994,25,1163.0,1163.0
29710.0,1.2400000000000002,20,1153.0,1153.0
29715.0,-0.9600000000000009,27,1274.0,1274.0
29720.0,-1.4299999999999997,34,1430.0,1430.0
29725.0,-1.7799999999999994,38,1618.0,1618.0
29730.0,-1.950000000000001,40,1817.0,1817.0
29735.0,-1.950000000000001,41,1947.0,1947.0
29740.0,-2.099999999999998,44,2158.0,2158.0
29745.0,-2.1099999999999994,44,2371.0,2371.0
29750.0,-3.0100000000000016,48,2598.0,2598.0
29755.0,-2.3500000000000014,46,2598.0,2598.0
29760.0,1.5199999999999996,37,2579.0,2579.0
29765.0,2.2200000000000024,32,2352.0,2352.0
29770.0,2.2200000000000024,33,2510.0,2510.0
29775.0,-2.2200000000000024,38,2686.0,2686.0
29780.0,-1.8299999999999983,45,2896.0,2896.0
29785.0,-2.1700000000000017,52,3141.0,3141.0
29790.0,-2.5299999999999976,56,3418.0,3418.0
29795.0,-2.8000000000000007,55,3647.0,3647.0
29800.0,-2.8900000000000006,56,3876.0,3876.0
29805.0,-2.8399999999999963,58,4164.0,4164.0
29810.0,-2.8399999999999963,51,3931.0,3931.0
29815.0,1.1699999999999946,42,3653.0,3653.0
29820.0,2.780000000000001,38,3746.0,3746.0
29825.0,-1.6700000000000017,40,3936.0,3936.0
29830.0,-2.0,49,4160.0,4160.0
29835.0,-3.4399999999999977,55,4419.0,4419.0
29840.0,-2.8900000000000006,63,4716.0,4716.0
29845.0,-2.8900000000000006,64,5030.0,5030.0
29850.0,-4.409999999999997,64,5350.0,5350.0
29855.0,-3.210000000000001,63,5442.0,5442.0
29860.0,0.0899999999999963,53,5322.0,5322.0
29865.0,1.0800000000000054,47,5240.0,5240.0
29870.0,1.8699999999999974,39,5075.0,5075.0
29875.0,0.22999999999999687,40,5083.0,5083.0
29880.0,0.22999999999999687,34,4420.0,4420.0
29885.0,6.68,30,3803.0,3803.0
29890.0,6.170000000000002,26,3722.0,3722.0
29895.0,0.5200000000000031,24,3824.0,3824.0
29900.0,-1.2600000000000051,29,3585.0,3585.0
29905.0,5.390000000000001,25,3193.0,3193.0
29910.0,6.920000000000002,31,2525.0,2525.0
29915.0,6.920000000000002,24,2645.0,2645.0
29920.0,-0.25,31,2789.0,2789.0
29925.0,-1.509999999999998,35,2801.0,2801.0
29930.0,0.6999999999999993,32,2680.0,2680.0
29935.0,1.0500000000000007,26,2640.0,2640.0
29940.0,1.0500000000000007,31,2777.0,2777.0
29945.0,-1.3000000000000007,36,2948.0,2948.0
29950.0,-1.7100000000000009,43,3151.0,3151.0
29955.0,-2.030000000000001,41,3008.0,3008.0
29960.0,4.040000000000003,33,2536.0,2536.0
29965.0,4.469999999999999,26,2095.0,2095.0
29970.0,2.5700000000000003,17,2060.0,2060.0
29975.0,1.7699999999999996,13,1830.0,1830.0
29980.0,1.7699999999999996,20,1779.0,1779.0
29985.0,0.6400000000000006,34,1922.0,1922.0
29990.0,-1.5500000000000007,38,2099.0,2099.0
29995.0,-2.539999999999999,41,2293.0,2293.0
30000.0,-2.0500000000000007,44,2503.0,2503.0
30005.0,-2.0500000000000007,35,2062.0,2062.0
30010.0,3.539999999999999,29,1674.0,1674.0
30015.0,3.8800000000000026,21,1304.0,1304.0
30020.0,3.6999999999999993,27,1417.0,1417.0
30025.0,-1.7100000000000009,33,1574.0,1574.0
30030.0,-1.7100000000000009,39,1744.0,1744.0
30035.0,-2.41,41,1928.0,1928.0
30040.0,-2.1199999999999974,45,2144.0,2144.0
30045.0,-2.1199999999999974,45,2369.0,2369.0
30050.0,-3.150000000000002,49,2605.0,2605.0
30055.0,-2.3999999999999986,46,2604.0,2604.0
30060.0,1.3299999999999983,42,2405.0,2405.0
30065.0,1.870000000000001,35,2224.0,2224.0
30070.0,3.2300000000000004,30,2072.0,2072.0
30075.0,3.2300000000000004,28,2142.0,2142.0
30080.0,-1.3100000000000023,33,2300.0,2300.0
30085.0,-1.5799999999999983,36,2321.0,2321.0
30090.0,0.5599999999999987,36,2213.0,2213.0
30095.0,0.7699999999999996,31,2256.0,2256.0
30100.0,-2.1199999999999974,35,2414.0,2414.0
30105.0,-1.9000000000000021,43,2612.0,2612.0
30110.0,-1.9000000000000021,40,2605.0,2605.0
30115.0,-0.75,32,2634.0,2634.0
30120.0,0.08000000000000185,32,2681.0,2681.0
30125.0,-1.4600000000000009,36,2854.0,2854.0
30130.0,-1.8999999999999986,48,3063.0,3063.0
30135.0,-1.8999999999999986,41,3192.0,3192.0
30140.0,-2.200000000000003,38,3333.0,3333.0
30145.0,-1.4099999999999966,40,3507.0,3507.0
30150.0,-1.740000000000002,35,3332.0,3332.0
30155.0,4.469999999999999,28,2677.0,2677.0
30160.0,6.330000000000002,22,2436.0,2436.0
30165.0,-0.1999999999999993,17,2464.0,2464.0
30170.0,-0.8200000000000003,18,2547.0,2547.0
30175.0,-0.8200000000000003,19,2052.0,2052.0
30180.0,4.59,18,1616.0,1616.0
30185.0,4.379999999999999,13,1509.0,1509.0
30190.0,1.5500000000000007,7,1434.0,1434.0
30195.0,0.5499999999999989,12,1445.0,1445.0
30200.0,0.5499999999999989,29,1552.0,1552.0
30205.0,-1.299999999999999,36,1717.0,1717.0
30210.0,-1.6500000000000021,32,1618.0,1618.0
30215.0,2.8900000000000023,22,1187.0,1187.0
30220.0,3.889999999999999,16,1049.0,1049.0
30225.0,-0.14999999999999858,14,1068.0,1068.0
30230.0,-0.870000000000001,22,1163.0,1163.0
30235.0,-1.25,28,1294.0,1294.0
30240.0,-1.5700000000000003,35,1458.0,1458.0
30245.0,-1.8099999999999987,37,1641.0,1641.0
30250.0,-1.8099999999999987,31,1584.0,1584.0
30255.0,-0.10000000000000142,25,1537.0,1537.0
30260.0,0.5200000000000014,25,1596.0,1596.0
30265.0,-1.1800000000000015,33,1745.0,1745.0
30270.0,-1.6899999999999977,38,1923.0,1923.0
30275.0,-1.9200000000000017,43,2126.0,2126.0
30280.0,-1.9200000000000017,41,2309.0,2309.0
30285.0,-2.6799999999999997,41,2514.0,2514.0
30290.0,-2.0500000000000007,45,2732.0,2732.0
30295.0,-2.1799999999999997,39,2637.0,2637.0
30300.0,3.1000000000000014,33,2264.0,2264.0
30305.0,3.379999999999999,25,2034.0,2034.0
30310.0,-0.4499999999999993,26,2155.0,2155.0
30315.0,-1.2800000000000011,29,2286.0,2286.0
30320.0,-1.6099999999999994,39,2457.0,2457.0
30325.0,-1.6099999999999994,38,2331.0,2331.0
30330.0,0.509999999999998,32,2250.0,2250.0
30335.0,0.870000000000001,30,2188.0,2188.0
30340.0,1.4000000000000021,27,1989.0,1989.0
30345.0,3.25,28,1643.0,1643.0
30350.0,3.009999999999998,25,1361.0,1361.0
30355.0,3.009999999999998,19,1431.0,1431.0
30360.0,0.8300000000000001,23,1534.0,1534.0
30365.0,-1.0299999999999994,26,1457.0,1457.0
30370.0,2.17,22,1212.0,1212.0
30375.0,2.17,18,1099.0,1099.0
30380.0,-0.7899999999999991,25,1204.0,1204.0
30385.0,-1.4200000000000017,33,1354.0,1354.0
30390.0,-1.4200000000000017,36,1511.0,1511.0
30395.0,-2.2799999999999994,40,1708.0,1708.0
30400.0,-1.9900000000000002,44,1918.0,1918.0
30405.0,-3.0199999999999996,44,2138.0,2138.0
30410.0,-2.219999999999999,48,2365.0,2365.0
30415.0,-2.219999999999999,40,2198.0,2198.0
30420.0,0.7399999999999984,37,2084.0,2084.0
30425.0,1.1400000000000006,29,2162.0,2162.0
30430.0,-1.2600000000000016,34,2311.0,2311.0
30435.0,-1.759999999999998,41,2360.0,2360.0
30440.0,0.05999999999999872,36,2352.0,2352.0
30445.0,0.9400000000000013,32,2279.0,2279.0
30450.0,0.9400000000000013,27,1899.0,1899.0
30455.0,3.620000000000001,27,1578.0,1578.0
30460.0,3.1899999999999977,23,1531.0,1531.0
30465.0,0.05000000000000071,26,1650.0,1650.0
30470.0,-1.3500000000000014,32,1797.0,1797.0
30475.0,-1.3500000000000014,36,1889.0,1889.0
30480.0,-1.5399999999999991,44,2093.0,2093.0
30485.0,-2.039999999999999,46,2319.0,2319.0
30490.0,-3.1999999999999993,50,2561.0,2561.0
30495.0,-2.5199999999999996,52,2809.0,2809.0
30500.0,-3.3000000000000007,50,3045.0,3045.0
30505.0,-2.570000000000004,54,3306.0,3306.0
30510.0,-2.570000000000004,46,3024.0,3024.0
30515.0,1.8400000000000034,41,2750.0,2750.0
30520.0,3.8000000000000007,33,2831.0,2831.0
30525.0,-2.4299999999999997,37,3004.0,3004.0
30530.0,-1.8399999999999999,40,3193.0,3193.0
30535.0,-2.1000000000000014,49,3421.0,3421.0
30540.0,-2.1000000000000014,55,3683.0,3683.0
30545.0,-3.5799999999999983,59,3973.0,3973.0
30550.0,-2.8999999999999986,60,4269.0,4269.0
30555.0,-4.200000000000003,63,4582.0,4582.0
30560.0,-3.1499999999999986,68,4906.0,4906.0
30565.0,-3.3400000000000034,69,5249.0,5249.0
30570.0,-3.4499999999999957,71,5597.0,5597.0
30575.0,-3.530000000000001,71,5644.0,5644.0
30580.0,1.2800000000000011,62,5674.0,5674.0
30585.0,2.5899999999999963,54,5407.0,5407.0
30590.0,2.5899999999999963,47,5659.0,5659.0
30595.0,-3.530000000000001,48,5900.0,5900.0
30600.0,-2.4499999999999957,52,5794.0,5794.0
30605.0,3.489999999999995,49,5378.0,5378.0
30610.0,3.8900000000000006,45,5158.0,5158.0
30615.0,3.8900000000000006,40,5264.0,5264.0
30620.0,-0.509999999999998,40,5465.0,5465.0
30625.0,-2.009999999999998,43,5362.0,5362.0
30630.0,3.269999999999996,41,4965.0,4965.0
30635.0,3.700000000000003,43,4632.0,4632.0
30640.0,-0.18999999999999773,40,4827.0,4827.0
30645.0,-2.1099999999999994,47,5045.0,5045.0
30650.0,-2.510000000000005,56,5305.0,5305.0
30655.0,-2.510000000000005,58,5545.0,5545.0
30660.0,-3.549999999999997,62,5851.0,5851.0
30665.0,-3.0900000000000034,59,5857.0,5857.0
30670.0,1.6400000000000006,55,5601.0,5601.0
30675.0,3.520000000000003,46,5388.0,5388.0
30680.0,3.520000000000003,35,4765.0,4765.0
30685.0,6.32,31,4181.0,4181.0
30690.0,5.839999999999996,27,3946.0,3946.0
30695.0,2.210000000000001,28,4044.0,4044.0
30700.0,-1.4200000000000017,33,3864.0,3864.0
30705.0,4.32,35,3705.0,3705.0
30710.0,4.210000000000001,35,3169.0,3169.0
30715.0,4.210000000000001,31,3305.0,3305.0
30720.0,-0.8900000000000006,39,3484.0,3484.0
30725.0,-1.8599999999999994,40,3394.0,3394.0
30730.0,2.8300000000000054,37,3062.0,3062.0
30735.0,3.049999999999997,35,3006.0,3006.0
30740.0,3.049999999999997,33,3173.0,3173.0
30745.0,-2.370000000000001,40,3359.0,3359.0
30750.0,-1.860000000000003,44,3482.0,3482.0
30755.0,-2.1299999999999955,50,3719.0,3719.0
30760.0,-2.5500000000000043,54,3758.0,3758.0
30765.0,0.46000000000000085,44,3825.0,3825.0
30770.0,1.0600000000000023,39,3714.0,3714.0
30775.0,0.7800000000000011,34,3518.0,3518.0
30780.0,0.7800000000000011,39,3698.0,3698.0
30785.0,-1.4100000000000037,45,3911.0,3911.0
30790.0,-2.1999999999999957,49,4124.0,4124.0
30795.0,-2.960000000000001,54,4362.0,4362.0
30800.0,-2.700000000000003,55,4633.0,4633.0
30805.0,-2.700000000000003,58,4922.0,4922.0
30810.0,-3.979999999999997,59,5213.0,5213.0
30815.0,-2.9100000000000037,59,5066.0,5066.0
30820.0,4.6200000000000045,50,4491.0,4491.0
30825.0,5.689999999999998,41,4117.0,4117.0
30830.0,1.0200000000000031,29,4109.0,4109.0
30835.0,1.6400000000000006,23,3939.0,3939.0
30840.0,1.6400000000000006,18,3253.0,3253.0
30845.0,6.439999999999998,23,2691.0,2691.0
30850.0,5.57,26,2625.0,2625.0
30855.0,0.8599999999999994,31,2677.0,2677.0
30860.0,-1.3800000000000026,37,2839.0,2839.0
30865.0,-1.3800000000000026,35,2693.0,2693.0
30870.0,0.740000000000002,32,2519.0,2519.0
30875.0,1.7399999999999984,31,2674.0,2674.0
30880.0,-2.1999999999999993,37,2845.0,2845.0
30885.0,-1.8299999999999983,41,2968.0,2968.0
30890.0,-2.2699999999999996,49,3198.0,3198.0
30895.0,-2.4800000000000004,51,3448.0,3448.0
30900.0,-2.5700000000000003,53,3707.0,3707.0
30905.0,-2.5700000000000003,47,3698.0,3698.0
30910.0,-0.21000000000000085,39,3626.0,3626.0
30915.0,0.5900000000000034,34,3564.0,3564.0
30920.0,0.6199999999999974,39,3540.0,3540.0
30925.0,-0.259999999999998,41,3670.0,3670.0
30930.0,-1.0900000000000034,37,3825.0,3825.0
30935.0,-2.3599999999999994,42,4009.0,4009.0
30940.0,-2.1099999999999994,43,4222.0,4222.0
30945.0,-2.1099999999999994,35,3536.0,3536.0
30950.0,6.0,28,2943.0,2943.0
30955.0,5.93,20,2708.0,2708.0
30960.0,1.9299999999999997,20,2812.0,2812.0
30965.0,-1.0100000000000016,23,2916.0,2916.0
30970.0,-1.1600000000000001,32,3058.0,3058.0
30975.0,-1.5999999999999979,39,3238.0,3238.0
30980.0,-1.9199999999999982,45,3451.0,3451.0
30985.0,-2.219999999999999,47,3682.0,3682.0
30990.0,-2.3700000000000045,50,3927.0,3927.0
30995.0,-2.490000000000002,53,4184.0,4184.0
31000.0,-2.6399999999999935,53,4291.0,4291.0
31005.0,-1.8300000000000054,53,4527.0,4527.0
31010.0,-2.719999999999999,55,4801.0,4801.0
31015.0,-2.719999999999999,47,4745.0,4745.0
31020.0,-0.4399999999999977,39,4697.0,4697.0
31025.0,0.5499999999999972,36,4692.0,4692.0
31030.0,0.759999999999998,39,4346.0,4346.0
31035.0,6.530000000000001,34,3649.0,3649.0
31040.0,6.630000000000003,30,3404.0,3404.0
31045.0,6.630000000000003,24,3477.0,3477.0
31050.0,-1.3400000000000034,22,3588.0,3588.0
31055.0,-1.1099999999999994,24,3313.0,3313.0
31060.0,5.930000000000003,24,2737.0,2737.0
31065.0,5.32,24,2373.0,2373.0
31070.0,0.03999999999999915,23,2482.0,2482.0
31075.0,-1.3399999999999999,31,2624.0,2624.0
31080.0,-1.6900000000000013,39,2801.0,2801.0
31085.0,-2.0599999999999987,45,3013.0,3013.0
31090.0,-2.3000000000000007,48,3246.0,3246.0
31095.0,-2.4700000000000024,50,3495.0,3495.0
31100.0,-2.519999999999996,52,3749.0,3749.0
31105.0,-2.519999999999996,46,3620.0,3620.0
31110.0,0.3299999999999983,39,3509.0,3509.0
31115.0,1.1700000000000017,33,3439.0,3439.0
31120.0,1.7899999999999991,35,3503.0,3503.0
31125.0,-2.4299999999999997,39,3688.0,3688.0
31130.0,-2.0600000000000023,46,3908.0,3908.0
31135.0,-2.0600000000000023,44,3317.0,3317.0
31140.0,5.0,40,2810.0,2810.0
31145.0,5.07,31,2966.0,2966.0
31150.0,-2.009999999999998,32,3106.0,3106.0
31155.0,-1.620000000000001,37,3101.0,3101.0
31160.0,-0.33999999999999986,40,3247.0,3247.0
31165.0,-2.210000000000001,49,3477.0,3477.0
31170.0,-2.210000000000001,52,3735.0,3735.0
31175.0,-3.6099999999999994,55,4007.0,4007.0
31180.0,-2.729999999999997,52,3879.0,3879.0
31185.0,3.8900000000000006,44,3434.0,3434.0
31190.0,4.25,37,3033.0,3033.0
31195.0,4.25,34,3202.0,3202.0
31200.0,0.45999999999999375,38,3375.0,3375.0
31205.0,-1.7299999999999969,45,3585.0,3585.0
31210.0,-2.1000000000000014,55,3834.0,3834.0
31215.0,-2.490000000000002,59,4116.0,4116.0
31220.0,-4.0,61,4415.0,4415.0
31225.0,-3.029999999999994,63,4725.0,4725.0
31230.0,-3.1400000000000006,65,5044.0,5044.0
31235.0,-3.230000000000004,65,5051.0,5051.0
31240.0,1.8100000000000023,56,5049.0,5049.0
31245.0,2.740000000000002,51,4659.0,4659.0
31250.0,2.740000000000002,44,4873.0,4873.0
31255.0,-1.980000000000004,43,5088.0,5088.0
31260.0,-2.1499999999999986,51,5325.0,5325.0
31265.0,-2.460000000000001,57,5597.0,5597.0
31270.0,-2.769999999999996,65,5906.0,5906.0
31275.0,-3.1799999999999997,69,6247.0,6247.0
31280.0,-4.810000000000009,71,6595.0,6595.0
31285.0,-3.6400000000000006,75,6968.0,6968.0
31290.0,-3.6400000000000006,66,6698.0,6698.0
31295.0,1.2000000000000028,58,6462.0,6462.0
31300.0,2.3599999999999994,50,6028.0,6028.0
31305.0,4.340000000000003,43,5781.0,5781.0
31310.0,2.469999999999999,42,5663.0,5663.0
31315.0,1.1799999999999997,40,5269.0,5269.0
31320.0,7.609999999999999,37,4601.0,4601.0
31325.0,6.340000000000003,30,4051.0,4051.0
31330.0,2.210000000000001,20,4028.0,4028.0
31335.0,0.28999999999999915,18,4014.0,4014.0
31340.0,0.28999999999999915,21,3887.0,3887.0
31345.0,1.0899999999999963,31,3920.0,3920.0
31350.0,-0.4299999999999997,40,4096.0,4096.0
31355.0,-1.8499999999999943,44,4308.0,4308.0
31360.0,-2.1500000000000057,41,4087.0,4087.0
31365.0,5.6200000000000045,32,3466.0,3466.0
31370.0,6.02,28,3075.0,3075.0
31375.0,6.02,23,3198.0,3198.0
31380.0,-0.10000000000000142,26,3315.0,3315.0
31385.0,-1.1699999999999982,25,3084.0,3084.0
31390.0,5.299999999999997,26,2398.0,2398.0
31395.0,4.82,25,2073.0,2073.0
31400.0,1.490000000000002,25,2179.0,2179.0
31405.0,-1.3399999999999999,31,2319.0,2319.0
31410.0,-1.3399999999999999,32,2178.0,2178.0
31415.0,0.8000000000000007,26,2060.0,2060.0
31420.0,1.2299999999999969,26,2078.0,2078.0
31425.0,-0.7999999999999972,35,2234.0,2234.0
31430.0,-1.8200000000000003,42,2430.0,2430.0
31435.0,-1.8200000000000003,41,2460.0,2460.0
31440.0,-1.1300000000000026,44,2670.0,2670.0
31445.0,-2.099999999999998,45,2895.0,2895.0
31450.0,-2.25,40,2736.0,2736.0
31455.0,4.329999999999998,33,2242.0,2242.0
31460.0,4.59,27,1943.0,1943.0
31465.0,-0.41999999999999815,27,2072.0,2072.0
31470.0,-1.4700000000000024,35,2227.0,2227.0
31475.0,-1.4700000000000024,33,2083.0,2083.0
31480.0,1.6400000000000006,33,1888.0,1888.0
31485.0,1.0899999999999999,26,2028.0,2028.0
31490.0,-1.9899999999999984,35,2185.0,2185.0
31495.0,-1.75,42,2374.0,2374.0
31500.0,-1.75,47,2593.0,2593.0
31505.0,-3.0,50,2841.0,2841.0
31510.0,-2.4800000000000004,52,3097.0,3097.0
31515.0,-3.610000000000003,54,3364.0,3364.0
31520.0,-2.7099999999999937,54,3345.0,3345.0
31525.0,2.039999999999999,46,3315.0,3315.0
31530.0,2.799999999999997,41,2925.0,2925.0
31535.0,2.799999999999997,29,2786.0,2786.0
31540.0,2.6799999999999997,22,2450.0,2450.0
31545.0,2.5,15,2432.0,2432.0
31550.0,-0.00999999999999801,28,2526.0,2526.0
31555.0,-1.4800000000000004,39,2697.0,2697.0
31560.0,-2.1000000000000014,50,2927.0,2927.0
31565.0,-2.1000000000000014,53,3190.0,3190.0
31570.0,-3.599999999999998,59,3468.0,3468.0
31575.0,-2.780000000000001,61,3770.0,3770.0
31580.0,-3.020000000000003,59,4049.0,4049.0
31585.0,-3.789999999999999,61,4329.0,4329.0
31590.0,-3.019999999999996,61,4313.0,4313.0
31595.0,2.239999999999995,53,4280.0,4280.0
31600.0,3.240000000000002,44,3947.0,3947.0
31605.0,3.240000000000002,37,3665.0,3665.0
31610.0,2.030000000000001,25,3409.0,3409.0
31615.0,2.6599999999999966,21,3408.0,3408.0
31620.0,-0.20999999999999375,30,3512.0,3512.0
31625.0,-1.6400000000000006,43,3702.0,3702.0
31630.0,-2.240000000000002,52,3945.0,3945.0
31635.0,-2.240000000000002,49,3581.0,3581.0
31640.0,2.6199999999999974,45,3265.0,3265.0
31645.0,3.1600000000000037,40,2818.0,2818.0
31650.0,4.469999999999999,35,2577.0,2577.0
31655.0,2.41,34,2641.0,2641.0
31660.0,-1.3599999999999994,40,2829.0,2829.0
31665.0,-2.0100000000000016,43,2994.0,2994.0
31670.0,-2.1799999999999997,51,3183.0,3183.0
31675.0,-2.5600000000000023,53,3441.0,3441.0
31680.0,-2.5600000000000023,47,3336.0,3336.0
31685.0,0.07000000000000028,39,3262.0,3262.0
31690.0,0.8100000000000023,35,3248.0,3248.0
31695.0,0.8500000000000014,32,3007.0,3007.0
31700.0,4.52,28,2509.0,2509.0
31705.0,4.550000000000001,28,2236.0,2236.0
31710.0,4.550000000000001,13,2200.0,2200.0
31715.0,1.0799999999999983,17,2179.0,2179.0
31720.0,0.21000000000000085,19,1975.0,1975.0
31725.0,4.27,20,1563.0,1563.0
31730.0,3.76,17,1395.0,1395.0
31735.0,-0.5299999999999994,16,1445.0,1445.0
31740.0,-0.9600000000000009,24,1549.0,1549.0
31745.0,-0.9600000000000009,23,1239.0,1239.0
31750.0,2.630000000000001,24,1007.0,1007.0
31755.0,2.3099999999999987,17,1019.0,1019.0
31760.0,-0.33000000000000007,23,1109.0,1109.0
31765.0,-1.2299999999999986,30,1246.0,1246.0
31770.0,-1.2299999999999986,28,1179.0,1179.0
31775.0,0.08000000000000007,22,1098.0,1098.0
31780.0,0.8099999999999987,26,1222.0,1222.0
31785.0,-1.799999999999999,33,1372.0,1372.0
31790.0,-1.620000000000001,37,1470.0,1470.0
31795.0,-0.9499999999999993,29,1564.0,1564.0
31800.0,-0.7000000000000011,29,1634.0,1634.0
31805.0,-0.7000000000000011,33,1793.0,1793.0
31810.0,-2.219999999999999,35,1966.0,1966.0
31815.0,-1.7600000000000016,39,2155.0,2155.0
31820.0,-1.9100000000000001,39,2350.0,2350.0
31825.0,-1.9499999999999993,39,2325.0,2325.0
31830.0,0.3000000000000007,39,2437.0,2437.0
31835.0,-1.9800000000000004,43,2642.0,2642.0
31840.0,-1.9800000000000004,43,2857.0,2857.0
31845.0,-3.0,45,3080.0,3080.0
31850.0,-2.2300000000000004,47,3315.0,3315.0
31855.0,-2.349999999999998,46,3437.0,3437.0
31860.0,-1.1400000000000006,43,3474.0,3474.0
31865.0,-0.5900000000000034,39,3587.0,3587.0
31870.0,-2.719999999999999,47,3807.0,3807.0
31875.0,-2.4299999999999997,51,4054.0,4054.0
31880.0,-2.4299999999999997,49,4240.0,4240.0
31885.0,-2.8599999999999994,51,4489.0,4489.0
31890.0,-2.509999999999998,48,4328.0,4328.0
31895.0,4.579999999999998,43,3808.0,3808.0
31900.0,4.920000000000002,36,3500.0,3500.0
31905.0,4.920000000000002,22,3397.0,3397.0
31910.0,1.9299999999999997,16,3297.0,3297.0
31915.0,1.0,21,3243.0,3243.0
31920.0,0.5399999999999991,26,3301.0,3301.0
31925.0,-0.6199999999999974,35,3403.0,3403.0
31930.0,-1.7000000000000028,40,3590.0,3590.0
31935.0,-2.75,41,3791.0,3791.0
31940.0,-2.0799999999999983,42,4000.0,4000.0
31945.0,-2.0799999999999983,45,4219.0,4219.0
31950.0,-3.0700000000000003,46,4449.0,4449.0
31955.0,-2.3000000000000043,49,4689.0,4689.0
31960.0,-2.4299999999999997,46,4514.0,4514.0
31965.0,4.810000000000002,41,3961.0,3961.0
31970.0,5.560000000000002,34,3583.0,3583.0
31975.0,5.560000000000002,28,3696.0,3696.0
31980.0,0.04999999999999716,28,3829.0,3829.0
31985.0,-1.3299999999999983,30,3586.0,3586.0
31990.0,5.560000000000002,26,3010.0,3010.0
31995.0,5.359999999999996,26,2514.0,2514.0
32000.0,1.2600000000000016,27,2638.0,2638.0
32005.0,-1.4600000000000009,35,2792.0,2792.0
32010.0,-1.879999999999999,41,2986.0,2986.0
32015.0,-2.1900000000000013,48,3212.0,3212.0
32020.0,-2.519999999999996,52,3468.0,3468.0
32025.0,-2.519999999999996,46,3361.0,3361.0
32030.0,1.0699999999999932,38,3095.0,3095.0
32035.0,1.7600000000000051,34,2955.0,2955.0
32040.0,2.799999999999997,34,2908.0,2908.0
32045.0,-1.629999999999999,39,3092.0,3092.0
32050.0,-1.9999999999999964,46,3305.0,3305.0
32055.0,-1.9999999999999964,47,3470.0,3470.0
32060.0,-2.5400000000000063,50,3717.0,3717.0
32065.0,-2.469999999999999,52,3974.0,3974.0
32070.0,-2.5700000000000003,54,4240.0,4240.0
32075.0,-3.75,59,4524.0,4524.0
32080.0,-2.960000000000001,59,4811.0,4811.0
32085.0,-3.9299999999999997,60,5098.0,5098.0
32090.0,-3.0700000000000003,62,5407.0,5407.0
32095.0,-3.0700000000000003,55,4794.0,4794.0
32100.0,4.970000000000006,47,4237.0,4237.0
32105.0,7.529999999999994,40,4077.0,4077.0
32110.0,-1.0499999999999972,42,4283.0,4283.0
32115.0,-2.049999999999997,46,4494.0,4494.0
32120.0,-2.049999999999997,43,4196.0,4196.0
32125.0,2.0899999999999963,42,3884.0,3884.0
32130.0,3.1199999999999974,37,4038.0,4038.0
32135.0,-1.8499999999999943,40,4185.0,4185.0
32140.0,-1.980000000000004,45,4398.0,4398.0
32145.0,-3.25,53,4645.0,4645.0
32150.0,-2.9200000000000017,63,4947.0,4947.0
32155.0,-2.9200000000000017,63,5236.0,5236.0
32160.0,-4.149999999999999,66,5559.0,5559.0
32165.0,-3.259999999999998,67,5890.0,5890.0
32170.0,-3.3200000000000003,66,5964.0,5964.0
32175.0,0.5399999999999991,57,5786.0,5786.0
32180.0,1.6200000000000045,52,5733.0,5733.0
32185.0,1.6200000000000045,39,5088.0,5088.0
32190.0,6.529999999999994,31,4476.0,4476.0
32195.0,6.1200000000000045,28,4421.0,4421.0
32200.0,0.21999999999999886,31,4549.0,4549.0
32205.0,-1.6000000000000014,41,4732.0,4732.0
32210.0,-2.039999999999999,50,4964.0,4964.0
32215.0,-2.509999999999998,59,5239.0,5239.0
32220.0,-2.9000000000000057,62,5536.0,5536.0
32225.0,-4.25,62,5846.0,5846.0
32230.0,-3.1599999999999966,65,6165.0,6165.0
32235.0,-3.1599999999999966,58,6066.0,6066.0
32240.0,1.2800000000000011,51,5698.0,5698.0
32245.0,2.25,47,5939.0,5939.0
32250.0,-3.3700000000000045,48,6181.0,6181.0
32255.0,-2.469999999999999,56,6441.0,6441.0
32260.0,-2.469999999999999,57,6699.0,6699.0
32265.0,-3.6799999999999926,65,7009.0,7009.0
32270.0,-3.1000000000000085,69,7347.0,7347.0
32275.0,-3.3799999999999955,64,7408.0,7408.0
32280.0,0.7399999999999949,56,7207.0,7207.0
32285.0,1.8900000000000006,47,6830.0,6830.0
32290.0,3.3400000000000034,45,6723.0,6723.0
32295.0,0.9200000000000017,44,6537.0,6537.0
32300.0,1.3199999999999932,42,6089.0,6089.0
32305.0,8.070000000000007,36,5755.0,5755.0
32310.0,8.469999999999999,33,4424.0,4424.0
32315.0,8.469999999999999,25,4473.0,4473.0
32320.0,3.6999999999999957,25,4606.0,4606.0
32325.0,-1.2899999999999991,27,4266.0,4266.0
32330.0,7.3700000000000045,24,3517.0,3517.0
32335.0,7.059999999999999,25,3237.0,3237.0
32340.0,7.059999999999999,23,3252.0,3252.0
32345.0,-0.6400000000000041,31,3393.0,3393.0
32350.0,-1.4099999999999966,37,3568.0,3568.0
32355.0,-2.539999999999999,47,3782.0,3782.0
32360.0,-2.289999999999999,46,3607.0,3607.0
32365.0,4.799999999999997,43,3439.0,3439.0
32370.0,5.100000000000001,35,2755.0,2755.0
32375.0,5.100000000000001,32,2889.0,2889.0
32380.0,-0.370000000000001,38,3066.0,3066.0
32385.0,-1.8099999999999987,42,3037.0,3037.0
32390.0,1.6199999999999974,38,2812.0,2812.0
32395.0,2.120000000000001,34,2799.0,2799.0
32400.0,2.120000000000001,29,2939.0,2939.0
32405.0,-2.09,37,3108.0,3108.0
32410.0,-1.6899999999999977,41,3206.0,3206.0
32415.0,-1.8200000000000003,48,3432.0,3432.0
32420.0,-2.4299999999999997,50,3469.0,3469.0
32425.0,0.8099999999999952,44,3400.0,3400.0
32430.0,2.490000000000002,38,3154.0,3154.0
32435.0,2.490000000000002,37,3330.0,3330.0
32440.0,-1.6299999999999955,41,3524.0,3524.0
32445.0,-2.0,48,3749.0,3749.0
32450.0,-2.3300000000000054,52,3973.0,3973.0
32455.0,-2.989999999999995,54,4206.0,4206.0
32460.0,-2.760000000000005,58,4489.0,4489.0
32465.0,-2.760000000000005,49,3853.0,3853.0
32470.0,5.210000000000001,45,3331.0,3331.0
32475.0,5.219999999999999,38,3525.0,3525.0
32480.0,-2.6099999999999994,40,3707.0,3707.0
32485.0,-1.9600000000000009,45,3669.0,3669.0
32490.0,1.7600000000000051,41,3653.0,3653.0
32495.0,2.0,40,3364.0,3364.0
32500.0,2.0,31,2849.0,2849.0
32505.0,5.339999999999996,31,2510.0,2510.0
32510.0,3.370000000000001,26,2545.0,2545.0
32515.0,-0.7199999999999989,30,2672.0,2672.0
32520.0,-1.6400000000000006,42,2860.0,2860.0
32525.0,-1.6400000000000006,47,3044.0,3044.0
32530.0,-2.6700000000000017,55,3305.0,3305.0
32535.0,-2.609999999999996,52,3349.0,3349.0
32540.0,0.6400000000000006,47,3192.0,3192.0
32545.0,1.4999999999999964,40,3208.0,3208.0
32550.0,-2.5699999999999967,37,3385.0,3385.0
32555.0,-1.9200000000000017,44,3584.0,3584.0
32560.0,-1.9200000000000017,42,3213.0,3213.0
32565.0,2.8500000000000014,39,2897.0,2897.0
32570.0,3.179999999999996,39,2970.0,2970.0
32575.0,-1.4599999999999973,37,3156.0,3156.0
32580.0,-2.020000000000003,49,3381.0,3381.0
32585.0,-2.020000000000003,46,3141.0,3141.0
32590.0,1.4400000000000013,45,2848.0,2848.0
32595.0,2.9299999999999997,36,2791.0,2791.0
32600.0,2.289999999999999,25,2394.0,2394.0
32605.0,3.5199999999999996,23,2280.0,2280.0
32610.0,-0.4299999999999997,25,2335.0,2335.0
32615.0,-1.4499999999999993,37,2492.0,2492.0
32620.0,-1.4499999999999993,47,2711.0,2711.0
32625.0,-3.0500000000000007,54,2967.0,2967.0
32630.0,-2.6199999999999974,55,2998.0,2998.0
32635.0,0.9599999999999973,45,2810.0,2810.0
32640.0,1.7800000000000011,38,2739.0,2739.0
32645.0,1.7800000000000011,35,2922.0,2922.0
32650.0,-1.7399999999999984,41,3117.0,3117.0
32655.0,-1.9500000000000028,47,3333.0,3333.0
32660.0,-3.019999999999996,53,3575.0,3575.0
32665.0,-2.6700000000000017,60,3650.0,3650.0
32670.0,0.240000000000002,50,3712.0,3712.0
32675.0,1.1099999999999994,46,3441.0,3441.0
32680.0,2.0899999999999963,37,3379.0,3379.0
32685.0,2.0899999999999963,41,3566.0,3566.0
32690.0,-2.6899999999999977,49,3799.0,3799.0
32695.0,-2.3800000000000026,50,3920.0,3920.0
32700.0,-1.0599999999999952,48,3946.0,3946.0
32705.0,0.1599999999999966,44,3999.0,3999.0
32710.0,0.1599999999999966,40,4109.0,4109.0
32715.0,-1.7000000000000028,47,4333.0,4333.0
32720.0,-2.239999999999995,48,4201.0,4201.0
32725.0,4.039999999999999,43,3711.0,3711.0
32730.0,4.640000000000001,34,3469.0,3469.0
32735.0,-0.21000000000000085,22,3508.0,3508.0
32740.0,0.4299999999999997,17,3460.0,3460.0
32745.0,0.4299999999999997,25,3517.0,3517.0
32750.0,-1.0300000000000011,37,3680.0,3680.0
32755.0,-1.740000000000002,47,3903.0,3903.0
32760.0,-2.3200000000000003,48,3764.0,3764.0
32765.0,4.170000000000002,40,3281.0,3281.0
32770.0,4.510000000000002,34,3006.0,3006.0
32775.0,4.510000000000002,20,2911.0,2911.0
32780.0,1.7300000000000004,13,2806.0,2806.0
32785.0,1.0500000000000007,21,2849.0,2849.0
32790.0,-0.9100000000000001,34,2988.0,2988.0
32795.0,-1.6799999999999997,46,3198.0,3198.0
32800.0,-2.289999999999999,48,3281.0,3281.0
32805.0,-1.5100000000000051,46,3491.0,3491.0
32810.0,-2.4299999999999997,50,3738.0,3738.0
32815.0,-2.4299999999999997,42,3422.0,3422.0
32820.0,4.100000000000001,35,2763.0,2763.0
32825.0,4.82,23,2605.0,2605.0
32830.0,2.6400000000000006,17,2448.0,2448.0
32835.0,1.4499999999999993,17,2382.0,2382.0
32840.0,1.4499999999999993,21,2438.0,2438.0
32845.0,-0.509999999999998,36,2591.0,2591.0
32850.0,-1.5300000000000011,45,2801.0,2801.0
32855.0,-3.0,47,3029.0,3029.0
32860.0,-2.3200000000000003,49,3268.0,3268.0
32865.0,-2.4499999999999993,50,3380.0,3380.0
32870.0,-0.8200000000000003,45,3495.0,3495.0
32875.0,-0.020000000000003126,37,3458.0,3458.0
32880.0,-0.020000000000003126,33,2847.0,2847.0
32885.0,5.740000000000002,27,2306.0,2306.0
32890.0,5.43,26,2247.0,2247.0
32895.0,0.6300000000000026,21,2316.0,2316.0
32900.0,-1.1500000000000021,28,2440.0,2440.0
32905.0,-1.1500000000000021,26,2357.0,2357.0
32910.0,0.3000000000000007,26,2335.0,2335.0
32915.0,0.21999999999999886,27,2116.0,2116.0
32920.0,4.630000000000003,22,1671.0,1671.0
32925.0,3.759999999999998,18,1552.0,1552.0
32930.0,-1.3200000000000003,17,1645.0,1645.0
32935.0,-1.0499999999999972,27,1760.0,1760.0
32940.0,-1.0499999999999972,27,1457.0,1457.0
32945.0,2.4899999999999984,26,1228.0,1228.0
32950.0,2.9800000000000004,19,1260.0,1260.0
32955.0,-1.4299999999999997,27,1381.0,1381.0
32960.0,-1.3900000000000006,33,1534.0,1534.0
32965.0,-1.3900000000000006,39,1661.0,1661.0
32970.0,-1.9299999999999997,42,1867.0,1867.0
32975.0,-2.0600000000000023,44,2087.0,2087.0
32980.0,-3.0799999999999983,47,2314.0,2314.0
32985.0,-2.34,48,2553.0,2553.0
32990.0,-3.3900000000000006,52,2800.0,2800.0
32995.0,-2.599999999999998,52,3060.0,3060.0
33000.0,-2.599999999999998,47,2882.0,2882.0
33005.0,0.7999999999999972,38,2730.0,2730.0
33010.0,1.6000000000000014,39,2604.0,2604.0
33015.0,2.620000000000001,35,2638.0,2638.0
33020.0,-2.41,40,2826.0,2826.0
33025.0,-2.1000000000000014,49,3054.0,3054.0
33030.0,-2.1000000000000014,49,3228.0,3228.0
33035.0,-2.710000000000001,53,3484.0,3484.0
33040.0,-2.5600000000000023,54,3754.0,3754.0
33045.0,-2.6999999999999957,57,4032.0,4032.0
33050.0,-2.780000000000001,58,4321.0,4321.0
33055.0,-4.07,60,4619.0,4619.0
33060.0,-3.009999999999998,61,4923.0,4923.0
33065.0,-3.0600000000000023,61,4851.0,4851.0
33070.0,3.1600000000000037,52,4634.0,4634.0
33075.0,5.299999999999997,44,4082.0,4082.0
33080.0,5.299999999999997,34,3799.0,3799.0
33085.0,3.6599999999999966,26,3549.0,3549.0
33090.0,2.6000000000000014,24,3343.0,3343.0
33095.0,3.450000000000003,26,3238.0,3238.0
33100.0,-1.009999999999998,37,3403.0,3403.0
33105.0,-2.0,47,3623.0,3623.0
33110.0,-2.0,50,3757.0,3757.0
33115.0,-2.270000000000003,52,4012.0,4012.0
33120.0,-2.549999999999997,49,3925.0,3925.0
33125.0,3.239999999999995,41,3497.0,3497.0
33130.0,5.610000000000003,36,3238.0,3238.0
33135.0,-2.4700000000000024,31,3405.0,3405.0
33140.0,-1.6400000000000006,36,3574.0,3574.0
33145.0,-1.6400000000000006,35,3348.0,3348.0
33150.0,1.5399999999999991,37,3178.0,3178.0
33155.0,1.6900000000000048,35,3265.0,3265.0
33160.0,-1.5,40,3442.0,3442.0
33165.0,-2.039999999999999,46,3659.0,3659.0
33170.0,-2.039999999999999,50,3871.0,3871.0
33175.0,-3.020000000000003,55,4137.0,4137.0
33180.0,-2.6599999999999966,53,4230.0,4230.0
33185.0,-0.3100000000000023,43,4161.0,4161.0
33190.0,0.5499999999999972,42,4179.0,4179.0
33195.0,-2.4099999999999966,46,4400.0,4400.0
33200.0,-2.4200000000000017,53,4649.0,4649.0
33205.0,-2.4200000000000017,51,4071.0,4071.0
33210.0,4.75,46,3550.0,3550.0
33215.0,5.259999999999998,33,3516.0,3516.0
33220.0,0.28000000000000114,32,3632.0,3632.0
33225.0,-1.6099999999999994,37,3800.0,3800.0
33230.0,-1.6099999999999994,36,3290.0,3290.0
33235.0,4.380000000000003,32,2860.0,2860.0
33240.0,4.299999999999997,32,2752.0,2752.0
33245.0,0.4700000000000024,34,2912.0,2912.0
33250.0,-1.7200000000000024,42,3107.0,3107.0
33255.0,-2.0700000000000003,47,3330.0,3330.0
33260.0,-3.469999999999999,54,3593.0,3593.0
33265.0,-2.710000000000001,57,3867.0,3867.0
33270.0,-2.710000000000001,50,3733.0,3733.0
33275.0,1.3900000000000006,45,3421.0,3421.0
33280.0,2.0600000000000023,32,3222.0,3222.0
33285.0,4.279999999999998,28,2843.0,2843.0
33290.0,4.52,27,2640.0,2640.0
33295.0,4.52,33,2786.0,2786.0
33300.0,-2.009999999999998,35,2952.0,2952.0
33305.0,-1.6600000000000001,37,2917.0,2917.0
33310.0,1.8099999999999987,35,2667.0,2667.0
33315.0,2.25,31,2512.0,2512.0
33320.0,-0.41000000000000014,29,2616.0,2616.0
33325.0,-1.5999999999999979,38,2785.0,2785.0
33330.0,-1.5999999999999979,47,2997.0,2997.0
33335.0,-2.9800000000000004,56,3256.0,3256.0
33340.0,-2.6800000000000033,54,3313.0,3313.0
33345.0,0.5700000000000003,45,3157.0,3157.0
33350.0,2.230000000000004,41,3045.0,3045.0
33355.0,2.230000000000004,34,3133.0,3133.0
33360.0,-1.0,42,3321.0,3321.0
33365.0,-1.8800000000000026,42,3194.0,3194.0
33370.0,3.7300000000000004,43,2771.0,2771.0
33375.0,5.039999999999999,36,2410.0,2410.0
33380.0,-0.8099999999999987,30,2555.0,2555.0
33385.0,-1.6400000000000006,39,2728.0,2728.0
33390.0,-1.6400000000000006,37,2542.0,2542.0
33395.0,1.120000000000001,35,2417.0,2417.0
33400.0,1.2699999999999996,32,2359.0,2359.0
33405.0,1.5500000000000007,34,2266.0,2266.0
33410.0,-0.05000000000000071,32,2110.0,2110.0
33415.0,3.5599999999999987,27,1755.0,1755.0
33420.0,3.3500000000000014,27,1558.0,1558.0
33425.0,3.3500000000000014,12,1510.0,1510.0
33430.0,0.9900000000000002,15,1509.0,1509.0
33435.0,0.009999999999999787,19,1522.0,1522.0
33440.0,0.009999999999999787,29,1589.0,1589.0
33445.0,-1.459999999999999,34,1604.0,1604.0
33450.0,-0.7300000000000004,34,1761.0,1761.0
33455.0,-1.6999999999999993,35,1932.0,1932.0
33460.0,-1.8300000000000018,38,2118.0,2118.0
33465.0,-1.8300000000000018,31,1738.0,1738.0
33470.0,3.129999999999999,24,1403.0,1403.0
33475.0,3.4200000000000017,16,1408.0,1408.0
33480.0,-0.3699999999999992,19,1501.0,1501.0
33485.0,-1.040000000000001,25,1615.0,1615.0
33490.0,-1.040000000000001,35,1769.0,1769.0
33495.0,-2.030000000000001,41,1964.0,1964.0
33500.0,-1.9499999999999993,37,2035.0,2035.0
33505.0,-0.18999999999999773,30,1866.0,1866.0
33510.0,1.3699999999999974,27,1674.0,1674.0
33515.0,2.960000000000001,29,1579.0,1579.0
33520.0,2.619999999999999,25,1233.0,1233.0
33525.0,2.619999999999999,16,1289.0,1289.0
33530.0,-0.1899999999999995,24,1394.0,1394.0
33535.0,-1.1099999999999994,25,1422.0,1422.0
33540.0,0.10999999999999943,24,1388.0,1388.0
33545.0,-0.049999999999998934,27,1427.0,1427.0
33550.0,-0.049999999999998934,31,1569.0,1569.0
33555.0,-1.5700000000000003,36,1743.0,1743.0
33560.0,-1.7400000000000002,30,1864.0,1864.0
33565.0,-1.5,31,1966.0,1966.0
33570.0,-1.2699999999999996,31,2113.0,2113.0
33575.0,-2.2600000000000016,35,2281.0,2281.0
33580.0,-1.7899999999999991,36,2461.0,2461.0
33585.0,-1.8900000000000006,41,2655.0,2655.0
33590.0,-2.0799999999999983,42,2864.0,2864.0
33595.0,-2.150000000000002,44,3081.0,3081.0
33600.0,-2.2399999999999984,46,3307.0,3307.0
33605.0,-2.3400000000000034,48,3543.0,3543.0
33610.0,-2.3999999999999986,48,3783.0,3783.0
33615.0,-2.490000000000002,51,4035.0,4035.0
33620.0,-2.549999999999997,52,4291.0,4291.0
33625.0,-2.6400000000000006,54,4557.0,4557.0
33630.0,-2.6400000000000006,46,4247.0,4247.0
33635.0,3.75,40,3637.0,3637.0
33640.0,4.520000000000003,29,3392.0,3392.0
33645.0,3.1000000000000014,28,3422.0,3422.0
33650.0,-1.3600000000000065,29,3559.0,3559.0
33655.0,-1.3600000000000065,39,3735.0,3735.0
33660.0,-2.3299999999999983,48,3958.0,3958.0
33665.0,-2.229999999999997,48,4022.0,4022.0
33670.0,0.17999999999999972,39,3906.0,3906.0
33675.0,0.9200000000000017,35,3738.0,3738.0
33680.0,1.259999999999998,33,3776.0,3776.0
33685.0,-2.030000000000001,39,3964.0,3964.0
33690.0,-2.0900000000000034,46,4180.0,4180.0
33695.0,-2.0900000000000034,50,4421.0,4421.0
33700.0,-3.3699999999999974,50,4671.0,4671.0
33705.0,-2.5,49,4496.0,4496.0
33710.0,4.950000000000003,39,3909.0,3909.0
33715.0,5.769999999999996,33,3364.0,3364.0
33720.0,5.769999999999996,17,3222.0,3222.0
33725.0,4.270000000000003,8,3102.0,3102.0
33730.0,1.1999999999999993,20,3006.0,3006.0
33735.0,0.9600000000000009,24,3094.0,3094.0
33740.0,-1.4200000000000017,35,3248.0,3248.0
33745.0,-1.7499999999999964,39,3405.0,3405.0
33750.0,-2.020000000000003,38,3563.0,3563.0
33755.0,-1.9099999999999966,40,3756.0,3756.0
33760.0,-2.0600000000000023,42,3964.0,3964.0
33765.0,-2.1000000000000014,43,4175.0,4175.0
33770.0,-2.1000000000000014,38,3534.0,3534.0
33775.0,5.619999999999997,30,2919.0,2919.0
33780.0,6.200000000000003,24,2212.0,2212.0
33785.0,8.850000000000001,17,2005.0,2005.0
33790.0,0.07000000000000028,22,2100.0,2100.0
33795.0,-1.1300000000000026,29,2227.0,2227.0
33800.0,-1.1300000000000026,38,2399.0,2399.0
33805.0,-2.2799999999999976,45,2609.0,2609.0
33810.0,-2.1000000000000014,45,2816.0,2816.0
33815.0,-2.969999999999999,47,3045.0,3045.0
33820.0,-2.370000000000001,49,3290.0,3290.0
33825.0,-3.4299999999999997,51,3537.0,3537.0
33830.0,-2.5900000000000034,53,3798.0,3798.0
33835.0,-2.5900000000000034,49,3329.0,3329.0
33840.0,3.690000000000005,43,3002.0,3002.0
33845.0,3.3199999999999967,35,3178.0,3178.0
33850.0,-2.2300000000000004,36,3338.0,3338.0
33855.0,-1.8999999999999986,43,3543.0,3543.0
33860.0,-1.8999999999999986,43,3246.0,3246.0
33865.0,2.1099999999999994,40,2999.0,2999.0
33870.0,2.4700000000000024,35,3177.0,3177.0
33875.0,-2.5000000000000036,37,3360.0,3360.0
33880.0,-1.9399999999999977,44,3559.0,3559.0
33885.0,-3.039999999999999,50,3797.0,3797.0
33890.0,-2.719999999999999,58,4077.0,4077.0
33895.0,-2.719999999999999,60,4373.0,4373.0
33900.0,-4.140000000000001,63,4681.0,4681.0
33905.0,-3.1099999999999994,61,4627.0,4627.0
33910.0,2.8499999999999943,57,4277.0,4277.0
33915.0,4.0,50,3930.0,3930.0
33920.0,3.020000000000003,44,3751.0,3751.0
33925.0,3.020000000000003,39,3889.0,3889.0
33930.0,-1.3200000000000003,46,4102.0,4102.0
33935.0,-2.1300000000000026,53,4349.0,4349.0
33940.0,-2.469999999999999,59,4634.0,4634.0
33945.0,-4.079999999999998,65,4948.0,4948.0
33950.0,-3.229999999999997,66,5269.0,5269.0
33955.0,-4.350000000000001,64,5579.0,5579.0
33960.0,-3.200000000000003,66,5901.0,5901.0
33965.0,-3.200000000000003,58,5713.0,5713.0
33970.0,0.6600000000000037,50,5556.0,5556.0
33975.0,2.6699999999999946,39,5257.0,5257.0
33980.0,5.410000000000004,34,4648.0,4648.0
33985.0,5.729999999999997,33,4295.0,4295.0
33990.0,5.729999999999997,31,4414.0,4414.0
33995.0,-0.259999999999998,34,4575.0,4575.0
34000.0,-1.6099999999999994,36,4403.0,4403.0
34005.0,4.399999999999999,32,3917.0,3917.0
34010.0,4.5,34,3630.0,3630.0
34015.0,-0.7199999999999989,33,3790.0,3790.0
34020.0,-1.8500000000000014,42,3984.0,3984.0
34025.0,-1.8500000000000014,41,3634.0,3634.0
34030.0,2.690000000000005,38,3335.0,3335.0
34035.0,3.0,33,3003.0,3003.0
34040.0,4.409999999999997,30,2754.0,2754.0
34045.0,3.8099999999999987,28,2339.0,2339.0
34050.0,3.7900000000000027,27,2226.0,2226.0
34055.0,3.7900000000000027,29,2362.0,2362.0
34060.0,-1.9000000000000021,29,2499.0,2499.0
34065.0,-1.3699999999999974,37,2670.0,2670.0
34070.0,-1.7100000000000009,39,2642.0,2642.0
34075.0,1.5799999999999983,35,2431.0,2431.0
34080.0,0.8100000000000023,33,2417.0,2417.0
34085.0,-0.05000000000000071,31,2396.0,2396.0
34090.0,-1.0300000000000011,41,2580.0,2580.0
34095.0,-2.1899999999999977,47,2805.0,2805.0
34100.0,-2.1899999999999977,39,2704.0,2704.0
34105.0,3.09,32,2047.0,2047.0
34110.0,3.6999999999999993,22,2140.0,2140.0
34115.0,-0.8200000000000003,24,2207.0,2207.0
34120.0,-1.1600000000000001,28,2331.0,2331.0
34125.0,-1.4499999999999993,36,2491.0,2491.0
34130.0,-1.8800000000000026,44,2698.0,2698.0
34135.0,-1.8800000000000026,38,2358.0,2358.0
34140.0,2.520000000000003,32,2059.0,2059.0
34145.0,2.9899999999999984,20,1922.0,1922.0
34150.0,2.41,11,1735.0,1735.0
34155.0,1.6699999999999982,15,1691.0,1691.0
34160.0,-1.2699999999999996,29,1807.0,1807.0
34165.0,-1.7199999999999989,42,1992.0,1992.0
34170.0,-2.2399999999999984,46,2220.0,2220.0
34175.0,-2.3200000000000003,49,2455.0,2455.0
34180.0,-2.3200000000000003,48,2660.0,2660.0
34185.0,-3.0199999999999996,48,2900.0,2900.0
34190.0,-2.41,48,2857.0,2857.0
34195.0,2.2699999999999996,42,2557.0,2557.0
34200.0,2.6999999999999993,38,2320.0,2320.0
34205.0,2.9499999999999993,30,2126.0,2126.0
34210.0,2.9499999999999993,27,2215.0,2215.0
34215.0,-0.5799999999999983,35,2373.0,2373.0
34220.0,-1.5800000000000018,35,2323.0,2323.0
34225.0,1.8900000000000006,33,2097.0,2097.0
34230.0,1.8900000000000006,28,1933.0,1933.0
34235.0,-0.5500000000000007,34,2084.0,2084.0
34240.0,-1.8500000000000014,41,2276.0,2276.0
34245.0,-1.8500000000000014,43,2444.0,2444.0
34250.0,-2.549999999999997,50,2685.0,2685.0
34255.0,-2.450000000000003,46,2750.0,2750.0
34260.0,0.16000000000000014,40,2643.0,2643.0
34265.0,1.6600000000000001,32,2505.0,2505.0
34270.0,0.9500000000000028,35,2494.0,2494.0
34275.0,0.9500000000000028,29,2112.0,2112.0
34280.0,3.4599999999999973,26,1770.0,1770.0
34285.0,3.4200000000000017,22,1767.0,1767.0
34290.0,-0.08000000000000185,23,1845.0,1845.0
34295.0,-1.1600000000000001,29,1976.0,1976.0
34300.0,-1.4299999999999997,37,2140.0,2140.0
34305.0,-1.8099999999999987,44,2347.0,2347.0
34310.0,-2.1999999999999993,50,2587.0,2587.0
34315.0,-2.490000000000002,50,2837.0,2837.0
34320.0,-2.5,52,3059.0,3059.0
34325.0,-3.3000000000000007,52,3319.0,3319.0
34330.0,-2.6400000000000006,55,3586.0,3586.0
34335.0,-2.6400000000000006,56,3866.0,3866.0
34340.0,-3.9099999999999966,59,4151.0,4151.0
34345.0,-2.8800000000000026,60,4448.0,4448.0
34350.0,-4.219999999999999,62,4756.0,4756.0
34355.0,-3.1000000000000014,63,5068.0,5068.0
34360.0,-3.1000000000000014,55,4673.0,4673.0
34365.0,2.690000000000005,47,4315.0,4315.0
34370.0,3.5799999999999983,42,4250.0,4250.0
34375.0,-0.1700000000000017,38,4448.0,4448.0
34380.0,-1.9799999999999969,47,4395.0,4395.0
34385.0,2.049999999999997,43,4368.0,4368.0
34390.0,2.530000000000001,44,3900.0,3900.0
34395.0,2.530000000000001,34,3491.0,3491.0
34400.0,5.5,24,3110.0,3110.0
34405.0,5.259999999999998,22,3036.0,3036.0
34410.0,-0.5299999999999976,28,3100.0,3100.0
34415.0,-1.4600000000000009,39,3269.0,3269.0
34420.0,-1.4600000000000009,39,2974.0,2974.0
34425.0,2.210000000000001,36,2730.0,2730.0
34430.0,2.4399999999999977,32,2798.0,2798.0
34435.0,-1.3299999999999983,36,2965.0,2965.0
34440.0,-1.75,44,3165.0,3165.0
34445.0,-2.169999999999998,47,3189.0,3189.0
34450.0,0.6199999999999974,47,3071.0,3071.0
34455.0,2.2699999999999996,43,3009.0,3009.0
34460.0,0.08000000000000185,36,2957.0,2957.0
34465.0,-0.3000000000000007,38,3002.0,3002.0
34470.0,-0.3000000000000007,32,2653.0,2653.0
34475.0,4.489999999999998,32,2072.0,2072.0
34480.0,4.359999999999999,21,1879.0,1879.0
34485.0,2.2600000000000016,21,1918.0,1918.0
34490.0,-1.0399999999999991,26,2031.0,2031.0
34495.0,-1.3000000000000007,33,2174.0,2174.0
34500.0,-1.7100000000000009,40,2360.0,2360.0
34505.0,-1.7100000000000009,37,2368.0,2368.0
34510.0,-0.8599999999999994,32,2360.0,2360.0
34515.0,0.0799999999999983,35,2524.0,2524.0
34520.0,-2.3599999999999994,42,2715.0,2715.0
34525.0,-2.0799999999999983,46,2942.0,2942.0
34530.0,-2.330000000000002,48,3181.0,3181.0
34535.0,-2.400000000000002,50,3426.0,3426.0
34540.0,-2.519999999999996,52,3685.0,3685.0
34545.0,-2.6000000000000014,53,3946.0,3946.0
34550.0,-2.6700000000000017,54,4103.0,4103.0
34555.0,-1.3699999999999974,45,4238.0,4238.0
34560.0,-0.5600000000000023,45,4254.0,4254.0
34565.0,-0.5600000000000023,45,4449.0,4449.0
34570.0,-2.4499999999999957,49,4687.0,4687.0
34575.0,-2.4299999999999997,52,4942.0,4942.0
34580.0,-2.5700000000000003,53,5206.0,5206.0
34585.0,-2.6600000000000037,54,5476.0,5476.0
34590.0,-2.6999999999999957,54,5536.0,5536.0
34595.0,-0.990000000000002,57,5741.0,5741.0
34600.0,-2.8800000000000026,59,6035.0,6035.0
34605.0,-2.8800000000000026,49,5346.0,5346.0
34610.0,5.710000000000001,41,4706.0,4706.0
34615.0,6.399999999999999,29,4722.0,4722.0
34620.0,0.7899999999999991,19,4566.0,4566.0
34625.0,1.3300000000000054,18,4430.0,4430.0
34630.0,0.39000000000000057,27,4480.0,4480.0
34635.0,-1.5500000000000043,38,4648.0,4648.0
34640.0,-2.1700000000000017,48,4875.0,4875.0
34645.0,-2.4499999999999957,50,5122.0,5122.0
34650.0,-2.4499999999999957,44,4697.0,4697.0
34655.0,5.3799999999999955,38,4079.0,4079.0
34660.0,6.140000000000001,30,3303.0,3303.0
34665.0,7.640000000000004,26,3105.0,3105.0
34670.0,-0.23000000000000043,29,3236.0,3236.0
34675.0,-1.5200000000000031,37,3402.0,3402.0
34680.0,-1.5200000000000031,34,3226.0,3226.0
34685.0,1.0500000000000043,31,3087.0,3087.0
34690.0,1.389999999999997,30,3238.0,3238.0
34695.0,-2.169999999999998,38,3414.0,3414.0
34700.0,-1.8999999999999986,42,3236.0,3236.0
34705.0,4.479999999999997,41,3087.0,3087.0
34710.0,4.960000000000001,33,2583.0,2583.0
34715.0,4.960000000000001,29,2727.0,2727.0
34720.0,-2.0700000000000003,35,2884.0,2884.0
34725.0,-1.6499999999999986,38,2881.0,2881.0
34730.0,1.0199999999999996,36,2729.0,2729.0
34735.0,1.2899999999999991,35,2625.0,2625.0
34740.0,1.2899999999999991,36,2787.0,2787.0
34745.0,-0.9600000000000009,41,2981.0,2981.0
34750.0,-1.9399999999999977,41,2807.0,2807.0
34755.0,4.529999999999998,38,2308.0,2308.0
34760.0,4.630000000000003,31,2078.0,2078.0
34765.0,-1.4000000000000021,32,2237.0,2237.0
34770.0,-1.6899999999999977,39,2413.0,2413.0
34775.0,-1.6899999999999977,43,2398.0,2398.0
34780.0,0.0799999999999983,52,2563.0,2563.0
34785.0,-2.5,49,2616.0,2616.0
34790.0,0.46999999999999886,43,2486.0,2486.0
34795.0,1.2300000000000004,35,2453.0,2453.0
34800.0,1.2300000000000004,32,2566.0,2566.0
34805.0,-1.1999999999999993,41,2752.0,2752.0
34810.0,-1.8599999999999994,43,2700.0,2700.0
34815.0,2.1499999999999986,39,2434.0,2434.0
34820.0,3.400000000000002,33,2299.0,2299.0
34825.0,-2.3599999999999994,33,2466.0,2466.0
34830.0,-1.7300000000000004,37,2643.0,2643.0
34835.0,-2.1000000000000014,45,2861.0,2861.0
34840.0,-2.1000000000000014,50,3038.0,3038.0
34845.0,-2.75,58,3317.0,3317.0
34850.0,-2.84,58,3600.0,3600.0
34855.0,-3.9399999999999977,59,3887.0,3887.0
34860.0,-2.950000000000003,62,4188.0,4188.0
34865.0,-2.950000000000003,63,4502.0,4502.0
34870.0,-4.380000000000003,66,4822.0,4822.0
34875.0,-3.1999999999999957,67,5156.0,5156.0
34880.0,-3.3400000000000034,66,5179.0,5179.0
34885.0,1.2800000000000011,60,4957.0,4957.0
34890.0,2.0500000000000043,51,4971.0,4971.0
34895.0,-3.5600000000000023,51,5230.0,5230.0
34900.0,-2.5799999999999983,56,5493.0,5493.0
34905.0,-2.5799999999999983,53,5103.0,5103.0
34910.0,2.809999999999995,52,4749.0,4749.0
34915.0,3.5500000000000043,45,4775.0,4775.0
34920.0,-0.3300000000000054,42,4912.0,4912.0
34925.0,-2.0,45,5124.0,5124.0
34930.0,-2.0,41,4753.0,4753.0
34935.0,2.8100000000000023,41,4447.0,4447.0
34940.0,3.0600000000000023,41,4535.0,4535.0
34945.0,-1.6899999999999977,42,4743.0,4743.0
34950.0,-2.1600000000000037,47,4972.0,4972.0
34955.0,-2.4099999999999966,55,4980.0,4980.0
34960.0,1.0899999999999963,53,5017.0,5017.0
34965.0,1.4200000000000017,47,4869.0,4869.0
34970.0,1.4200000000000017,42,5060.0,5060.0
34975.0,-2.8000000000000043,48,5285.0,5285.0
34980.0,-2.3200000000000003,50,5133.0,5133.0
34985.0,4.470000000000006,46,4610.0,4610.0
34990.0,4.949999999999996,44,4302.0,4302.0
34995.0,4.949999999999996,41,4517.0,4517.0
35000.0,-1.25,41,4717.0,4717.0
35005.0,-2.0,44,4587.0,4587.0
35010.0,3.8200000000000003,39,4131.0,4131.0
35015.0,4.390000000000001,38,3953.0,3953.0
35020.0,-1.5300000000000011,38,4087.0,4087.0
35025.0,-2.0899999999999963,49,4307.0,4307.0
35030.0,-2.0899999999999963,47,4085.0,4085.0
35035.0,2.6999999999999957,43,3762.0,3762.0
35040.0,3.0800000000000054,39,3725.0,3725.0
35045.0,-1.6300000000000026,43,3928.0,3928.0
35050.0,-2.229999999999997,52,4168.0,4168.0
35055.0,-2.6700000000000017,57,4446.0,4446.0
35060.0,-2.8900000000000006,62,4746.0,4746.0
35065.0,-2.8900000000000006,52,4310.0,4310.0
35070.0,3.1199999999999974,44,3638.0,3638.0
35075.0,6.719999999999999,32,3578.0,3578.0
35080.0,2.280000000000001,20,3270.0,3270.0
35085.0,3.700000000000003,17,2969.0,2969.0
35090.0,-0.08000000000000185,26,3074.0,3074.0
35095.0,-1.5299999999999976,37,3238.0,3238.0
35100.0,-1.5299999999999976,41,3151.0,3151.0
35105.0,0.06999999999999673,37,3183.0,3183.0
35110.0,-0.24999999999999645,36,3286.0,3286.0
35115.0,-1.8100000000000023,41,3481.0,3481.0
35120.0,-2.1099999999999994,48,3705.0,3705.0
35125.0,-2.1099999999999994,49,3844.0,3844.0
35130.0,-2.3299999999999983,49,4089.0,4089.0
35135.0,-2.450000000000003,53,4347.0,4347.0
35140.0,-2.5799999999999983,47,4213.0,4213.0
35145.0,4.189999999999998,41,3524.0,3524.0
35150.0,4.880000000000003,30,3085.0,3085.0
35155.0,3.84,18,3074.0,3074.0
35160.0,1.7300000000000004,11,2853.0,2853.0
35165.0,1.1599999999999966,16,2783.0,2783.0
35170.0,1.1599999999999966,30,2901.0,2901.0
35175.0,-1.6599999999999966,42,3084.0,3084.0
35180.0,-1.9300000000000033,41,2937.0,2937.0
35185.0,4.220000000000002,34,2438.0,2438.0
35190.0,4.91,27,2114.0,2114.0
35195.0,4.91,22,2127.0,2127.0
35200.0,0.8599999999999994,25,2243.0,2243.0
35205.0,-1.1600000000000001,28,2071.0,2071.0
35210.0,4.030000000000001,26,1660.0,1660.0
35215.0,3.639999999999999,20,1288.0,1288.0
35220.0,2.59,12,1229.0,1229.0
35225.0,1.5,12,1079.0,1079.0
35230.0,1.5,19,1139.0,1139.0
35235.0,-0.9499999999999993,31,1271.0,1271.0
35240.0,-1.4100000000000001,39,1450.0,1450.0
35245.0,-1.8600000000000012,37,1427.0,1427.0
35250.0,1.5600000000000005,29,1225.0,1225.0
35255.0,1.7699999999999996,22,1201.0,1201.0
35260.0,1.7699999999999996,25,1280.0,1280.0
35265.0,-1.2400000000000002,32,1421.0,1421.0
35270.0,-1.4100000000000001,38,1603.0,1603.0
35275.0,-2.629999999999999,43,1810.0,1810.0
35280.0,-2.120000000000001,43,1856.0,1856.0
35285.0,0.23000000000000043,35,1908.0,1908.0
35290.0,1.0399999999999991,28,1755.0,1755.0
35295.0,1.0399999999999991,30,1876.0,1876.0
35300.0,-1.389999999999997,35,2042.0,2042.0
35305.0,-1.7100000000000009,44,2245.0,2245.0
35310.0,-3.039999999999999,49,2479.0,2479.0
35315.0,-2.4800000000000004,53,2737.0,2737.0
35320.0,-2.4800000000000004,45,2466.0,2466.0
35325.0,1.6499999999999986,37,2220.0,2220.0
35330.0,2.460000000000001,28,2236.0,2236.0
35335.0,-0.379999999999999,27,2343.0,2343.0
35340.0,-1.4200000000000017,31,2284.0,2284.0
35345.0,1.7699999999999996,29,2161.0,2161.0
35350.0,2.7699999999999996,29,1899.0,1899.0
35355.0,2.7699999999999996,27,2018.0,2018.0
35360.0,-0.9899999999999984,31,2162.0,2162.0
35365.0,-1.5,36,2184.0,2184.0
35370.0,0.41999999999999815,33,2106.0,2106.0
35375.0,0.45000000000000284,29,2040.0,2040.0
35380.0,0.7699999999999996,29,2069.0,2069.0
35385.0,0.7699999999999996,25,1695.0,1695.0
35390.0,3.3599999999999994,27,1396.0,1396.0
35395.0,2.9899999999999984,18,1384.0,1384.0
35400.0,-0.05999999999999872,23,1464.0,1464.0
35405.0,-1.1100000000000012,29,1596.0,1596.0
35410.0,-1.459999999999999,33,1703.0,1703.0
35415.0,-2.0100000000000016,41,1901.0,1901.0
35420.0,-2.0599999999999987,44,2110.0,2110.0
35425.0,-2.34,49,2349.0,2349.0
35430.0,-2.34,47,2555.0,2555.0
35435.0,-3.0199999999999996,49,2792.0,2792.0
35440.0,-2.3900000000000006,47,2756.0,2756.0
35445.0,2.1799999999999997,37,2452.0,2452.0
35450.0,3.0100000000000016,33,2289.0,2289.0
35455.0,3.0100000000000016,29,2440.0,2440.0
35460.0,-1.1799999999999997,40,2616.0,2616.0
35465.0,-1.7600000000000016,46,2831.0,2831.0
35470.0,-2.1499999999999986,48,2876.0,2876.0
35475.0,0.4399999999999977,40,2737.0,2737.0
35480.0,1.4600000000000009,36,2751.0,2751.0
35485.0,-2.4499999999999993,36,2922.0,2922.0
35490.0,-1.9299999999999997,43,3122.0,3122.0
35495.0,-2.25,51,3355.0,3355.0
35500.0,-2.6199999999999974,56,3622.0,3622.0
35505.0,-2.8700000000000045,58,3911.0,3911.0
35510.0,-2.8700000000000045,53,3585.0,3585.0
35515.0,2.1600000000000037,45,3313.0,3313.0
35520.0,2.789999999999999,41,3526.0,3526.0
35525.0,-2.8500000000000014,40,3722.0,3722.0
35530.0,-2.0700000000000003,51,3948.0,3948.0
35535.0,-2.0700000000000003,51,4038.0,4038.0
35540.0,-1.8800000000000026,60,4316.0,4316.0
35545.0,-2.779999999999994,64,4626.0,4626.0
35550.0,-4.380000000000003,66,4951.0,4951.0
35555.0,-3.289999999999999,65,4965.0,4965.0
35560.0,1.75,57,4965.0,4965.0
35565.0,2.9399999999999977,52,4413.0,4413.0
35570.0,2.9399999999999977,48,4663.0,4663.0
35575.0,-0.9699999999999989,46,4896.0,4896.0
35580.0,-2.3200000000000003,48,4885.0,4885.0
35585.0,1.5200000000000031,45,4664.0,4664.0
35590.0,1.8699999999999974,44,4693.0,4693.0
35595.0,1.8699999999999974,45,4918.0,4918.0
35600.0,-3.1400000000000006,55,5170.0,5170.0
35605.0,-2.520000000000003,58,5380.0,5380.0
35610.0,-2.479999999999997,62,5585.0,5585.0
35615.0,-2.799999999999997,62,5474.0,5474.0
35620.0,3.8499999999999943,52,5365.0,5365.0
35625.0,4.82,45,4535.0,4535.0
35630.0,4.82,31,4353.0,4353.0
35635.0,5.57,22,3965.0,3965.0
35640.0,2.8500000000000014,21,4070.0,4070.0
35645.0,-1.4299999999999997,29,4187.0,4187.0
35650.0,-1.5499999999999972,42,4368.0,4368.0
35655.0,-1.5499999999999972,41,4174.0,4174.0
35660.0,1.1299999999999955,36,4050.0,4050.0
35665.0,1.240000000000002,32,3899.0,3899.0
35670.0,1.509999999999998,29,3654.0,3654.0
35675.0,5.640000000000001,30,3069.0,3069.0
35680.0,5.460000000000001,28,2630.0,2630.0
35685.0,1.5300000000000011,15,2621.0,2621.0
35690.0,0.33999999999999986,16,2606.0,2606.0
35695.0,0.33999999999999986,24,2663.0,2663.0
35700.0,-0.879999999999999,37,2821.0,2821.0
35705.0,-1.7000000000000028,40,2959.0,2959.0
35710.0,-1.5399999999999991,43,3098.0,3098.0
35715.0,-2.1499999999999986,44,3317.0,3317.0
35720.0,-2.1499999999999986,36,3383.0,3383.0
35725.0,-1.5399999999999991,33,3450.0,3450.0
35730.0,-0.6700000000000017,29,3159.0,3159.0
35735.0,6.16,25,2548.0,2548.0
35740.0,5.84,18,2306.0,2306.0
35745.0,-1.3000000000000007,21,2401.0,2401.0
35750.0,-1.0799999999999983,25,2513.0,2513.0
35755.0,-1.0799999999999983,24,2541.0,2541.0
35760.0,-0.4400000000000013,27,2558.0,2558.0
35765.0,-0.5500000000000007,33,2690.0,2690.0
35770.0,-1.3599999999999994,31,2800.0,2800.0
35775.0,-1.7699999999999996,35,2969.0,2969.0
35780.0,-1.7699999999999996,39,3154.0,3154.0
35785.0,-1.7699999999999996,38,3331.0,3331.0
35790.0,-2.5400000000000027,39,3525.0,3525.0
35795.0,-1.9399999999999977,43,3732.0,3732.0
35800.0,-2.0700000000000003,37,3497.0,3497.0
35805.0,5.82,31,2844.0,2844.0
35810.0,6.300000000000001,23,2593.0,2593.0
35815.0,-1.5700000000000003,24,2701.0,2701.0
35820.0,-1.240000000000002,27,2828.0,2828.0
35825.0,-1.240000000000002,25,2865.0,2865.0
35830.0,-0.13999999999999702,29,2820.0,2820.0
35835.0,-0.370000000000001,34,2956.0,2956.0
35840.0,-1.3900000000000006,32,3080.0,3080.0
35845.0,-1.3900000000000006,34,3198.0,3198.0
35850.0,-1.7399999999999984,36,3376.0,3376.0
35855.0,-1.7399999999999984,30,2707.0,2707.0
35860.0,5.969999999999999,22,2221.0,2221.0
35865.0,4.859999999999999,18,2146.0,2146.0
35870.0,0.4200000000000017,16,2225.0,2225.0
35875.0,-0.7600000000000016,17,2027.0,2027.0
35880.0,4.34,15,1836.0,1836.0
35885.0,4.130000000000001,15,1423.0,1423.0
35890.0,4.130000000000001,18,1506.0,1506.0
35895.0,-1.17,24,1612.0,1612.0
35900.0,-1.1400000000000006,32,1759.0,1759.0
35905.0,-1.5300000000000011,36,1900.0,1900.0
35910.0,-1.9399999999999977,39,2064.0,2064.0
35915.0,-1.9499999999999993,40,2260.0,2260.0
35920.0,-1.9499999999999993,43,2475.0,2475.0
35925.0,-2.9400000000000013,48,2701.0,2701.0
35930.0,-2.2600000000000016,47,2933.0,2933.0
35935.0,-3.1899999999999977,49,3166.0,3166.0
35940.0,-2.4400000000000013,49,3102.0,3102.0
35945.0,2.7300000000000004,41,2891.0,2891.0
35950.0,4.809999999999999,34,2544.0,2544.0
35955.0,4.809999999999999,22,2278.0,2278.0
35960.0,2.110000000000003,22,2042.0,2042.0
35965.0,2.3699999999999974,21,2068.0,2068.0
35970.0,-0.8200000000000003,32,2206.0,2206.0
35975.0,-1.7199999999999989,42,2399.0,2399.0
35980.0,-2.219999999999999,51,2638.0,2638.0
35985.0,-2.219999999999999,47,2790.0,2790.0
35990.0,-2.5199999999999996,51,3043.0,3043.0
35995.0,-2.530000000000001,48,3104.0,3104.0
36000.0,0.129999999999999,42,3015.0,3015.0
36005.0,1.2800000000000011,36,2962.0,2962.0
36010.0,-2.1099999999999994,42,3155.0,3155.0
36015.0,-2.2100000000000044,49,3383.0,3383.0
36020.0,-2.2100000000000044,51,3562.0,3562.0
36025.0,-2.799999999999997,53,3826.0,3826.0
36030.0,-2.6599999999999966,52,3710.0,3710.0
36035.0,3.739999999999995,48,3288.0,3288.0
36040.0,3.770000000000003,42,3076.0,3076.0
36045.0,3.770000000000003,33,3228.0,3228.0
36050.0,-0.990000000000002,35,3396.0,3396.0
36055.0,-1.6799999999999997,36,3294.0,3294.0
36060.0,2.960000000000001,35,2957.0,2957.0
36065.0,3.1499999999999986,35,2890.0,2890.0
36070.0,-2.4499999999999993,35,3065.0,3065.0
36075.0,-1.9199999999999982,44,3266.0,3266.0
36080.0,-1.9199999999999982,43,3150.0,3150.0
36085.0,1.4199999999999982,41,2875.0,2875.0
36090.0,1.6600000000000001,34,2726.0,2726.0
36095.0,2.9800000000000004,31,2738.0,2738.0
36100.0,-2.2300000000000004,37,2911.0,2911.0
36105.0,-1.9100000000000001,44,3116.0,3116.0
36110.0,-2.2799999999999976,53,3363.0,3363.0
36115.0,-2.690000000000005,56,3639.0,3639.0
36120.0,-2.8299999999999983,60,3930.0,3930.0
36125.0,-2.8299999999999983,56,3995.0,3995.0
36130.0,-1.8500000000000014,60,4283.0,4283.0
36135.0,-2.8799999999999955,54,4364.0,4364.0
36140.0,0.10999999999999943,49,4242.0,4242.0
36145.0,0.9600000000000009,42,4044.0,4044.0
36150.0,1.5399999999999991,40,4057.0,4057.0
36155.0,-0.4100000000000037,41,4069.0,4069.0
36160.0,-0.46000000000000085,39,3821.0,3821.0
36165.0,5.210000000000001,34,3259.0,3259.0
36170.0,5.430000000000003,28,3073.0,3073.0
36175.0,5.430000000000003,23,3062.0,3062.0
36180.0,-0.40000000000000213,22,3172.0,3172.0
36185.0,-1.0899999999999999,25,3222.0,3222.0
36190.0,-0.4499999999999993,24,3247.0,3247.0
36195.0,-0.5700000000000003,32,3345.0,3345.0
36200.0,-0.5700000000000003,38,3527.0,3527.0
36205.0,-2.3100000000000023,40,3725.0,3725.0
36210.0,-1.9799999999999969,36,3521.0,3521.0
36215.0,5.219999999999999,31,2939.0,2939.0
36220.0,5.440000000000001,22,2495.0,2495.0
36225.0,0.8200000000000003,21,2598.0,2598.0
36230.0,-1.0399999999999991,23,2704.0,2704.0
36235.0,-1.2800000000000011,29,2838.0,2838.0
36240.0,-1.2800000000000011,36,2955.0,2955.0
36245.0,-1.8399999999999999,44,3158.0,3158.0
36250.0,-2.1000000000000014,43,3022.0,3022.0
36255.0,3.8900000000000006,36,2574.0,2574.0
36260.0,4.300000000000001,29,2314.0,2314.0
36265.0,4.300000000000001,26,2414.0,2414.0
36270.0,-0.3000000000000007,27,2544.0,2544.0
36275.0,-1.3000000000000007,36,2709.0,2709.0
36280.0,-1.6499999999999986,42,2907.0,2907.0
36285.0,-2.879999999999999,49,3141.0,3141.0
36290.0,-2.4200000000000017,49,3192.0,3192.0
36295.0,0.5300000000000011,41,3141.0,3141.0
36300.0,1.4100000000000001,33,2943.0,2943.0
36305.0,1.9800000000000004,31,2835.0,2835.0
36310.0,1.9800000000000004,27,2437.0,2437.0
36315.0,5.32,24,1817.0,1817.0
36320.0,4.75,21,1828.0,1828.0
36325.0,0.3200000000000003,14,1777.0,1777.0
36330.0,0.21999999999999886,21,1818.0,1818.0
36335.0,0.21999999999999886,28,1888.0,1888.0
36340.0,-1.0199999999999996,37,2057.0,2057.0
36345.0,-1.6900000000000013,33,1933.0,1933.0
36350.0,3.3500000000000014,27,1548.0,1548.0
36355.0,3.3199999999999985,21,1452.0,1452.0
36360.0,-1.3699999999999992,20,1547.0,1547.0
36365.0,-1.120000000000001,27,1666.0,1666.0
36370.0,-1.120000000000001,26,1670.0,1670.0
36375.0,-0.259999999999998,28,1649.0,1649.0
36380.0,-0.13000000000000256,29,1722.0,1722.0
36385.0,-0.5599999999999987,32,1857.0,1857.0
36390.0,-2.210000000000001,34,2022.0,2022.0
36395.0,-1.7699999999999996,39,2209.0,2209.0
36400.0,-1.9400000000000013,40,2406.0,2406.0
36405.0,-1.9400000000000013,37,2409.0,2409.0
36410.0,-0.8299999999999983,40,2605.0,2605.0
36415.0,-1.9600000000000009,35,2742.0,2742.0
36420.0,-1.6400000000000006,34,2842.0,2842.0
36425.0,-1.1600000000000001,34,2987.0,2987.0
36430.0,-2.4899999999999984,41,3175.0,3175.0
36435.0,-2.099999999999998,43,3387.0,3387.0
36440.0,-2.099999999999998,36,2899.0,2899.0
36445.0,4.079999999999998,29,2462.0,2462.0
36450.0,5.809999999999999,22,2452.0,2452.0
36455.0,-1.5999999999999979,22,2558.0,2558.0
36460.0,-1.0600000000000023,23,2666.0,2666.0
36465.0,-1.3499999999999979,36,2827.0,2827.0
36470.0,-1.3499999999999979,32,2415.0,2415.0
36475.0,3.41,31,2077.0,2077.0
36480.0,3.379999999999999,21,1876.0,1876.0
36485.0,2.629999999999999,20,1833.0,1833.0
36490.0,-0.23999999999999844,25,1910.0,1910.0
36495.0,-1.3000000000000007,34,2065.0,2065.0
36500.0,-1.6799999999999997,41,2254.0,2254.0
36505.0,-2.0199999999999996,42,2315.0,2315.0
36510.0,0.14000000000000057,33,2357.0,2357.0
36515.0,0.7199999999999989,28,2194.0,2194.0
36520.0,0.7199999999999989,23,1917.0,1917.0
36525.0,4.52,20,1389.0,1389.0
36530.0,3.92,17,1383.0,1383.0
36535.0,-0.2400000000000002,22,1472.0,1472.0
36540.0,-1.1600000000000001,30,1606.0,1606.0
36545.0,-1.1600000000000001,34,1740.0,1740.0
36550.0,-1.9199999999999982,39,1929.0,1929.0
36555.0,-1.8900000000000006,37,1990.0,1990.0
36560.0,-0.15000000000000213,27,1936.0,1936.0
36565.0,0.6799999999999997,26,1651.0,1651.0
36570.0,3.910000000000002,20,1371.0,1371.0
36575.0,4.33,22,1074.0,1074.0
36580.0,4.33,16,1142.0,1142.0
36585.0,-1.0600000000000005,23,1238.0,1238.0
36590.0,-1.0399999999999991,28,1367.0,1367.0
36595.0,-1.3500000000000014,37,1531.0,1531.0
36600.0,-1.7199999999999989,38,1721.0,1721.0
36605.0,-2.7200000000000006,42,1924.0,1924.0
36610.0,-2.120000000000001,45,2143.0,2143.0
36615.0,-2.120000000000001,40,2086.0,2086.0
36620.0,-0.3299999999999983,31,2055.0,2055.0
36625.0,0.3099999999999987,28,1877.0,1877.0
36630.0,3.460000000000001,24,1573.0,1573.0
36635.0,2.9000000000000004,21,1245.0,1245.0
36640.0,1.5999999999999996,17,1276.0,1276.0
36645.0,-0.9299999999999997,23,1375.0,1375.0
36650.0,-0.9299999999999997,30,1511.0,1511.0
36655.0,-1.8900000000000006,38,1682.0,1682.0
36660.0,-1.8000000000000007,37,1735.0,1735.0
36665.0,0.05000000000000071,30,1675.0,1675.0
36670.0,0.4400000000000013,25,1653.0,1653.0
36675.0,0.509999999999998,27,1675.0,1675.0
36680.0,0.509999999999998,33,1826.0,1826.0
36685.0,-2.0500000000000007,38,2005.0,2005.0
36690.0,-1.7899999999999991,34,1929.0,1929.0
36695.0,2.59,26,1598.0,1598.0
36700.0,3.120000000000001,19,1397.0,1397.0
36705.0,-0.3800000000000008,19,1491.0,1491.0
36710.0,-1.08,26,1606.0,1606.0
36715.0,-1.4699999999999989,33,1760.0,1760.0
36720.0,-1.4699999999999989,40,1864.0,1864.0
36725.0,-1.7800000000000011,41,2069.0,2069.0
36730.0,-2.0599999999999987,39,2144.0,2144.0
36735.0,-0.28000000000000114,32,2101.0,2101.0
36740.0,0.4299999999999997,28,2072.0,2072.0
36745.0,0.4499999999999993,30,2083.0,2083.0
36750.0,-1.1099999999999994,33,2221.0,2221.0
36755.0,-1.1099999999999994,28,1828.0,1828.0
36760.0,3.34,20,1462.0,1462.0
36765.0,3.660000000000002,16,1523.0,1523.0
36770.0,-0.9199999999999999,18,1603.0,1603.0
36775.0,-0.9000000000000021,22,1661.0,1661.0
36780.0,-0.639999999999997,27,1735.0,1735.0
36785.0,-1.5400000000000027,34,1896.0,1896.0
36790.0,-1.5400000000000027,37,2073.0,2073.0
36795.0,-2.5,39,2268.0,2268.0
36800.0,-1.9499999999999993,37,2180.0,2180.0
36805.0,2.8099999999999987,29,1841.0,1841.0
36810.0,3.4800000000000004,22,1618.0,1618.0
36815.0,3.4800000000000004,20,1718.0,1718.0
36820.0,-0.3999999999999986,25,1824.0,1824.0
36825.0,-1.0599999999999987,33,1974.0,1974.0
36830.0,-2.210000000000001,42,2163.0,2163.0
36835.0,-2.039999999999999,44,2373.0,2373.0
36840.0,-3.0400000000000027,48,2601.0,2601.0
36845.0,-2.3999999999999986,48,2841.0,2841.0
36850.0,-2.3999999999999986,43,2548.0,2548.0
36855.0,2.030000000000001,34,2302.0,2302.0
36860.0,2.5599999999999987,26,2048.0,2048.0
36865.0,4.07,18,1794.0,1794.0
36870.0,2.379999999999999,18,1726.0,1726.0
36875.0,2.379999999999999,23,1772.0,1772.0
36880.0,-0.8299999999999983,36,1919.0,1919.0
36885.0,-1.4700000000000024,42,2118.0,2118.0
36890.0,-1.9899999999999984,40,2097.0,2097.0
36895.0,1.509999999999998,36,1894.0,1894.0
36900.0,1.7100000000000009,33,1887.0,1887.0
36905.0,-2.0,30,2026.0,2026.0
36910.0,-1.5999999999999979,37,2193.0,2193.0
36915.0,-1.5999999999999979,36,1973.0,1973.0
36920.0,1.4699999999999989,33,1811.0,1811.0
36925.0,1.6600000000000001,27,1837.0,1837.0
36930.0,-0.7800000000000011,31,1982.0,1982.0
36935.0,-1.6899999999999977,42,2173.0,2173.0
36940.0,-1.6899999999999977,47,2379.0,2379.0
36945.0,-2.8900000000000006,49,2623.0,2623.0
36950.0,-2.4400000000000013,45,2685.0,2685.0
36955.0,0.08999999999999986,37,2541.0,2541.0
36960.0,1.2100000000000009,33,2591.0,2591.0
36965.0,-2.330000000000002,36,2762.0,2762.0
36970.0,-1.9899999999999984,46,2971.0,2971.0
36975.0,-1.9899999999999984,43,2976.0,2976.0
36980.0,-0.9400000000000013,38,3010.0,3010.0
36985.0,-0.2799999999999976,39,3137.0,3137.0
36990.0,-2.0700000000000003,42,3337.0,3337.0
36995.0,-2.200000000000003,49,3571.0,3571.0
37000.0,-2.200000000000003,50,3760.0,3760.0
37005.0,-2.8599999999999994,54,4019.0,4019.0
37010.0,-2.5899999999999963,57,4303.0,4303.0
37015.0,-2.8400000000000034,55,4562.0,4562.0
37020.0,-3.509999999999998,55,4819.0,4819.0
37025.0,-2.75,54,4688.0,4688.0
37030.0,4.310000000000002,45,4543.0,4543.0
37035.0,4.959999999999994,37,3877.0,3877.0
37040.0,4.959999999999994,35,4052.0,4052.0
37045.0,-0.8699999999999974,36,4231.0,4231.0
37050.0,-1.7999999999999972,38,4402.0,4402.0
37055.0,-2.4100000000000037,46,4601.0,4601.0
37060.0,-2.3900000000000006,53,4853.0,4853.0
37065.0,-2.719999999999999,57,5135.0,5135.0
37070.0,-2.9299999999999997,60,5434.0,5434.0
37075.0,-2.9299999999999997,63,5741.0,5741.0
37080.0,-4.269999999999996,67,6067.0,6067.0
37085.0,-3.260000000000005,66,6387.0,6387.0
37090.0,-4.469999999999999,68,6716.0,6716.0
37095.0,-3.3799999999999955,68,6798.0,6798.0
37100.0,0.45999999999999375,59,6735.0,6735.0
37105.0,1.8299999999999983,52,6461.0,6461.0
37110.0,3.6400000000000006,46,6201.0,6201.0
37115.0,2.1200000000000045,44,6031.0,6031.0
37120.0,1.4799999999999969,44,5909.0,5909.0
37125.0,1.4799999999999969,38,5160.0,5160.0
37130.0,7.010000000000005,33,4447.0,4447.0
37135.0,7.18,27,4555.0,4555.0
37140.0,-1.0900000000000034,27,4642.0,4642.0
37145.0,-1.3299999999999983,28,4777.0,4777.0
37150.0,-1.5200000000000031,37,4947.0,4947.0
37155.0,-1.5200000000000031,33,4868.0,4868.0
37160.0,0.060000000000002274,32,4858.0,4858.0
37165.0,0.10000000000000142,34,4876.0,4876.0
37170.0,-0.8900000000000006,39,5061.0,5061.0
37175.0,-1.9500000000000028,43,4768.0,4768.0
37180.0,7.07,35,4470.0,4470.0
37185.0,7.509999999999998,32,3487.0,3487.0
37190.0,7.509999999999998,26,3611.0,3611.0
37195.0,0.5100000000000051,26,3734.0,3734.0
37200.0,-1.2800000000000011,29,3431.0,3431.0
37205.0,6.66,27,2749.0,2749.0
37210.0,8.239999999999998,27,2324.0,2324.0
37215.0,8.239999999999998,25,2453.0,2453.0
37220.0,-1.8200000000000003,32,2593.0,2593.0
37225.0,-1.3999999999999986,33,2586.0,2586.0
37230.0,0.9199999999999982,32,2392.0,2392.0
37235.0,1.6400000000000006,26,2361.0,2361.0
37240.0,-1.3999999999999986,32,2509.0,2509.0
37245.0,-1.7300000000000004,38,2688.0,2688.0
37250.0,-2.0599999999999987,45,2901.0,2901.0
37255.0,-2.0599999999999987,47,2987.0,2987.0
37260.0,-1.7800000000000011,51,3236.0,3236.0
37265.0,-2.5500000000000007,53,3501.0,3501.0
37270.0,-2.6499999999999986,51,3733.0,3733.0
37275.0,-3.1099999999999994,53,3971.0,3971.0
37280.0,-2.6499999999999986,54,4237.0,4237.0
37285.0,-2.6499999999999986,57,4521.0,4521.0
37290.0,-3.9100000000000037,60,4810.0,4810.0
37295.0,-2.8900000000000006,59,4900.0,4900.0
37300.0,-0.030000000000001137,50,4789.0,4789.0
37305.0,1.5900000000000034,41,4696.0,4696.0
37310.0,-1.730000000000004,41,4868.0,4868.0
37315.0,-2.1699999999999946,48,5092.0,5092.0
37320.0,-2.1699999999999946,46,5059.0,5059.0
37325.0,-0.6000000000000014,42,5056.0,5056.0
37330.0,0.04999999999999716,44,5120.0,5120.0
37335.0,-0.17999999999999972,42,4708.0,4708.0
37340.0,8.010000000000005,36,3927.0,3927.0
37345.0,7.299999999999997,32,3227.0,3227.0
37350.0,9.64,23,2670.0,2670.0
37355.0,9.64,11,2634.0,2634.0
37360.0,-0.120000000000001,15,2634.0,2634.0
37365.0,0.0,20,2633.0,2633.0
37370.0,0.28000000000000114,28,2678.0,2678.0
37375.0,-1.3000000000000007,31,2803.0,2803.0
37380.0,-1.629999999999999,30,2929.0,2929.0
37385.0,-1.4400000000000013,30,3073.0,3073.0
37390.0,-1.4400000000000013,25,2540.0,2540.0
37395.0,4.789999999999999,17,2033.0,2033.0
37400.0,5.16,11,1806.0,1806.0
37405.0,2.080000000000002,13,1866.0,1866.0
37410.0,-0.7300000000000004,21,1953.0,1953.0
37415.0,-1.120000000000001,27,2078.0,2078.0
37420.0,-1.4899999999999984,36,2245.0,2245.0
37425.0,-1.4899999999999984,28,2290.0,2290.0
37430.0,-1.1600000000000001,30,2396.0,2396.0
37435.0,-1.0600000000000023,24,2195.0,2195.0
37440.0,4.780000000000001,20,1685.0,1685.0
37445.0,4.73,12,1224.0,1224.0
37450.0,2.0599999999999987,11,1250.0,1250.0
37455.0,-0.6600000000000001,18,1323.0,1323.0
37460.0,-0.6600000000000001,22,1100.0,1100.0
37465.0,2.41,26,1168.0,1168.0
37470.0,-1.3200000000000003,26,1249.0,1249.0
37475.0,-0.8899999999999988,28,1322.0,1322.0
37480.0,-1.2100000000000009,30,1466.0,1466.0
37485.0,-1.2100000000000009,20,1018.0,1018.0
37490.0,3.880000000000001,13,774.0,774.0
37495.0,2.4399999999999995,6,706.0,706.0
37500.0,0.9400000000000004,12,712.0,712.0
37505.0,-0.5899999999999999,19,794.0,794.0
37510.0,-0.9699999999999998,25,910.0,910.0
37515.0,-1.2700000000000014,27,960.0,960.0
37520.0,-1.049999999999999,27,1095.0,1095.0
37525.0,-1.4399999999999995,31,1243.0,1243.0
37530.0,-1.4399999999999995,31,1398.0,1398.0
37535.0,-2.1800000000000015,33,1562.0,1562.0
37540.0,-1.6499999999999986,31,1634.0,1634.0
37545.0,-0.5500000000000007,31,1653.0,1653.0
37550.0,-0.5599999999999987,33,1772.0,1772.0
37555.0,-0.5599999999999987,28,1464.0,1464.0
37560.0,2.419999999999998,22,1104.0,1104.0
37565.0,3.6000000000000014,12,1143.0,1143.0
37570.0,-0.26000000000000156,17,1178.0,1178.0
37575.0,-0.8499999999999996,23,1217.0,1217.0
37580.0,-1.0899999999999999,32,1356.0,1356.0
37585.0,-1.8200000000000003,40,1546.0,1546.0
37590.0,-1.8200000000000003,37,1709.0,1709.0
37595.0,-2.339999999999998,38,1892.0,1892.0
37600.0,-1.9100000000000001,40,2090.0,2090.0
37605.0,-1.990000000000002,42,2298.0,2298.0
37610.0,-2.969999999999999,44,2515.0,2515.0
37615.0,-2.2600000000000016,49,2749.0,2749.0
37620.0,-2.4399999999999977,51,2999.0,2999.0
37625.0,-2.4399999999999977,50,3226.0,3226.0
37630.0,-3.289999999999999,52,3478.0,3478.0
37635.0,-2.520000000000003,48,3431.0,3431.0
37640.0,2.3900000000000006,38,3090.0,3090.0
37645.0,3.240000000000002,34,3020.0,3020.0
37650.0,-2.3000000000000007,33,3178.0,3178.0
37655.0,-1.7099999999999973,37,3353.0,3353.0
37660.0,-1.7099999999999973,38,3096.0,3096.0
37665.0,1.8299999999999983,35,2874.0,2874.0
37670.0,2.25,34,2707.0,2707.0
37675.0,3.139999999999997,30,2483.0,2483.0
37680.0,0.8100000000000023,32,2548.0,2548.0
37685.0,-1.3500000000000014,37,2721.0,2721.0
37690.0,-1.9299999999999997,49,2934.0,2934.0
37695.0,-1.9299999999999997,48,3160.0,3160.0
37700.0,-3.1900000000000013,49,3402.0,3402.0
37705.0,-2.4200000000000017,46,3298.0,3298.0
37710.0,3.4600000000000044,36,2859.0,2859.0
37715.0,5.359999999999999,30,2471.0,2471.0
37720.0,-0.6000000000000014,26,2606.0,2606.0
37725.0,-1.3099999999999987,30,2741.0,2741.0
37730.0,-1.3099999999999987,28,2375.0,2375.0
37735.0,3.09,28,2067.0,2067.0
37740.0,3.0700000000000003,25,2114.0,2114.0
37745.0,-0.9499999999999993,30,2247.0,2247.0
37750.0,-1.5500000000000007,37,2417.0,2417.0
37755.0,-1.9000000000000021,45,2624.0,2624.0
37760.0,-1.9000000000000021,51,2870.0,2870.0
37765.0,-3.349999999999998,53,3131.0,3131.0
37770.0,-2.6099999999999994,49,3147.0,3147.0
37775.0,1.1699999999999982,42,2937.0,2937.0
37780.0,1.879999999999999,34,2597.0,2597.0
37785.0,3.2600000000000016,29,2445.0,2445.0
37790.0,1.6900000000000013,31,2283.0,2283.0
37795.0,0.5499999999999972,31,2081.0,2081.0
37800.0,3.3800000000000026,31,1969.0,1969.0
37805.0,3.289999999999999,27,1425.0,1425.0
37810.0,4.539999999999999,20,1175.0,1175.0
37815.0,4.539999999999999,17,1192.0,1192.0
37820.0,-0.5499999999999989,25,1296.0,1296.0
37825.0,-1.1100000000000012,28,1300.0,1300.0
37830.0,-0.7199999999999989,37,1466.0,1466.0
37835.0,-1.9100000000000001,41,1666.0,1666.0
37840.0,-1.9100000000000001,41,1848.0,1848.0
37845.0,-2.6400000000000006,41,2053.0,2053.0
37850.0,-2.0500000000000007,39,2105.0,2105.0
37855.0,0.15000000000000213,30,2012.0,2012.0
37860.0,0.6899999999999977,27,2000.0,2000.0
37865.0,-1.4899999999999984,32,2150.0,2150.0
37870.0,-1.7300000000000004,38,2329.0,2329.0
37875.0,-1.7300000000000004,36,2002.0,2002.0
37880.0,2.5500000000000007,28,1708.0,1708.0
37885.0,3.0199999999999996,23,1726.0,1726.0
37890.0,-0.5599999999999987,25,1839.0,1839.0
37895.0,-1.3200000000000003,31,1983.0,1983.0
37900.0,-1.3200000000000003,30,1826.0,1826.0
37905.0,0.9599999999999973,33,1702.0,1702.0
37910.0,1.240000000000002,32,1669.0,1669.0
37915.0,0.3299999999999983,28,1573.0,1573.0
37920.0,2.6900000000000013,26,1275.0,1275.0
37925.0,2.5299999999999994,19,1056.0,1056.0
37930.0,1.0200000000000014,11,1030.0,1030.0
37935.0,0.009999999999999787,18,1054.0,1054.0
37940.0,0.009999999999999787,22,1056.0,1056.0
37945.0,-0.02000000000000135,30,1151.0,1151.0
37950.0,-1.3599999999999994,27,1265.0,1265.0
37955.0,-1.4000000000000004,25,1357.0,1357.0
37960.0,-1.1499999999999986,27,1491.0,1491.0
37965.0,-1.1499999999999986,25,1500.0,1500.0
37970.0,-0.6300000000000008,29,1641.0,1641.0
37975.0,-1.4100000000000001,30,1787.0,1787.0
37980.0,-2.09,34,1950.0,1950.0
37985.0,-1.6799999999999997,34,1853.0,1853.0
37990.0,3.0700000000000003,24,1735.0,1735.0
37995.0,3.389999999999999,19,1289.0,1289.0
38000.0,3.389999999999999,12,1341.0,1341.0
38005.0,0.16999999999999993,19,1419.0,1419.0
38010.0,-0.8300000000000001,22,1323.0,1323.0
38015.0,2.290000000000001,24,1089.0,1089.0
38020.0,2.119999999999999,19,969.0,969.0
38025.0,2.119999999999999,24,1073.0,1073.0
38030.0,-0.7599999999999998,28,1203.0,1203.0
38035.0,-1.299999999999999,32,1209.0,1209.0
38040.0,0.7299999999999986,23,1082.0,1082.0
38045.0,1.0300000000000011,20,1022.0,1022.0
38050.0,-0.17999999999999972,24,1068.0,1068.0
38055.0,-1.3600000000000012,33,1214.0,1214.0
38060.0,-1.3600000000000012,35,1365.0,1365.0
38065.0,-2.1899999999999995,37,1548.0,1548.0
38070.0,-1.8499999999999996,39,1741.0,1741.0
38075.0,-2.7799999999999994,41,1945.0,1945.0
38080.0,-2.0700000000000003,43,2156.0,2156.0
38085.0,-2.0700000000000003,48,2384.0,2384.0
38090.0,-3.1400000000000006,50,2627.0,2627.0
38095.0,-2.4299999999999997,49,2859.0,2859.0
38100.0,-3.210000000000001,50,3096.0,3096.0
38105.0,-2.509999999999998,51,3163.0,3163.0
38110.0,0.18999999999999773,41,3221.0,3221.0
38115.0,0.75,36,3076.0,3076.0
38120.0,0.75,37,3250.0,3250.0
38125.0,-1.8599999999999959,45,3464.0,3464.0
38130.0,-2.200000000000003,52,3707.0,3707.0
38135.0,-2.5,54,3949.0,3949.0
38140.0,-3.549999999999997,58,4230.0,4230.0
38145.0,-2.8800000000000026,58,4520.0,4520.0
38150.0,-2.8800000000000026,50,4083.0,4083.0
38155.0,3.210000000000001,43,3671.0,3671.0
38160.0,4.119999999999997,32,3515.0,3515.0
38165.0,2.8699999999999974,20,3269.0,3269.0
38170.0,2.4600000000000044,15,2815.0,2815.0
38175.0,5.390000000000001,17,2616.0,2616.0
38180.0,4.229999999999997,20,2079.0,2079.0
38185.0,4.229999999999997,22,2075.0,2075.0
38190.0,0.7800000000000011,29,2203.0,2203.0
38195.0,-1.3599999999999994,33,2359.0,2359.0
38200.0,-2.3999999999999986,43,2558.0,2558.0
38205.0,-2.1800000000000033,45,2782.0,2782.0
38210.0,-2.3099999999999987,49,3020.0,3020.0
38215.0,-2.3099999999999987,39,2703.0,2703.0
38220.0,2.1999999999999993,33,2336.0,2336.0
38225.0,3.6700000000000017,28,2481.0,2481.0
38230.0,-2.0600000000000023,38,2650.0,2650.0
38235.0,-1.889999999999997,46,2864.0,2864.0
38240.0,-2.2600000000000016,50,3080.0,3080.0
38245.0,-2.979999999999997,52,3307.0,3307.0
38250.0,-2.6400000000000006,54,3573.0,3573.0
38255.0,-2.6400000000000006,47,3369.0,3369.0
38260.0,1.0300000000000011,40,3210.0,3210.0
38265.0,2.5299999999999976,37,3066.0,3066.0
38270.0,1.0,39,3064.0,3064.0
38275.0,-0.40000000000000213,37,2897.0,2897.0
38280.0,4.140000000000001,33,2466.0,2466.0
38285.0,3.9400000000000013,31,2222.0,2222.0
38290.0,3.9400000000000013,24,2261.0,2261.0
38295.0,0.33999999999999986,26,2385.0,2385.0
38300.0,-1.240000000000002,27,2242.0,2242.0
38305.0,3.41,27,1896.0,1896.0
38310.0,4.110000000000003,23,1589.0,1589.0
38315.0,0.7399999999999984,15,1574.0,1574.0
38320.0,1.0,15,1474.0,1474.0
38325.0,1.0,26,1558.0,1558.0
38330.0,-1.25,36,1716.0,1716.0
38335.0,-1.6999999999999993,39,1815.0,1815.0
38340.0,-0.9299999999999997,35,1850.0,1850.0
38345.0,-0.5600000000000023,34,1971.0,1971.0
38350.0,-0.5600000000000023,35,2113.0,2113.0
38355.0,-2.099999999999998,43,2314.0,2314.0
38360.0,-2.0100000000000016,39,2332.0,2332.0
38365.0,-0.5,42,2488.0,2488.0
38370.0,-2.09,43,2702.0,2702.0
38375.0,-3.039999999999999,47,2924.0,2924.0
38380.0,-2.3500000000000014,47,3159.0,3159.0
38385.0,-2.3500000000000014,42,2729.0,2729.0
38390.0,3.4299999999999997,34,2494.0,2494.0
38395.0,3.860000000000003,28,2499.0,2499.0
38400.0,-2.0100000000000016,30,2642.0,2642.0
38405.0,-1.4499999999999993,34,2795.0,2795.0
38410.0,-1.8000000000000007,43,2993.0,2993.0
38415.0,-1.8000000000000007,50,3215.0,3215.0
38420.0,-3.0599999999999987,52,3474.0,3474.0
38425.0,-2.5900000000000034,56,3750.0,3750.0
38430.0,-2.759999999999998,50,3820.0,3820.0
38435.0,0.1700000000000017,44,3701.0,3701.0
38440.0,1.1099999999999994,36,3453.0,3453.0
38445.0,2.219999999999999,40,3359.0,3359.0
38450.0,0.36999999999999744,38,3123.0,3123.0
38455.0,4.340000000000003,32,2961.0,2961.0
38460.0,4.369999999999997,32,2396.0,2396.0
38465.0,4.369999999999997,24,2487.0,2487.0
38470.0,0.19000000000000128,21,2563.0,2563.0
38475.0,-1.129999999999999,24,2403.0,2403.0
38480.0,3.710000000000001,28,2017.0,2017.0
38485.0,4.829999999999998,28,1788.0,1788.0
38490.0,4.829999999999998,24,1881.0,1881.0
38495.0,-1.4899999999999984,32,2015.0,2015.0
38500.0,-1.3399999999999999,31,2027.0,2027.0
38505.0,0.5899999999999999,28,1928.0,1928.0
38510.0,0.6799999999999997,28,1806.0,1806.0
38515.0,0.8999999999999986,27,1611.0,1611.0
38520.0,3.24,27,1501.0,1501.0
38525.0,2.9000000000000004,22,1206.0,1206.0
38530.0,2.9000000000000004,19,1204.0,1204.0
38535.0,-0.39000000000000057,25,1314.0,1314.0
38540.0,-1.1799999999999997,30,1411.0,1411.0
38545.0,-1.209999999999999,36,1533.0,1533.0
38550.0,-1.8499999999999996,40,1726.0,1726.0
38555.0,-1.8499999999999996,41,1927.0,1927.0
38560.0,-2.8000000000000007,46,2150.0,2150.0
38565.0,-2.2300000000000004,46,2380.0,2380.0
38570.0,-2.3000000000000007,47,2584.0,2584.0
38575.0,-2.849999999999998,47,2806.0,2806.0
38580.0,-2.360000000000003,48,2762.0,2762.0
38585.0,2.280000000000001,40,2713.0,2713.0
38590.0,2.719999999999999,37,2339.0,2339.0
38595.0,2.719999999999999,29,2478.0,2478.0
38600.0,-1.0699999999999967,34,2635.0,2635.0
38605.0,-1.620000000000001,36,2599.0,2599.0
38610.0,1.6499999999999986,34,2391.0,2391.0
38615.0,1.8500000000000014,32,2218.0,2218.0
38620.0,1.8500000000000014,30,2366.0,2366.0
38625.0,-0.46000000000000085,37,2535.0,2535.0
38630.0,-1.6900000000000013,39,2566.0,2566.0
38635.0,0.4299999999999997,35,2418.0,2418.0
38640.0,0.6800000000000033,34,2484.0,2484.0
38645.0,-2.0400000000000027,39,2667.0,2667.0
38650.0,-2.039999999999999,47,2879.0,2879.0
38655.0,-2.039999999999999,48,3061.0,3061.0
38660.0,-2.780000000000001,51,3310.0,3310.0
38665.0,-2.530000000000001,53,3576.0,3576.0
38670.0,-3.6599999999999966,55,3837.0,3837.0
38675.0,-2.770000000000003,57,4120.0,4120.0
38680.0,-2.770000000000003,48,3697.0,3697.0
38685.0,3.0900000000000034,41,3312.0,3312.0
38690.0,3.8500000000000014,29,3156.0,3156.0
38695.0,2.639999999999997,20,2974.0,2974.0
38700.0,1.5599999999999987,19,2837.0,2837.0
38705.0,-0.35999999999999943,29,2957.0,2957.0
38710.0,-1.6699999999999982,42,3137.0,3137.0
38715.0,-1.6699999999999982,44,3199.0,3199.0
38720.0,-0.9400000000000013,36,3165.0,3165.0
38725.0,-0.11999999999999744,38,3327.0,3327.0
38730.0,-2.469999999999999,47,3539.0,3539.0
38735.0,-2.4000000000000057,55,3795.0,3795.0
38740.0,-2.4000000000000057,48,3888.0,3888.0
38745.0,-2.0,51,4104.0,4104.0
38750.0,-2.1599999999999966,52,4364.0,4364.0
38755.0,-2.6000000000000014,47,4218.0,4218.0
38760.0,4.289999999999999,39,3686.0,3686.0
38765.0,5.210000000000001,30,3049.0,3049.0
38770.0,3.84,21,3008.0,3008.0
38775.0,1.0300000000000011,18,2864.0,2864.0
38780.0,1.0399999999999991,22,2835.0,2835.0
38785.0,1.0399999999999991,27,2908.0,2908.0
38790.0,-1.1400000000000006,38,3080.0,3080.0
38795.0,-1.8200000000000003,42,3283.0,3283.0
38800.0,-2.0699999999999967,40,3430.0,3430.0
38805.0,-1.5900000000000034,37,3522.0,3522.0
38810.0,-1.2899999999999991,40,3677.0,3677.0
38815.0,-1.2899999999999991,38,3836.0,3836.0
38820.0,-2.219999999999999,43,4045.0,4045.0
38825.0,-2.0900000000000034,41,4142.0,4142.0
38830.0,-1.7899999999999991,45,4358.0,4358.0
38835.0,-2.239999999999995,43,4143.0,4143.0
38840.0,5.579999999999998,39,3929.0,3929.0
38845.0,6.109999999999999,32,3311.0,3311.0
38850.0,6.109999999999999,25,3413.0,3413.0
38855.0,-1.5900000000000034,23,3533.0,3533.0
38860.0,-1.2100000000000009,31,3674.0,3674.0
38865.0,-1.4599999999999937,37,3845.0,3845.0
38870.0,-1.7900000000000063,46,4054.0,4054.0
38875.0,-2.1699999999999946,50,4297.0,4297.0
38880.0,-2.469999999999999,49,4116.0,4116.0
38885.0,5.029999999999994,39,3541.0,3541.0
38890.0,5.5,34,3196.0,3196.0
38895.0,5.5,29,3240.0,3240.0
38900.0,0.5500000000000043,31,3386.0,3386.0
38905.0,-1.4600000000000009,31,3364.0,3364.0
38910.0,1.3200000000000003,32,3192.0,3192.0
38915.0,1.4499999999999993,38,3212.0,3212.0
38920.0,-2.5100000000000016,41,3401.0,3401.0
38925.0,-2.1400000000000006,46,3620.0,3620.0
38930.0,-2.1400000000000006,44,3566.0,3566.0
38935.0,-0.3500000000000014,37,3550.0,3550.0
38940.0,0.740000000000002,34,3257.0,3257.0
38945.0,5.640000000000001,31,2674.0,2674.0
38950.0,6.970000000000002,32,2337.0,2337.0
38955.0,6.970000000000002,26,2461.0,2461.0
38960.0,-1.870000000000001,27,2588.0,2588.0
38965.0,-1.2699999999999996,28,2405.0,2405.0
38970.0,4.029999999999998,26,1999.0,1999.0
38975.0,3.740000000000002,26,1892.0,1892.0
38980.0,-1.8300000000000018,29,2023.0,2023.0
38985.0,-1.5700000000000003,36,2187.0,2187.0
38990.0,-1.9699999999999989,44,2392.0,2392.0
38995.0,-1.9699999999999989,43,2291.0,2291.0
39000.0,0.16000000000000014,37,2230.0,2230.0
39005.0,0.6600000000000001,31,2292.0,2292.0
39010.0,-1.2300000000000004,38,2463.0,2463.0
39015.0,-1.9399999999999977,44,2670.0,2670.0
39020.0,-2.2600000000000016,50,2908.0,2908.0
39025.0,-2.5500000000000007,53,3170.0,3170.0
39030.0,-2.5500000000000007,44,3142.0,3142.0
39035.0,-0.7800000000000011,39,3104.0,3104.0
39040.0,0.38000000000000256,38,3241.0,3241.0
39045.0,-2.1700000000000017,44,3449.0,3449.0
39050.0,-2.219999999999999,49,3413.0,3413.0
39055.0,0.7199999999999989,52,3523.0,3523.0
39060.0,-2.6799999999999997,55,3794.0,3794.0
39065.0,-2.6799999999999997,53,4035.0,4035.0
39070.0,-3.490000000000002,55,4303.0,4303.0
39075.0,-2.710000000000001,52,4161.0,4161.0
39080.0,4.410000000000004,42,3672.0,3672.0
39085.0,4.469999999999999,36,3396.0,3396.0
39090.0,4.469999999999999,25,3246.0,3246.0
39095.0,2.25,15,3115.0,3115.0
39100.0,1.3100000000000023,20,2940.0,2940.0
39105.0,1.75,21,2735.0,2735.0
39110.0,4.669999999999998,24,2114.0,2114.0
39115.0,5.629999999999999,21,1639.0,1639.0
39120.0,4.400000000000002,14,1460.0,1460.0
39125.0,0.10999999999999943,19,1478.0,1478.0
39130.0,-1.1600000000000001,27,1602.0,1602.0
39135.0,-1.1600000000000001,33,1743.0,1743.0
39140.0,-2.0199999999999996,37,1923.0,1923.0
39145.0,-1.8300000000000018,41,2114.0,2114.0
39150.0,-1.9499999999999993,37,2054.0,2054.0
39155.0,2.4800000000000004,29,1742.0,1742.0
39160.0,2.8900000000000006,23,1664.0,1664.0
39165.0,2.8900000000000006,27,1786.0,1786.0
39170.0,-1.6799999999999997,33,1939.0,1939.0
39175.0,-1.5300000000000011,36,1918.0,1918.0
39180.0,1.3300000000000018,28,1734.0,1734.0
39185.0,1.639999999999997,24,1647.0,1647.0
39190.0,-1.0299999999999976,27,1772.0,1772.0
39195.0,-1.5100000000000016,35,1931.0,1931.0
39200.0,-1.5100000000000016,42,2130.0,2130.0
39205.0,-2.759999999999998,46,2347.0,2347.0
39210.0,-2.210000000000001,43,2403.0,2403.0
39215.0,0.3299999999999983,36,2288.0,2288.0
39220.0,1.0,28,2259.0,2259.0
39225.0,1.0,32,2406.0,2406.0
39230.0,-1.4599999999999973,39,2587.0,2587.0
39235.0,-1.8100000000000023,40,2465.0,2465.0
39240.0,3.3900000000000006,39,2091.0,2091.0
39245.0,3.09,28,1825.0,1825.0
39250.0,0.33000000000000185,25,1931.0,1931.0
39255.0,-1.370000000000001,31,2074.0,2074.0
39260.0,-1.370000000000001,31,1995.0,1995.0
39265.0,0.8999999999999986,31,1840.0,1840.0
39270.0,0.8200000000000003,29,1984.0,1984.0
39275.0,-2.0599999999999987,35,2147.0,2147.0
39280.0,-1.870000000000001,44,2351.0,2351.0
39285.0,-2.25,48,2585.0,2585.0
39290.0,-2.4499999999999993,52,2838.0,2838.0
39295.0,-2.6000000000000014,52,3098.0,3098.0
39300.0,-2.639999999999997,56,3369.0,3369.0
39305.0,-2.789999999999999,56,3649.0,3649.0
39310.0,-2.8500000000000014,60,3941.0,3941.0
39315.0,-2.8500000000000014,57,4035.0,4035.0
39320.0,-2.1300000000000026,60,4330.0,4330.0
39325.0,-2.9499999999999957,55,4291.0,4291.0
39330.0,2.509999999999998,48,3925.0,3925.0
39335.0,3.460000000000001,39,3498.0,3498.0
39340.0,3.0700000000000003,28,3356.0,3356.0
39345.0,2.5299999999999976,27,3020.0,3020.0
39350.0,2.5299999999999976,25,3139.0,3139.0
39355.0,0.10999999999999943,34,3288.0,3288.0
39360.0,-1.639999999999997,43,3181.0,3181.0
39365.0,3.0699999999999967,39,2835.0,2835.0
39370.0,4.23,38,2673.0,2673.0
39375.0,4.23,23,2420.0,2420.0
39380.0,1.7600000000000016,21,2201.0,2201.0
39385.0,2.1899999999999977,22,2153.0,2153.0
39390.0,-0.05999999999999872,35,2306.0,2306.0
39395.0,-1.75,44,2478.0,2478.0
39400.0,-2.5,48,2680.0,2680.0
39405.0,-2.5,51,2933.0,2933.0
39410.0,-2.5,46,2778.0,2778.0
39415.0,1.9100000000000001,41,2387.0,2387.0
39420.0,2.629999999999999,37,2578.0,2578.0
39425.0,-2.469999999999999,37,2748.0,2748.0
39430.0,-1.9100000000000001,45,2955.0,2955.0
39435.0,-1.9100000000000001,41,2717.0,2717.0
39440.0,1.4899999999999984,40,2543.0,2543.0
39445.0,1.740000000000002,35,2570.0,2570.0
39450.0,-0.9299999999999997,37,2742.0,2742.0
39455.0,-1.8300000000000018,42,2785.0,2785.0
39460.0,0.08999999999999986,39,2784.0,2784.0
39465.0,1.1000000000000014,35,2681.0,2681.0
39470.0,0.5599999999999987,34,2647.0,2647.0
39475.0,-0.41999999999999815,34,2698.0,2698.0
39480.0,-0.41999999999999815,30,2235.0,2235.0
39485.0,4.219999999999999,26,1839.0,1839.0
39490.0,3.9800000000000004,23,1841.0,1841.0
39495.0,-0.379999999999999,21,1946.0,1946.0
39500.0,-1.1000000000000014,27,2068.0,2068.0
39505.0,-1.4299999999999997,35,2225.0,2225.0
39510.0,-1.8599999999999994,43,2427.0,2427.0
39515.0,-2.1900000000000013,48,2656.0,2656.0
39520.0,-2.1900000000000013,46,2623.0,2623.0
39525.0,-0.6099999999999994,51,2867.0,2867.0
39530.0,-2.4400000000000013,54,3137.0,3137.0
39535.0,-2.6999999999999993,50,3097.0,3097.0
39540.0,2.2600000000000016,42,2779.0,2779.0
39545.0,2.9899999999999984,32,2553.0,2553.0
39550.0,-0.2099999999999973,29,2662.0,2662.0
39555.0,-1.4800000000000004,33,2814.0,2814.0
39560.0,-1.4800000000000004,36,2660.0,2660.0
39565.0,0.8499999999999979,38,2546.0,2546.0
39570.0,1.1300000000000026,34,2638.0,2638.0
39575.0,-1.6600000000000001,43,2833.0,2833.0
39580.0,-2.1900000000000013,49,3064.0,3064.0
39585.0,-2.5,56,3327.0,3327.0
39590.0,-2.5,54,3496.0,3496.0
39595.0,-2.780000000000001,56,3768.0,3768.0
39600.0,-2.719999999999999,52,3860.0,3860.0
39605.0,-0.240000000000002,43,3777.0,3777.0
39610.0,0.6200000000000045,39,3849.0,3849.0
39615.0,-2.8200000000000003,44,4056.0,4056.0
39620.0,-2.3000000000000043,51,4293.0,4293.0
39625.0,-2.3000000000000043,47,4007.0,4007.0
39630.0,3.789999999999999,43,3381.0,3381.0
39635.0,4.390000000000001,37,3580.0,3580.0
39640.0,-2.6199999999999974,37,3759.0,3759.0
39645.0,-1.7800000000000011,38,3939.0,3939.0
39650.0,-1.7800000000000011,36,3485.0,3485.0
39655.0,3.789999999999999,34,3102.0,3102.0
39660.0,3.830000000000002,33,3158.0,3158.0
39665.0,-1.2099999999999973,36,3326.0,3326.0
39670.0,-1.8100000000000023,42,3302.0,3302.0
39675.0,1.5499999999999972,40,3289.0,3289.0
39680.0,1.6900000000000013,36,3116.0,3116.0
39685.0,1.6900000000000013,31,3171.0,3171.0
39690.0,-1.2200000000000024,37,3340.0,3340.0
39695.0,-1.75,42,3354.0,3354.0
39700.0,0.6799999999999997,39,3232.0,3232.0
39705.0,1.0700000000000003,38,3278.0,3278.0
39710.0,1.0700000000000003,39,3457.0,3457.0
39715.0,-2.549999999999997,45,3664.0,3664.0
39720.0,-2.0700000000000003,51,3909.0,3909.0
39725.0,-2.450000000000003,51,3804.0,3804.0
39730.0,3.5500000000000043,44,3365.0,3365.0
39735.0,4.169999999999998,36,3187.0,3187.0
39740.0,-1.8499999999999979,34,3356.0,3356.0
39745.0,-1.8800000000000026,42,3552.0,3552.0
39750.0,-1.8800000000000026,43,3376.0,3376.0
39755.0,0.9100000000000037,39,3245.0,3245.0
39760.0,1.3599999999999994,36,3336.0,3336.0
39765.0,-1.230000000000004,37,3479.0,3479.0
39770.0,-1.9699999999999989,46,3694.0,3694.0
39775.0,-1.9699999999999989,45,3203.0,3203.0
39780.0,4.0,45,2817.0,2817.0
39785.0,3.8599999999999994,36,2876.0,2876.0
39790.0,-1.139999999999997,37,3042.0,3042.0
39795.0,-1.870000000000001,40,2944.0,2944.0
39800.0,2.759999999999998,38,2880.0,2880.0
39805.0,2.3900000000000006,38,2548.0,2548.0
39810.0,2.3900000000000006,36,2730.0,2730.0
39815.0,-1.629999999999999,42,2923.0,2923.0
39820.0,-1.9899999999999984,50,3152.0,3152.0
39825.0,-2.3800000000000026,56,3420.0,3420.0
39830.0,-2.729999999999997,62,3717.0,3717.0
39835.0,-3.030000000000001,58,3803.0,3803.0
39840.0,0.060000000000002274,51,3709.0,3709.0
39845.0,0.5999999999999943,44,3746.0,3746.0
39850.0,0.5999999999999943,45,3958.0,3958.0
39855.0,-2.4499999999999957,50,4200.0,4200.0
39860.0,-2.4200000000000017,55,4300.0,4300.0
39865.0,-1.8900000000000006,59,4564.0,4564.0
39870.0,-2.950000000000003,58,4509.0,4509.0
39875.0,2.930000000000007,48,4123.0,4123.0
39880.0,6.779999999999994,41,3754.0,3754.0
39885.0,3.5700000000000003,34,3250.0,3250.0
39890.0,3.5700000000000003,32,3420.0,3420.0
39895.0,-0.9799999999999969,39,3600.0,3600.0
39900.0,-1.8699999999999974,41,3780.0,3780.0
39905.0,-2.440000000000005,49,3981.0,3981.0
39910.0,-2.509999999999998,54,4243.0,4243.0
39915.0,-2.75,57,4525.0,4525.0
39920.0,-2.75,52,4202.0,4202.0
39925.0,2.0899999999999963,47,3915.0,3915.0
39930.0,2.8700000000000045,34,3593.0,3593.0
39935.0,5.159999999999997,31,3251.0,3251.0
39940.0,3.1800000000000033,27,3024.0,3024.0
39945.0,-0.019999999999999574,28,3111.0,3111.0
39950.0,-1.5600000000000023,36,3275.0,3275.0
39955.0,-1.9699999999999989,46,3482.0,3482.0
39960.0,-2.3599999999999994,52,3724.0,3724.0
39965.0,-2.710000000000001,58,4001.0,4001.0
39970.0,-2.710000000000001,56,4190.0,4190.0
39975.0,-3.039999999999999,59,4479.0,4479.0
39980.0,-2.9200000000000017,56,4440.0,4440.0
39985.0,2.509999999999998,50,4101.0,4101.0
39990.0,3.200000000000003,44,4056.0,4056.0
39995.0,3.200000000000003,44,4272.0,4272.0
40000.0,-3.039999999999999,48,4503.0,4503.0
40005.0,-2.3100000000000023,53,4732.0,4732.0
40010.0,-3.4099999999999966,61,5022.0,5022.0
40015.0,-3.030000000000001,63,5035.0,5035.0
40020.0,1.5799999999999983,54,4925.0,4925.0
40025.0,1.980000000000004,48,4767.0,4767.0
40030.0,0.9499999999999957,44,4681.0,4681.0
40035.0,0.509999999999998,42,4652.0,4652.0
40040.0,0.509999999999998,44,4866.0,4866.0
40045.0,-2.6599999999999966,50,5104.0,5104.0
40050.0,-2.4299999999999997,53,4940.0,4940.0
40055.0,4.759999999999998,43,4372.0,4372.0
40060.0,5.68,36,3982.0,3982.0
40065.0,5.68,29,4000.0,4000.0
40070.0,1.1000000000000014,31,4139.0,4139.0
40075.0,-1.3900000000000006,33,3920.0,3920.0
40080.0,5.18,30,3361.0,3361.0
40085.0,5.27,27,2991.0,2991.0
40090.0,0.010000000000001563,28,3121.0,3121.0
40095.0,-1.509999999999998,34,3278.0,3278.0
40100.0,-1.8300000000000054,43,3470.0,3470.0
40105.0,-1.8300000000000054,48,3698.0,3698.0
40110.0,-3.1999999999999957,53,3958.0,3958.0
40115.0,-2.6400000000000006,51,3875.0,3875.0
40120.0,3.1799999999999997,43,3484.0,3484.0
40125.0,6.41,34,3122.0,3122.0
40130.0,6.41,34,3287.0,3287.0
40135.0,-2.349999999999998,44,3484.0,3484.0
40140.0,-1.970000000000006,50,3716.0,3716.0
40145.0,-3.269999999999996,55,3974.0,3974.0
40150.0,-2.75,55,3968.0,3968.0
40155.0,1.8100000000000023,47,3952.0,3952.0
40160.0,2.5,40,3574.0,3574.0
40165.0,2.5,33,3147.0,3147.0
40170.0,4.769999999999996,30,2746.0,2746.0
40175.0,4.02,25,2622.0,2622.0
40180.0,0.7900000000000027,28,2754.0,2754.0
40185.0,-1.4000000000000021,30,2896.0,2896.0
40190.0,-1.4000000000000021,28,2520.0,2520.0
40195.0,3.1700000000000017,28,2186.0,2186.0
40200.0,3.34,22,1747.0,1747.0
40205.0,4.390000000000001,24,1861.0,1861.0
40210.0,-1.6799999999999997,32,2007.0,2007.0
40215.0,-1.6500000000000021,39,1968.0,1968.0
40220.0,1.5,33,1963.0,1963.0
40225.0,1.8000000000000007,28,1716.0,1716.0
40230.0,1.8000000000000007,17,1448.0,1448.0
40235.0,2.8499999999999996,15,1230.0,1230.0
40240.0,2.200000000000001,17,1186.0,1186.0
40245.0,-0.07000000000000028,28,1306.0,1306.0
40250.0,-1.4600000000000009,35,1467.0,1467.0
40255.0,-1.83,40,1660.0,1660.0
40260.0,-1.83,31,1464.0,1464.0
40265.0,1.17,24,1287.0,1287.0
40270.0,1.7700000000000014,21,1334.0,1334.0
40275.0,-0.9400000000000013,27,1459.0,1459.0
40280.0,-1.4000000000000004,38,1631.0,1631.0
40285.0,-1.8699999999999974,43,1835.0,1835.0
40290.0,-2.16,45,2059.0,2059.0
40295.0,-2.25,48,2291.0,2291.0
40300.0,-2.3900000000000006,49,2535.0,2535.0
40305.0,-2.4499999999999993,51,2783.0,2783.0
40310.0,-2.520000000000003,53,3042.0,3042.0
40315.0,-2.629999999999999,52,3056.0,3056.0
40320.0,1.25,46,2980.0,2980.0
40325.0,1.3599999999999994,39,2756.0,2756.0
40330.0,1.3599999999999994,33,2907.0,2907.0
40335.0,-0.5299999999999976,40,3090.0,3090.0
40340.0,-1.9100000000000001,41,3031.0,3031.0
40345.0,0.9100000000000001,49,3137.0,3137.0
40350.0,-2.530000000000001,54,3400.0,3400.0
40355.0,-2.740000000000002,61,3687.0,3687.0
40360.0,-2.740000000000002,57,3955.0,3955.0
40365.0,-3.8799999999999955,60,4244.0,4244.0
40370.0,-2.8900000000000006,61,4547.0,4547.0
40375.0,-3.030000000000001,62,4854.0,4854.0
40380.0,-4.340000000000003,65,5176.0,5176.0
40385.0,-3.25,67,5503.0,5503.0
40390.0,-3.3299999999999983,69,5575.0,5575.0
40395.0,0.6199999999999974,62,5639.0,5639.0
40400.0,1.9500000000000028,54,5436.0,5436.0
40405.0,1.9500000000000028,49,5630.0,5630.0
40410.0,-2.960000000000001,47,5864.0,5864.0
40415.0,-2.3399999999999963,50,5708.0,5708.0
40420.0,4.5,46,5186.0,5186.0
40425.0,4.869999999999997,51,4741.0,4741.0
40430.0,4.869999999999997,43,4955.0,4955.0
40435.0,0.20000000000000284,44,5167.0,5167.0
40440.0,-2.1200000000000045,47,5114.0,5114.0
40445.0,2.270000000000003,46,4828.0,4828.0
40450.0,2.490000000000002,42,4665.0,4665.0
40455.0,-1.3500000000000014,40,4866.0,4866.0
40460.0,-1.9500000000000028,42,5063.0,5063.0
40465.0,-1.9500000000000028,44,4872.0,4872.0
40470.0,1.0500000000000043,42,4725.0,4725.0
40475.0,2.239999999999995,38,4451.0,4451.0
40480.0,5.210000000000001,30,3850.0,3850.0
40485.0,5.880000000000003,30,3463.0,3463.0
40490.0,5.880000000000003,26,3489.0,3489.0
40495.0,0.9399999999999977,35,3639.0,3639.0
40500.0,-1.5,37,3470.0,3470.0
40505.0,4.299999999999997,34,3005.0,3005.0
40510.0,4.210000000000004,33,2597.0,2597.0
40515.0,0.6499999999999986,32,2755.0,2755.0
40520.0,-1.75,39,2937.0,2937.0
40525.0,-1.75,47,3157.0,3157.0
40530.0,-3.0699999999999967,55,3414.0,3414.0
40535.0,-2.6400000000000006,51,3415.0,3415.0
40540.0,1.5,45,3186.0,3186.0
40545.0,2.129999999999999,36,2990.0,2990.0
40550.0,3.5599999999999987,32,2815.0,2815.0
40555.0,3.5599999999999987,31,2966.0,2966.0
40560.0,-2.16,37,3140.0,3140.0
40565.0,-1.7399999999999984,39,3157.0,3157.0
40570.0,0.6899999999999977,42,3050.0,3050.0
40575.0,0.7600000000000016,38,2955.0,2955.0
40580.0,1.129999999999999,37,2920.0,2920.0
40585.0,-0.6000000000000014,38,2664.0,2664.0
40590.0,5.010000000000002,32,2315.0,2315.0
40595.0,5.0,29,1860.0,1860.0
40600.0,5.0,21,1890.0,1890.0
40605.0,0.5800000000000018,22,1967.0,1967.0
40610.0,-1.0800000000000018,29,2100.0,2100.0
40615.0,-1.3900000000000006,37,2267.0,2267.0
40620.0,-1.7799999999999976,45,2480.0,2480.0
40625.0,-2.1800000000000033,43,2417.0,2417.0
40630.0,2.360000000000003,35,2136.0,2136.0
40635.0,2.6199999999999974,28,2085.0,2085.0
40640.0,2.6199999999999974,29,2229.0,2229.0
40645.0,-2.009999999999998,34,2385.0,2385.0
40650.0,-1.5600000000000023,38,2409.0,2409.0
40655.0,-0.8399999999999999,45,2601.0,2601.0
40660.0,-2.2799999999999976,50,2847.0,2847.0
40665.0,-3.5100000000000016,52,3100.0,3100.0
40670.0,-2.669999999999998,54,3369.0,3369.0
40675.0,-2.669999999999998,57,3644.0,3644.0
40680.0,-3.8599999999999994,61,3939.0,3939.0
40685.0,-2.990000000000002,60,4233.0,4233.0
40690.0,-4.030000000000001,62,4526.0,4526.0
40695.0,-3.1000000000000014,64,4840.0,4840.0
40700.0,-3.1899999999999977,65,5161.0,5161.0
40705.0,-3.1899999999999977,68,5495.0,5495.0
40710.0,-4.630000000000003,69,5836.0,5836.0
40715.0,-3.4099999999999966,71,6188.0,6188.0
40720.0,-4.920000000000002,71,6541.0,6541.0
40725.0,-3.5600000000000023,72,6588.0,6588.0
40730.0,1.25,62,6487.0,6487.0
40735.0,2.6400000000000006,54,6088.0,6088.0
40740.0,2.6400000000000006,39,5537.0,5537.0
40745.0,7.220000000000006,27,4974.0,4974.0
40750.0,5.699999999999996,30,4965.0,4965.0
40755.0,-0.5700000000000003,36,5131.0,5131.0
40760.0,-1.8900000000000006,45,5336.0,5336.0
40765.0,-1.8900000000000006,45,5000.0,5000.0
40770.0,2.490000000000002,42,4736.0,4736.0
40775.0,2.6400000000000006,37,4876.0,4876.0
40780.0,-1.6799999999999997,41,5022.0,5022.0
40785.0,-2.0,45,5004.0,5004.0
40790.0,1.3100000000000023,45,5018.0,5018.0
40795.0,1.5599999999999952,43,4701.0,4701.0
40800.0,2.1600000000000037,37,4638.0,4638.0
40805.0,2.1600000000000037,38,4788.0,4788.0
40810.0,-2.270000000000003,46,5003.0,5003.0
40815.0,-2.219999999999999,49,5123.0,5123.0
40820.0,-1.0700000000000003,47,5161.0,5161.0
40825.0,-0.5300000000000011,43,5295.0,5295.0
40830.0,-0.5300000000000011,37,4563.0,4563.0
40835.0,6.469999999999999,32,3895.0,3895.0
40840.0,6.68,27,2917.0,2917.0
40845.0,9.780000000000001,16,2951.0,2951.0
40850.0,-0.00999999999999801,12,2889.0,2889.0
40855.0,0.21000000000000085,19,2850.0,2850.0
40860.0,0.3299999999999983,25,2884.0,2884.0
40865.0,-1.4399999999999977,37,3045.0,3045.0
40870.0,-1.4399999999999977,30,2445.0,2445.0
40875.0,5.349999999999998,23,1888.0,1888.0
40880.0,5.640000000000001,13,1605.0,1605.0
40885.0,2.66,18,1678.0,1678.0
40890.0,-0.9600000000000009,24,1786.0,1786.0
40895.0,-0.9600000000000009,32,1931.0,1931.0
40900.0,-1.9199999999999982,37,2111.0,2111.0
40905.0,-1.8000000000000007,33,1950.0,1950.0
40910.0,4.18,25,1309.0,1309.0
40915.0,5.119999999999999,19,1241.0,1241.0
40920.0,-1.4499999999999993,23,1349.0,1349.0
40925.0,-1.3599999999999994,33,1495.0,1495.0
40930.0,-1.8000000000000025,39,1681.0,1681.0
40935.0,-2.009999999999998,43,1886.0,1886.0
40940.0,-2.009999999999998,35,1807.0,1807.0
40945.0,0.879999999999999,28,1561.0,1561.0
40950.0,1.67,24,1684.0,1684.0
40955.0,-1.7200000000000006,29,1817.0,1817.0
40960.0,-1.5499999999999972,37,1987.0,1987.0
40965.0,-1.5499999999999972,44,2116.0,2116.0
40970.0,-2.0100000000000016,49,2356.0,2356.0
40975.0,-2.3999999999999986,51,2607.0,2607.0
40980.0,-2.5100000000000016,47,2822.0,2822.0
40985.0,-2.8500000000000014,51,3044.0,3044.0
40990.0,-2.539999999999999,51,3299.0,3299.0
40995.0,-2.5899999999999963,53,3262.0,3262.0
41000.0,2.3199999999999967,48,3221.0,3221.0
41005.0,1.8500000000000014,44,2940.0,2940.0
41010.0,1.8500000000000014,35,3104.0,3104.0
41015.0,-1.4299999999999997,42,3292.0,3292.0
41020.0,-2.0500000000000007,44,3235.0,3235.0
41025.0,2.349999999999998,42,2944.0,2944.0
41030.0,2.620000000000001,38,2819.0,2819.0
41035.0,2.620000000000001,35,3002.0,3002.0
41040.0,-1.629999999999999,40,3185.0,3185.0
41045.0,-1.8300000000000018,40,3170.0,3170.0
41050.0,1.360000000000003,37,2892.0,2892.0
41055.0,2.299999999999997,35,2726.0,2726.0
41060.0,1.5100000000000016,31,2696.0,2696.0
41065.0,-1.620000000000001,37,2867.0,2867.0
41070.0,-1.9699999999999989,45,3072.0,3072.0
41075.0,-2.400000000000002,54,3321.0,3321.0
41080.0,-2.400000000000002,48,2956.0,2956.0
41085.0,2.650000000000002,39,2604.0,2604.0
41090.0,3.59,36,2794.0,2794.0
41095.0,-2.5599999999999987,33,2965.0,2965.0
41100.0,-1.7200000000000024,41,3151.0,3151.0
41105.0,-1.7200000000000024,37,3011.0,3011.0
41110.0,0.6000000000000014,41,2955.0,2955.0
41115.0,0.5599999999999987,38,3080.0,3080.0
41120.0,-1.8999999999999986,42,3267.0,3267.0
41125.0,-2.140000000000004,49,3254.0,3254.0
41130.0,0.19000000000000483,52,3392.0,3392.0
41135.0,-2.6600000000000037,55,3661.0,3661.0
41140.0,-2.6600000000000037,49,3238.0,3238.0
41145.0,3.200000000000003,46,2879.0,2879.0
41150.0,3.620000000000001,39,2940.0,2940.0
41155.0,0.259999999999998,27,2818.0,2818.0
41160.0,1.4000000000000021,23,2680.0,2680.0
41165.0,2.039999999999999,26,2605.0,2605.0
41170.0,2.039999999999999,35,2711.0,2711.0
41175.0,-1.5700000000000003,46,2918.0,2918.0
41180.0,-2.0700000000000003,54,3171.0,3171.0
41185.0,-2.530000000000001,58,3458.0,3458.0
41190.0,-2.8699999999999974,53,3645.0,3645.0
41195.0,-2.020000000000003,54,3797.0,3797.0
41200.0,-2.219999999999999,53,3687.0,3687.0
41205.0,3.3400000000000034,46,3431.0,3431.0
41210.0,4.119999999999997,37,3023.0,3023.0
41215.0,4.119999999999997,35,3199.0,3199.0
41220.0,-0.9600000000000009,33,3362.0,3362.0
41225.0,-1.6599999999999966,36,3361.0,3361.0
41230.0,0.9899999999999949,34,3206.0,3206.0
41235.0,1.3500000000000014,34,3099.0,3099.0
41240.0,1.8200000000000003,33,3048.0,3048.0
41245.0,1.8200000000000003,28,2549.0,2549.0
41250.0,4.330000000000002,25,2129.0,2129.0
41255.0,4.199999999999999,27,2127.0,2127.0
41260.0,-0.5100000000000016,26,2257.0,2257.0
41265.0,-1.3200000000000003,32,2157.0,2157.0
41270.0,2.6900000000000013,28,2071.0,2071.0
41275.0,2.8200000000000003,29,1790.0,1790.0
41280.0,2.8200000000000003,26,1925.0,1925.0
41285.0,-1.9000000000000021,35,2079.0,2079.0
41290.0,-1.6499999999999986,43,2278.0,2278.0
41295.0,-2.0700000000000003,51,2518.0,2518.0
41300.0,-2.460000000000001,48,2602.0,2602.0
41305.0,-1.5499999999999972,52,2826.0,2826.0
41310.0,-2.580000000000002,53,3087.0,3087.0
41315.0,-2.580000000000002,46,2862.0,2862.0
41320.0,1.1999999999999993,37,2524.0,2524.0
41325.0,3.3800000000000026,32,2694.0,2694.0
41330.0,-2.360000000000003,38,2868.0,2868.0
41335.0,-1.889999999999997,42,2793.0,2793.0
41340.0,2.599999999999998,40,2605.0,2605.0
41345.0,2.8200000000000003,35,2234.0,2234.0
41350.0,2.8200000000000003,29,2384.0,2384.0
41355.0,-0.07000000000000028,32,2538.0,2538.0
41360.0,-1.5899999999999999,40,2726.0,2726.0
41365.0,-1.9499999999999993,46,2733.0,2733.0
41370.0,1.0599999999999987,41,2544.0,2544.0
41375.0,1.8500000000000014,37,2552.0,2552.0
41380.0,1.8500000000000014,34,2689.0,2689.0
41385.0,-2.120000000000001,40,2876.0,2876.0
41390.0,-1.870000000000001,43,2903.0,2903.0
41395.0,0.620000000000001,43,2788.0,2788.0
41400.0,0.6999999999999993,38,2653.0,2653.0
41405.0,0.9600000000000009,34,2452.0,2452.0
41410.0,3.370000000000001,30,2341.0,2341.0
41415.0,3.3099999999999987,28,1900.0,1900.0
41420.0,3.3099999999999987,27,2041.0,2041.0
41425.0,-0.9100000000000001,29,2185.0,2185.0
41430.0,-1.4399999999999977,35,2281.0,2281.0
41435.0,-1.0800000000000018,41,2400.0,2400.0
41440.0,-2.129999999999999,50,2636.0,2636.0
41445.0,-2.129999999999999,41,2352.0,2352.0
41450.0,1.8399999999999999,35,2089.0,2089.0
41455.0,2.629999999999999,24,1993.0,1993.0
41460.0,1.8000000000000007,18,1844.0,1844.0
41465.0,1.4299999999999997,17,1622.0,1622.0
41470.0,1.8900000000000006,25,1645.0,1645.0
41475.0,-1.8200000000000003,32,1791.0,1791.0
41480.0,-1.7300000000000004,38,1970.0,1970.0
41485.0,-1.7300000000000004,36,1804.0,1804.0
41490.0,2.1499999999999986,28,1431.0,1431.0
41495.0,2.6000000000000014,23,1422.0,1422.0
41500.0,-0.28999999999999915,25,1535.0,1535.0
41505.0,-1.3200000000000003,34,1683.0,1683.0
41510.0,-1.7899999999999991,43,1882.0,1882.0
41515.0,-1.7899999999999991,38,1701.0,1701.0
41520.0,0.9599999999999973,33,1577.0,1577.0
41525.0,1.240000000000002,25,1612.0,1612.0
41530.0,-0.5199999999999996,32,1721.0,1721.0
41535.0,-1.6000000000000014,38,1899.0,1899.0
41540.0,-1.9199999999999982,43,1890.0,1890.0
41545.0,1.3699999999999974,36,1880.0,1880.0
41550.0,1.7600000000000016,28,1554.0,1554.0
41555.0,2.6799999999999997,22,1422.0,1422.0
41560.0,2.6799999999999997,26,1529.0,1529.0
41565.0,-1.5600000000000005,32,1677.0,1677.0
41570.0,-1.540000000000001,36,1716.0,1716.0
41575.0,0.060000000000002274,32,1671.0,1671.0
41580.0,0.23000000000000043,34,1716.0,1716.0
41585.0,0.23000000000000043,28,1441.0,1441.0
41590.0,2.3999999999999986,24,1207.0,1207.0
41595.0,2.34,15,1157.0,1157.0
41600.0,0.8000000000000007,14,1127.0,1127.0
41605.0,0.0,17,1111.0,1111.0
41610.0,-0.120000000000001,27,1166.0,1166.0
41615.0,-1.4399999999999995,31,1314.0,1314.0
41620.0,-1.6400000000000006,34,1481.0,1481.0
41625.0,-1.6400000000000006,33,1552.0,1552.0
41630.0,-1.379999999999999,36,1727.0,1727.0
41635.0,-1.7799999999999994,36,1907.0,1907.0
41640.0,-2.59,40,2101.0,2101.0
41645.0,-1.990000000000002,41,2303.0,2303.0
41650.0,-2.1099999999999994,44,2520.0,2520.0
41655.0,-2.25,47,2751.0,2751.0
41660.0,-2.25,46,2964.0,2964.0
41665.0,-3.0700000000000003,50,3203.0,3203.0
41670.0,-2.3900000000000006,44,3144.0,3144.0
41675.0,2.580000000000002,36,2793.0,2793.0
41680.0,3.41,28,2528.0,2528.0
41685.0,1.3699999999999974,21,2422.0,2422.0
41690.0,2.210000000000001,18,2264.0,2264.0
41695.0,1.4800000000000004,22,2120.0,2120.0
41700.0,1.4800000000000004,23,1705.0,1705.0
41705.0,3.6999999999999993,24,1375.0,1375.0
41710.0,3.3000000000000007,17,1323.0,1323.0
41715.0,0.7699999999999996,18,1356.0,1356.0
41720.0,-1.0099999999999998,28,1478.0,1478.0
41725.0,-1.0099999999999998,34,1625.0,1625.0
41730.0,-2.0299999999999994,40,1820.0,1820.0
41735.0,-1.9499999999999993,34,1784.0,1784.0
41740.0,1.7399999999999984,28,1546.0,1546.0
41745.0,2.2700000000000014,23,1490.0,1490.0
41750.0,-1.620000000000001,27,1608.0,1608.0
41755.0,-1.459999999999999,34,1761.0,1761.0
41760.0,-1.870000000000001,41,1955.0,1955.0
41765.0,-1.870000000000001,38,1802.0,1802.0
41770.0,0.7600000000000016,29,1714.0,1714.0
41775.0,0.9699999999999989,25,1759.0,1759.0
41780.0,-1.0100000000000016,31,1903.0,1903.0
41785.0,-1.5899999999999999,38,2076.0,2076.0
41790.0,-1.5899999999999999,35,1799.0,1799.0
41795.0,2.020000000000003,33,1571.0,1571.0
41800.0,2.2799999999999976,24,1592.0,1592.0
41805.0,0.4200000000000017,18,1486.0,1486.0
41810.0,0.8899999999999988,19,1460.0,1460.0
41815.0,-0.7999999999999989,29,1549.0,1549.0
41820.0,-1.7100000000000009,40,1731.0,1731.0
41825.0,-2.0500000000000007,44,1940.0,1940.0
41830.0,-2.0500000000000007,44,2086.0,2086.0
41835.0,-2.34,47,2312.0,2312.0
41840.0,-2.3000000000000007,46,2537.0,2537.0
41845.0,-3.049999999999997,48,2760.0,2760.0
41850.0,-2.4299999999999997,50,3008.0,3008.0
41855.0,-2.4299999999999997,42,2957.0,2957.0
41860.0,-0.490000000000002,35,2923.0,2923.0
41865.0,0.33999999999999986,40,3063.0,3063.0
41870.0,-2.1999999999999993,45,3276.0,3276.0
41875.0,-2.280000000000001,52,3521.0,3521.0
41880.0,-2.539999999999999,50,3743.0,3743.0
41885.0,-3.219999999999999,53,4000.0,4000.0
41890.0,-2.6499999999999986,53,4265.0,4265.0
41895.0,-2.6499999999999986,54,4532.0,4532.0
41900.0,-3.75,55,4807.0,4807.0
41905.0,-2.75,51,4686.0,4686.0
41910.0,3.979999999999997,43,4198.0,4198.0
41915.0,4.859999999999999,35,3731.0,3731.0
41920.0,7.410000000000004,29,3297.0,3297.0
41925.0,7.410000000000004,25,3424.0,3424.0
41930.0,-1.8700000000000045,33,3574.0,3574.0
41935.0,-1.5,41,3759.0,3759.0
41940.0,-1.8500000000000014,43,3679.0,3679.0
41945.0,2.75,37,3231.0,3231.0
41950.0,4.270000000000003,30,3121.0,3121.0
41955.0,-1.8299999999999983,33,3273.0,3273.0
41960.0,-1.7199999999999989,37,3449.0,3449.0
41965.0,-1.7199999999999989,38,3173.0,3173.0
41970.0,2.019999999999996,34,2942.0,2942.0
41975.0,2.330000000000002,32,2997.0,2997.0
41980.0,-1.2100000000000009,37,3172.0,3172.0
41985.0,-1.9299999999999962,43,3376.0,3376.0
41990.0,-1.9299999999999962,39,2951.0,2951.0
41995.0,3.399999999999995,31,2549.0,2549.0
42000.0,4.020000000000003,20,2211.0,2211.0
42005.0,4.949999999999999,12,1917.0,1917.0
42010.0,1.7799999999999976,17,1923.0,1923.0
42015.0,-1.3499999999999979,29,2040.0,2040.0
42020.0,-1.6700000000000017,41,2219.0,2219.0
42025.0,-1.6700000000000017,45,2369.0,2369.0
42030.0,-2.3599999999999994,45,2594.0,2594.0
42035.0,-2.25,49,2825.0,2825.0
42040.0,-3.3299999999999983,49,3070.0,3070.0
42045.0,-2.480000000000004,55,3327.0,3327.0
42050.0,-2.480000000000004,47,3347.0,3347.0
42055.0,-1.269999999999996,39,3353.0,3353.0
42060.0,-0.060000000000002274,39,3322.0,3322.0
42065.0,0.3100000000000023,37,3147.0,3147.0
42070.0,4.57,34,2641.0,2641.0
42075.0,4.66,27,2410.0,2410.0
42080.0,-0.46000000000000085,23,2468.0,2468.0
42085.0,-0.46000000000000085,24,2508.0,2508.0
42090.0,-0.46000000000000085,26,2457.0,2457.0
42095.0,0.07000000000000028,33,2568.0,2568.0
42100.0,-1.1799999999999997,41,2761.0,2761.0
42105.0,-2.0,37,2617.0,2617.0
42110.0,4.02,31,2163.0,2163.0
42115.0,5.620000000000001,26,1888.0,1888.0
42120.0,5.620000000000001,21,1989.0,1989.0
42125.0,-1.5100000000000016,24,2098.0,2098.0
42130.0,-1.0899999999999999,25,1966.0,1966.0
42135.0,3.240000000000002,23,1537.0,1537.0
42140.0,3.719999999999999,21,1467.0,1467.0
42145.0,-1.4400000000000013,21,1567.0,1567.0
42150.0,-1.3099999999999987,30,1707.0,1707.0
42155.0,-1.6900000000000013,39,1885.0,1885.0
42160.0,-2.1199999999999974,47,2105.0,2105.0
42165.0,-2.1199999999999974,43,2134.0,2134.0
42170.0,-1.1900000000000013,47,2359.0,2359.0
42175.0,-2.289999999999999,43,2356.0,2356.0
42180.0,1.4699999999999989,37,2135.0,2135.0
42185.0,1.9899999999999984,31,2121.0,2121.0
42190.0,1.9899999999999984,25,1844.0,1844.0
42195.0,2.16,20,1595.0,1595.0
42200.0,2.490000000000002,21,1594.0,1594.0
42205.0,-0.26000000000000156,32,1711.0,1711.0
42210.0,-1.5899999999999999,38,1727.0,1727.0
42215.0,0.6099999999999994,32,1687.0,1687.0
42220.0,0.9100000000000001,26,1561.0,1561.0
42225.0,0.7900000000000009,30,1579.0,1579.0
42230.0,0.7900000000000009,28,1403.0,1403.0
42235.0,2.26,26,1077.0,1077.0
42240.0,2.2200000000000006,19,910.0,910.0
42245.0,2.9800000000000004,16,829.0,829.0
42250.0,-0.8100000000000005,24,930.0,930.0
42255.0,-1.2400000000000002,30,1067.0,1067.0
42260.0,-1.6300000000000008,40,1249.0,1249.0
42265.0,-1.6300000000000008,35,1284.0,1284.0
42270.0,-1.129999999999999,36,1444.0,1444.0
42275.0,-1.5999999999999996,38,1634.0,1634.0
42280.0,-1.9000000000000004,34,1686.0,1686.0
42285.0,-0.019999999999999574,26,1614.0,1614.0
42290.0,0.7299999999999986,24,1458.0,1458.0
42295.0,1.2100000000000009,23,1294.0,1294.0
42300.0,2.5600000000000005,24,1210.0,1210.0
42305.0,2.3200000000000003,22,895.0,895.0
42310.0,2.3200000000000003,16,932.0,932.0
42315.0,0.05999999999999872,22,1028.0,1028.0
42320.0,-1.0399999999999991,28,1158.0,1158.0
42325.0,-1.3600000000000012,36,1322.0,1322.0
42330.0,-1.709999999999999,37,1507.0,1507.0
42335.0,-1.8499999999999996,35,1492.0,1492.0
42340.0,1.3099999999999987,27,1316.0,1316.0
42345.0,1.6300000000000008,20,1224.0,1224.0
42350.0,1.6300000000000008,24,1335.0,1335.0
42355.0,-0.8499999999999996,33,1480.0,1480.0
42360.0,-1.450000000000001,38,1663.0,1663.0
42365.0,-1.8299999999999983,42,1868.0,1868.0
42370.0,-2.0500000000000007,44,2087.0,2087.0
42375.0,-2.1900000000000013,48,2320.0,2320.0
42380.0,-2.3299999999999983,44,2386.0,2386.0
42385.0,-1.3100000000000023,47,2590.0,2590.0
42390.0,-2.349999999999998,46,2596.0,2596.0
42395.0,1.3200000000000003,38,2495.0,2495.0
42400.0,2.0,32,2297.0,2297.0
42405.0,3.3299999999999983,27,2048.0,2048.0
42410.0,3.3299999999999983,29,2176.0,2176.0
42415.0,-1.8499999999999979,34,2338.0,2338.0
42420.0,-1.6799999999999997,37,2258.0,2258.0
42425.0,2.479999999999997,33,1977.0,1977.0
42430.0,2.530000000000001,27,1751.0,1751.0
42435.0,3.74,21,1541.0,1541.0
42440.0,3.74,28,1666.0,1666.0
42445.0,-1.67,38,1840.0,1840.0
42450.0,-1.7399999999999984,40,2020.0,2020.0
42455.0,-2.460000000000001,44,2214.0,2214.0
42460.0,-2.1700000000000017,46,2441.0,2441.0
42465.0,-3.2300000000000004,48,2674.0,2674.0
42470.0,-2.41,49,2916.0,2916.0
42475.0,-2.41,46,2665.0,2665.0
42480.0,1.5800000000000018,39,2456.0,2456.0
42485.0,2.1499999999999986,31,2527.0,2527.0
42490.0,-1.0499999999999972,31,2659.0,2659.0
42495.0,-1.610000000000003,39,2836.0,2836.0
42500.0,-1.610000000000003,35,2523.0,2523.0
42505.0,2.370000000000001,36,2279.0,2279.0
42510.0,2.4400000000000013,31,2351.0,2351.0
42515.0,-1.3900000000000006,39,2531.0,2531.0
42520.0,-1.9400000000000013,43,2723.0,2723.0
42525.0,-2.9499999999999993,50,2957.0,2957.0
42530.0,-2.6000000000000014,54,3221.0,3221.0
42535.0,-2.6000000000000014,55,3493.0,3493.0
42540.0,-3.8200000000000003,56,3773.0,3773.0
42545.0,-2.799999999999997,60,4064.0,4064.0
42550.0,-2.950000000000003,56,4107.0,4107.0
42555.0,0.8300000000000054,50,3942.0,3942.0
42560.0,1.4199999999999946,43,3896.0,3896.0
42565.0,1.4199999999999946,33,3452.0,3452.0
42570.0,4.469999999999999,30,3060.0,3060.0
42575.0,3.9200000000000017,27,2471.0,2471.0
42580.0,5.890000000000001,24,2483.0,2483.0
42585.0,-0.6099999999999994,31,2619.0,2619.0
42590.0,-1.5300000000000011,36,2572.0,2572.0
42595.0,1.7200000000000024,33,2454.0,2454.0
42600.0,1.9499999999999993,30,2195.0,2195.0
42605.0,2.9299999999999997,28,2053.0,2053.0
42610.0,2.9299999999999997,22,1686.0,1686.0
42615.0,3.1799999999999997,21,1397.0,1397.0
42620.0,2.880000000000001,18,1410.0,1410.0
42625.0,-0.4900000000000002,23,1513.0,1513.0
42630.0,-1.2200000000000006,29,1646.0,1646.0
42635.0,-1.5699999999999985,37,1819.0,1819.0
42640.0,-1.9000000000000021,43,2023.0,2023.0
42645.0,-1.9000000000000021,42,2118.0,2118.0
42650.0,-1.8099999999999987,45,2335.0,2335.0
42655.0,-2.1700000000000017,42,2356.0,2356.0
42660.0,0.7600000000000016,39,2214.0,2214.0
42665.0,1.1499999999999986,31,2224.0,2224.0
42670.0,-1.8699999999999974,34,2365.0,2365.0
42675.0,-1.9100000000000001,43,2565.0,2565.0
42680.0,-1.9100000000000001,46,2769.0,2769.0
42685.0,-2.9299999999999997,50,3014.0,3014.0
42690.0,-2.490000000000002,46,3104.0,3104.0
42695.0,-0.46999999999999886,44,3077.0,3077.0
42700.0,0.23000000000000043,37,3073.0,3073.0
42705.0,0.35999999999999943,37,3126.0,3126.0
42710.0,0.35999999999999943,43,3331.0,3331.0
42715.0,-2.7900000000000027,48,3563.0,3563.0
42720.0,-2.3200000000000003,48,3758.0,3758.0
42725.0,-2.4099999999999966,50,3950.0,3950.0
42730.0,-2.5,51,3831.0,3831.0
42735.0,4.039999999999999,43,3693.0,3693.0
42740.0,4.73,34,3055.0,3055.0
42745.0,7.09,28,2496.0,2496.0
42750.0,7.09,21,2614.0,2614.0
42755.0,-1.6700000000000017,28,2737.0,2737.0
42760.0,-1.3200000000000003,31,2745.0,2745.0
42765.0,0.6700000000000017,31,2640.0,2640.0
42770.0,0.7199999999999989,31,2691.0,2691.0
42775.0,0.7199999999999989,34,2821.0,2821.0
42780.0,-1.9299999999999997,42,3012.0,3012.0
42785.0,-1.9100000000000001,40,2895.0,2895.0
42790.0,3.3800000000000026,32,2497.0,2497.0
42795.0,3.8199999999999967,28,2376.0,2376.0
42800.0,-1.9099999999999966,29,2512.0,2512.0
42805.0,-1.5900000000000034,37,2679.0,2679.0
42810.0,-1.5900000000000034,35,2543.0,2543.0
42815.0,0.6400000000000006,33,2455.0,2455.0
42820.0,1.3599999999999994,31,2566.0,2566.0
42825.0,-2.25,36,2738.0,2738.0
42830.0,-1.879999999999999,44,2943.0,2943.0
42835.0,-1.879999999999999,47,2885.0,2885.0
42840.0,-0.3000000000000007,52,3133.0,3133.0
42845.0,-2.479999999999997,46,3242.0,3242.0
42850.0,-0.7600000000000051,38,3222.0,3222.0
42855.0,-0.00999999999999801,36,3176.0,3176.0
42860.0,0.120000000000001,34,2917.0,2917.0
42865.0,5.140000000000001,32,2552.0,2552.0
42870.0,5.100000000000001,30,1911.0,1911.0
42875.0,5.100000000000001,20,1886.0,1886.0
42880.0,2.6799999999999997,20,1963.0,1963.0
42885.0,-0.7900000000000027,22,1789.0,1789.0
42890.0,3.960000000000001,21,1387.0,1387.0
42895.0,3.2200000000000006,19,1142.0,1142.0
42900.0,3.3599999999999994,18,906.0,906.0
42905.0,3.3599999999999994,21,1002.0,1002.0
42910.0,-0.7099999999999991,28,1124.0,1124.0
42915.0,-1.2200000000000006,35,1286.0,1286.0
42920.0,-1.6199999999999992,39,1477.0,1477.0
42925.0,-1.9100000000000001,39,1672.0,1672.0
42930.0,-1.9499999999999993,41,1762.0,1762.0
42935.0,-1.7200000000000024,41,1967.0,1967.0
42940.0,-2.0599999999999987,45,2184.0,2184.0
42945.0,-2.2399999999999984,48,2415.0,2415.0
42950.0,-2.3900000000000006,51,2655.0,2655.0
42955.0,-3.2699999999999996,49,2889.0,2889.0
42960.0,-2.490000000000002,51,3140.0,3140.0
42965.0,-2.490000000000002,45,2931.0,2931.0
42970.0,1.1500000000000021,37,2713.0,2713.0
42975.0,2.2399999999999984,32,2801.0,2801.0
42980.0,-1.4600000000000009,33,2961.0,2961.0
42985.0,-1.7199999999999989,41,3150.0,3150.0
42990.0,-1.7199999999999989,48,3376.0,3376.0
42995.0,-3.0799999999999983,56,3642.0,3642.0
43000.0,-2.6600000000000037,58,3927.0,3927.0
43005.0,-4.009999999999998,58,4217.0,4217.0
43010.0,-2.950000000000003,60,4280.0,4280.0
43015.0,0.6700000000000017,54,4325.0,4325.0
43020.0,1.3999999999999986,51,4005.0,4005.0
43025.0,2.3500000000000014,43,3895.0,3895.0
43030.0,0.0799999999999983,43,3845.0,3845.0
43035.0,0.0799999999999983,43,4019.0,4019.0
43040.0,-1.759999999999998,49,4251.0,4251.0
43045.0,-2.3800000000000026,50,4413.0,4413.0
43050.0,-1.7299999999999969,44,4501.0,4501.0
43055.0,-0.8100000000000023,46,4648.0,4648.0
43060.0,-0.8100000000000023,43,4700.0,4700.0
43065.0,-1.4399999999999977,46,4897.0,4897.0
43070.0,-1.9699999999999989,42,4686.0,4686.0
43075.0,5.479999999999997,34,4062.0,4062.0
43080.0,5.93,26,3491.0,3491.0
43085.0,1.7600000000000051,21,3601.0,3601.0
43090.0,-1.1300000000000026,26,3719.0,3719.0
43095.0,-1.1300000000000026,32,3853.0,3853.0
43100.0,-1.9299999999999997,39,4032.0,4032.0
43105.0,-1.8599999999999994,46,4251.0,4251.0
43110.0,-3.230000000000004,48,4491.0,4491.0
43115.0,-2.4099999999999966,51,4738.0,4738.0
43120.0,-2.4099999999999966,42,4683.0,4683.0
43125.0,-0.46999999999999886,39,4647.0,4647.0
43130.0,0.35999999999999943,38,4572.0,4572.0
43135.0,0.75,33,4322.0,4322.0
43140.0,6.019999999999996,32,3442.0,3442.0
43145.0,8.640000000000004,22,3136.0,3136.0
43150.0,-0.7200000000000024,20,3198.0,3198.0
43155.0,-1.019999999999996,23,3303.0,3303.0
43160.0,-1.019999999999996,32,3447.0,3447.0
43165.0,-2.010000000000005,40,3633.0,3633.0
43170.0,-1.9299999999999997,47,3847.0,3847.0
43175.0,-3.049999999999997,49,4076.0,4076.0
43180.0,-2.5,51,4331.0,4331.0
43185.0,-2.5,43,3695.0,3695.0
43190.0,5.339999999999996,36,3127.0,3127.0
43195.0,5.680000000000003,29,2929.0,2929.0
43200.0,1.3499999999999979,28,3082.0,3082.0
43205.0,-1.509999999999998,33,2896.0,2896.0
43210.0,4.390000000000001,30,2585.0,2585.0
43215.0,4.210000000000001,31,2236.0,2236.0
43220.0,4.210000000000001,29,2383.0,2383.0
43225.0,-1.2900000000000027,36,2546.0,2546.0
43230.0,-1.7099999999999973,45,2747.0,2747.0
43235.0,-2.1000000000000014,52,2990.0,2990.0
43240.0,-2.5,52,2994.0,2994.0
43245.0,1.5300000000000011,43,2746.0,2746.0
43250.0,2.379999999999999,37,2529.0,2529.0
43255.0,3.870000000000001,30,2326.0,2326.0
43260.0,3.870000000000001,32,2420.0,2420.0
43265.0,-1.5500000000000007,38,2597.0,2597.0
43270.0,-1.7699999999999996,44,2799.0,2799.0
43275.0,-2.950000000000003,51,3041.0,3041.0
43280.0,-2.5199999999999996,52,3098.0,3098.0
43285.0,0.370000000000001,44,3151.0,3151.0
43290.0,1.0399999999999991,38,3041.0,3041.0
43295.0,1.0399999999999991,38,3221.0,3221.0
43300.0,-2.5600000000000023,42,3422.0,3422.0
43305.0,-2.0799999999999983,51,3659.0,3659.0
43310.0,-3.5700000000000003,58,3939.0,3939.0
43315.0,-2.9099999999999966,59,4233.0,4233.0
43320.0,-2.969999999999999,62,4535.0,4535.0
43325.0,-2.969999999999999,52,4083.0,4083.0
43330.0,3.289999999999999,45,3718.0,3718.0
43335.0,3.6499999999999986,33,3436.0,3436.0
43340.0,4.060000000000002,27,3226.0,3226.0
43345.0,1.8399999999999963,21,3143.0,3143.0
43350.0,-1.1999999999999957,30,3278.0,3278.0
43355.0,-1.75,40,3463.0,3463.0
43360.0,-1.75,44,3410.0,3410.0
43365.0,-0.30000000000000426,40,3405.0,3405.0
43370.0,0.0799999999999983,34,3402.0,3402.0
43375.0,0.04000000000000625,39,3487.0,3487.0
43380.0,-1.730000000000004,48,3708.0,3708.0
43385.0,-1.730000000000004,42,3246.0,3246.0
43390.0,3.6799999999999997,36,2672.0,2672.0
43395.0,5.740000000000002,33,2844.0,2844.0
43400.0,-2.3500000000000014,30,2996.0,2996.0
43405.0,-1.5300000000000011,34,2861.0,2861.0
43410.0,3.6300000000000026,34,2591.0,2591.0
43415.0,4.799999999999997,36,2253.0,2253.0
43420.0,4.799999999999997,30,2389.0,2389.0
43425.0,-2.0299999999999976,36,2555.0,2555.0
43430.0,-1.7200000000000024,40,2640.0,2640.0
43435.0,-1.7899999999999991,49,2867.0,2867.0
43440.0,-2.4800000000000004,51,3121.0,3121.0
43445.0,-2.4800000000000004,56,3397.0,3397.0
43450.0,-3.7799999999999976,58,3684.0,3684.0
43455.0,-2.8700000000000045,55,3734.0,3734.0
43460.0,0.6700000000000017,46,3547.0,3547.0
43465.0,1.75,41,3571.0,3571.0
43470.0,-2.8999999999999986,40,3772.0,3772.0
43475.0,-2.0700000000000003,45,3984.0,3984.0
43480.0,-2.4099999999999966,52,4232.0,4232.0
43485.0,-2.4099999999999966,56,4428.0,4428.0
43490.0,-3.0900000000000034,63,4737.0,4737.0
43495.0,-3.1199999999999974,61,4815.0,4815.0
43500.0,0.3999999999999986,54,4656.0,4656.0
43505.0,1.519999999999996,47,4621.0,4621.0
43510.0,1.519999999999996,46,4824.0,4824.0
43515.0,-2.1499999999999986,49,5057.0,5057.0
43520.0,-2.3299999999999983,57,5322.0,5322.0
43525.0,-2.6499999999999986,59,5409.0,5409.0
43530.0,-0.05000000000000426,51,5305.0,5305.0
43535.0,0.9000000000000057,44,5112.0,5112.0
43540.0,1.4499999999999957,38,4744.0,4744.0
43545.0,6.469999999999999,34,4479.0,4479.0
43550.0,6.580000000000005,31,3643.0,3643.0
43555.0,6.580000000000005,29,3789.0,3789.0
43560.0,-0.30000000000000426,29,3928.0,3928.0
43565.0,-1.4099999999999966,33,3707.0,3707.0
43570.0,4.859999999999999,30,3221.0,3221.0
43575.0,5.709999999999997,29,2960.0,2960.0
43580.0,5.709999999999997,30,3109.0,3109.0
43585.0,-2.0799999999999983,37,3281.0,3281.0
43590.0,-1.7200000000000024,45,3492.0,3492.0
43595.0,-2.1099999999999994,55,3745.0,3745.0
43600.0,-2.530000000000001,51,3810.0,3810.0
43605.0,0.30000000000000426,41,3675.0,3675.0
43610.0,1.0899999999999963,38,3662.0,3662.0
43615.0,-2.0,37,3843.0,3843.0
43620.0,-2.039999999999999,46,4056.0,4056.0
43625.0,-2.3799999999999955,51,4299.0,4299.0
43630.0,-2.690000000000005,58,4575.0,4575.0
43635.0,-2.690000000000005,57,4552.0,4552.0
43640.0,-0.9200000000000017,58,4840.0,4840.0
43645.0,-2.8899999999999935,61,5138.0,5138.0
43650.0,-4.240000000000002,62,5446.0,5446.0
43655.0,-3.1200000000000045,65,5762.0,5762.0
43660.0,-3.1200000000000045,66,6091.0,6091.0
43665.0,-4.569999999999993,71,6433.0,6433.0
43670.0,-3.4200000000000017,69,6777.0,6777.0
43675.0,-4.730000000000004,70,7115.0,7115.0
43680.0,-3.519999999999996,70,7003.0,7003.0
43685.0,4.439999999999998,60,6874.0,6874.0
43690.0,5.880000000000003,51,6277.0,6277.0
43695.0,5.880000000000003,39,5918.0,5918.0
43700.0,2.6999999999999957,31,5562.0,5562.0
43705.0,3.6400000000000006,31,5242.0,5242.0
43710.0,5.359999999999999,27,5149.0,5149.0
43715.0,-1.5999999999999943,35,5285.0,5285.0
43720.0,-1.9000000000000057,45,5494.0,5494.0
43725.0,-1.9000000000000057,41,5279.0,5279.0
43730.0,1.2700000000000031,39,5110.0,5110.0
43735.0,1.6899999999999977,37,4875.0,4875.0
43740.0,2.3500000000000014,42,4798.0,4798.0
43745.0,0.7700000000000031,38,4482.0,4482.0
43750.0,7.3799999999999955,34,3488.0,3488.0
43755.0,7.420000000000002,27,3171.0,3171.0
43760.0,0.8900000000000006,24,3253.0,3253.0
43765.0,-1.1400000000000006,26,3369.0,3369.0
43770.0,-1.3999999999999986,31,3514.0,3514.0
43775.0,-1.3999999999999986,33,3466.0,3466.0
43780.0,-0.1700000000000017,33,3529.0,3529.0
43785.0,-0.6400000000000006,33,3648.0,3648.0
43790.0,-1.8500000000000014,41,3829.0,3829.0
43795.0,-2.030000000000001,41,4034.0,4034.0
43800.0,-2.1299999999999955,45,4255.0,4255.0
43805.0,-2.25,46,4481.0,4481.0
43810.0,-2.3599999999999994,50,4726.0,4726.0
43815.0,-2.530000000000001,52,4982.0,4982.0
43820.0,-2.530000000000001,44,4268.0,4268.0
43825.0,6.109999999999999,36,3614.0,3614.0
43830.0,6.539999999999999,32,3580.0,3580.0
43835.0,-0.269999999999996,29,3729.0,3729.0
43840.0,-1.480000000000004,34,3756.0,3756.0
43845.0,0.21999999999999886,32,3799.0,3799.0
43850.0,0.3100000000000023,35,3734.0,3734.0
43855.0,0.3100000000000023,37,3891.0,3891.0
43860.0,-1.8500000000000014,45,4094.0,4094.0
43865.0,-2.1999999999999957,44,3884.0,3884.0
43870.0,5.519999999999996,38,3271.0,3271.0
43875.0,5.870000000000001,30,3064.0,3064.0
43880.0,5.870000000000001,28,2774.0,2774.0
43885.0,2.280000000000001,31,2918.0,2918.0
43890.0,-1.4400000000000013,33,2712.0,2712.0
43895.0,4.899999999999999,29,2241.0,2241.0
43900.0,3.830000000000002,27,1856.0,1856.0
43905.0,1.3900000000000006,24,1930.0,1930.0
43910.0,-1.3500000000000014,32,2073.0,2073.0
43915.0,-1.7300000000000004,39,2253.0,2253.0
43920.0,-2.120000000000001,46,2472.0,2472.0
43925.0,-2.120000000000001,40,2397.0,2397.0
43930.0,0.860000000000003,31,2162.0,2162.0
43935.0,1.4899999999999984,27,2045.0,2045.0
43940.0,2.3200000000000003,22,1779.0,1779.0
43945.0,3.6400000000000006,20,1404.0,1404.0
43950.0,3.459999999999999,21,1289.0,1289.0
43955.0,3.459999999999999,16,1169.0,1169.0
43960.0,0.8000000000000007,17,1111.0,1111.0
43965.0,0.5800000000000001,22,1160.0,1160.0
43970.0,-1.0099999999999998,35,1312.0,1312.0
43975.0,-1.7300000000000004,36,1266.0,1266.0
43980.0,1.879999999999999,29,1226.0,1226.0
43985.0,1.8399999999999999,24,1037.0,1037.0
43990.0,1.8399999999999999,17,988.0,988.0
43995.0,0.07000000000000028,23,1078.0,1078.0
44000.0,-0.9599999999999991,27,1111.0,1111.0
44005.0,-0.0600000000000005,22,1077.0,1077.0
44010.0,0.3200000000000003,22,1120.0,1120.0
44015.0,0.3200000000000003,17,880.0,880.0
44020.0,1.959999999999999,15,678.0,678.0
44025.0,2.0200000000000005,16,692.0,692.0
44030.0,-0.4899999999999993,22,789.0,789.0
44035.0,-1.1300000000000008,28,899.0,899.0
44040.0,-1.799999999999999,31,1051.0,1051.0
44045.0,-1.6900000000000013,35,1224.0,1224.0
44050.0,-1.6900000000000013,37,1401.0,1401.0
44055.0,-2.49,39,1592.0,1592.0
44060.0,-1.929999999999998,41,1791.0,1791.0
44065.0,-2.0100000000000016,42,1998.0,1998.0
44070.0,-2.9499999999999993,45,2216.0,2216.0
44075.0,-2.240000000000002,45,2441.0,2441.0
44080.0,-2.240000000000002,38,2282.0,2282.0
44085.0,0.6900000000000013,29,2092.0,2092.0
44090.0,1.8999999999999986,27,1945.0,1945.0
44095.0,1.4700000000000024,27,1796.0,1796.0
44100.0,3.1400000000000006,26,1507.0,1507.0
44105.0,2.669999999999998,22,1246.0,1246.0
44110.0,1.3600000000000012,13,1241.0,1241.0
44115.0,0.4299999999999997,17,1202.0,1202.0
44120.0,0.4299999999999997,18,927.0,927.0
44125.0,2.389999999999999,19,723.0,723.0
44130.0,2.040000000000001,12,601.0,601.0
44135.0,1.6600000000000001,17,606.0,606.0
44140.0,-0.8500000000000005,22,705.0,705.0
44145.0,-1.2299999999999995,29,841.0,841.0
44150.0,-1.2299999999999995,30,882.0,882.0
44155.0,-0.9800000000000004,32,1034.0,1034.0
44160.0,-1.5199999999999996,32,1194.0,1194.0
44165.0,-2.26,37,1366.0,1366.0
44170.0,-1.8100000000000005,36,1362.0,1362.0
44175.0,1.1600000000000001,30,1287.0,1287.0
44180.0,1.2799999999999994,21,1171.0,1171.0
44185.0,1.2799999999999994,26,1287.0,1287.0
44190.0,-1.1799999999999997,33,1440.0,1440.0
44195.0,-1.5899999999999999,39,1625.0,1625.0
44200.0,-1.9000000000000004,41,1826.0,1826.0
44205.0,-2.030000000000001,41,1959.0,1959.0
44210.0,-2.1499999999999986,42,2165.0,2165.0
44215.0,-2.16,45,2388.0,2388.0
44220.0,-2.16,35,2175.0,2175.0
44225.0,1.2300000000000004,29,1957.0,1957.0
44230.0,2.1799999999999997,21,1619.0,1619.0
44235.0,3.379999999999999,25,1731.0,1731.0
44240.0,-1.639999999999997,32,1873.0,1873.0
44245.0,-1.620000000000001,39,1922.0,1922.0
44250.0,-0.10000000000000142,35,1990.0,1990.0
44255.0,0.22000000000000242,29,1962.0,1962.0
44260.0,0.22000000000000242,27,1649.0,1649.0
44265.0,2.5699999999999967,26,1451.0,1451.0
44270.0,4.020000000000001,19,1304.0,1304.0
44275.0,-0.2599999999999998,21,1340.0,1340.0
44280.0,-1.1300000000000008,27,1467.0,1467.0
44285.0,-1.1300000000000008,25,1391.0,1391.0
44290.0,0.22000000000000064,22,1389.0,1389.0
44295.0,0.019999999999999574,24,1376.0,1376.0
44300.0,0.13000000000000078,20,1255.0,1255.0
44305.0,2.92,16,943.0,943.0
44310.0,3.01,11,731.0,731.0
44315.0,0.0,16,799.0,799.0
44320.0,-0.9100000000000001,24,898.0,898.0
44325.0,-1.2899999999999991,29,1032.0,1032.0
44330.0,-1.2899999999999991,25,987.0,987.0
44335.0,1.4699999999999989,17,742.0,742.0
44340.0,1.4700000000000006,15,660.0,660.0
44345.0,0.0,21,749.0,749.0
44350.0,-1.1600000000000001,32,888.0,888.0
44355.0,-1.1600000000000001,31,1022.0,1022.0
44360.0,-1.9700000000000006,34,1185.0,1185.0
44365.0,-1.629999999999999,34,1355.0,1355.0
44370.0,-1.700000000000001,38,1541.0,1541.0
44375.0,-2.620000000000001,38,1731.0,1731.0
44380.0,-1.9099999999999966,40,1746.0,1746.0
44385.0,0.7999999999999972,34,1762.0,1762.0
44390.0,1.3500000000000014,32,1561.0,1561.0
44395.0,1.3500000000000014,30,1687.0,1687.0
44400.0,-1.240000000000002,36,1854.0,1854.0
44405.0,-1.75,40,2013.0,2013.0
44410.0,-2.039999999999999,43,2181.0,2181.0
44415.0,-2.169999999999998,45,2403.0,2403.0
44420.0,-2.169999999999998,39,2165.0,2165.0
44425.0,1.4800000000000004,33,1956.0,1956.0
44430.0,2.09,25,1635.0,1635.0
44435.0,3.2099999999999973,24,1728.0,1728.0
44440.0,-1.4499999999999993,32,1870.0,1870.0
44445.0,-1.5700000000000003,38,2048.0,2048.0
44450.0,-1.9100000000000001,43,2255.0,2255.0
44455.0,-2.169999999999998,45,2480.0,2480.0
44460.0,-2.289999999999999,47,2709.0,2709.0
44465.0,-3.270000000000003,49,2950.0,2950.0
44470.0,-2.469999999999999,51,3199.0,3199.0
44475.0,-2.469999999999999,45,3043.0,3043.0
44480.0,0.620000000000001,38,2935.0,2935.0
44485.0,1.1499999999999986,33,2883.0,2883.0
44490.0,1.3200000000000003,37,2979.0,2979.0
44495.0,-2.5599999999999987,42,3176.0,3176.0
44500.0,-2.1800000000000033,47,3407.0,3407.0
44505.0,-2.1800000000000033,39,2974.0,2974.0
44510.0,3.390000000000004,31,2441.0,2441.0
44515.0,5.329999999999998,25,2577.0,2577.0
44520.0,-1.8500000000000014,23,2695.0,2695.0
44525.0,-1.1799999999999997,30,2827.0,2827.0
44530.0,-1.4800000000000004,37,2999.0,2999.0
44535.0,-2.6799999999999997,45,3205.0,3205.0
44540.0,-2.3200000000000003,48,3440.0,3440.0
44545.0,-2.4399999999999977,51,3687.0,3687.0
44550.0,-2.4399999999999977,53,3945.0,3945.0
44555.0,-3.6199999999999974,53,4210.0,4210.0
44560.0,-2.6500000000000057,56,4484.0,4484.0
44565.0,-2.779999999999994,53,4550.0,4550.0
44570.0,0.509999999999998,47,4405.0,4405.0
44575.0,1.1700000000000017,39,4381.0,4381.0
44580.0,1.1700000000000017,32,3815.0,3815.0
44585.0,5.579999999999998,29,3295.0,3295.0
44590.0,5.199999999999996,28,3292.0,3292.0
44595.0,-0.529999999999994,29,3432.0,3432.0
44600.0,-1.4200000000000017,32,3261.0,3261.0
44605.0,4.129999999999999,29,3106.0,3106.0
44610.0,4.030000000000001,30,2453.0,2453.0
44615.0,4.030000000000001,26,2581.0,2581.0
44620.0,0.6600000000000001,33,2732.0,2732.0
44625.0,-1.5800000000000018,37,2860.0,2860.0
44630.0,-2.16,45,3071.0,3071.0
44635.0,-2.3100000000000023,51,3314.0,3314.0
44640.0,-2.6099999999999994,56,3585.0,3585.0
44645.0,-2.6099999999999994,54,3829.0,3829.0
44650.0,-3.549999999999997,55,4100.0,4100.0
44655.0,-2.710000000000001,52,4065.0,4065.0
44660.0,2.1799999999999997,42,3752.0,3752.0
44665.0,2.960000000000001,38,3365.0,3365.0
44670.0,3.229999999999997,32,3143.0,3143.0
44675.0,1.8000000000000043,37,3123.0,3123.0
44680.0,-1.8299999999999983,39,3305.0,3305.0
44685.0,-2.1000000000000014,47,3523.0,3523.0
44690.0,-2.1000000000000014,45,3587.0,3587.0
44695.0,-1.5399999999999991,38,3648.0,3648.0
44700.0,-0.3400000000000034,36,3414.0,3414.0
44705.0,5.140000000000001,31,2868.0,2868.0
44710.0,6.640000000000001,31,2405.0,2405.0
44715.0,6.640000000000001,25,2453.0,2453.0
44720.0,0.3299999999999983,25,2571.0,2571.0
44725.0,-1.1799999999999997,25,2401.0,2401.0
44730.0,3.9800000000000004,22,1861.0,1861.0
44735.0,3.8500000000000014,20,1689.0,1689.0
44740.0,0.8099999999999987,21,1728.0,1728.0
44745.0,-1.2100000000000009,29,1857.0,1857.0
44750.0,-1.2100000000000009,28,1839.0,1839.0
44755.0,0.13000000000000256,26,1735.0,1735.0
44760.0,0.5499999999999972,24,1596.0,1596.0
44765.0,3.360000000000001,21,1247.0,1247.0
44770.0,3.130000000000001,16,1046.0,1046.0
44775.0,3.130000000000001,21,1137.0,1137.0
44780.0,-0.2599999999999998,26,1256.0,1256.0
44785.0,-1.1900000000000013,33,1331.0,1331.0
44790.0,-1.42,38,1508.0,1508.0
44795.0,-1.8599999999999994,36,1491.0,1491.0
44800.0,1.4800000000000004,30,1466.0,1466.0
44805.0,1.5999999999999996,22,1235.0,1235.0
44810.0,1.5999999999999996,24,1341.0,1341.0
44815.0,-0.9000000000000004,33,1486.0,1486.0
44820.0,-1.5500000000000007,39,1667.0,1667.0
44825.0,-2.599999999999998,41,1863.0,1863.0
44830.0,-2.0500000000000007,43,2070.0,2070.0
44835.0,-2.0500000000000007,45,2290.0,2290.0
44840.0,-3.039999999999999,47,2520.0,2520.0
44845.0,-2.3000000000000007,48,2757.0,2757.0
44850.0,-3.3500000000000014,51,3006.0,3006.0
44855.0,-2.5299999999999976,49,2989.0,2989.0
44860.0,1.8699999999999974,43,2964.0,2964.0
44865.0,2.530000000000001,33,2501.0,2501.0
44870.0,4.079999999999998,30,2290.0,2290.0
44875.0,4.079999999999998,29,2429.0,2429.0
44880.0,-1.9799999999999969,36,2590.0,2590.0
44885.0,-1.6900000000000013,41,2784.0,2784.0
44890.0,-2.0100000000000016,48,3016.0,3016.0
44895.0,-3.3599999999999994,53,3269.0,3269.0
44900.0,-2.6400000000000006,53,3534.0,3534.0
44905.0,-2.6400000000000006,47,3265.0,3265.0
44910.0,1.6300000000000026,38,3002.0,3002.0
44915.0,2.629999999999999,28,2812.0,2812.0
44920.0,3.66,20,2493.0,2493.0
44925.0,2.8299999999999983,25,2113.0,2113.0
44930.0,3.240000000000002,22,2081.0,2081.0
44935.0,-1.4600000000000009,32,2207.0,2207.0
44940.0,-1.7100000000000009,40,2386.0,2386.0
44945.0,-1.7100000000000009,37,2388.0,2388.0
44950.0,-0.21999999999999886,31,2325.0,2325.0
44955.0,0.120000000000001,30,2338.0,2338.0
44960.0,0.28999999999999915,32,2154.0,2154.0
44965.0,3.5599999999999987,30,1772.0,1772.0
44970.0,3.6700000000000017,25,1420.0,1420.0
44975.0,3.6700000000000017,10,1424.0,1424.0
44980.0,1.799999999999999,14,1445.0,1445.0
44985.0,-0.20999999999999908,17,1292.0,1292.0
44990.0,3.2799999999999994,17,978.0,978.0
44995.0,2.6999999999999993,12,745.0,745.0
45000.0,1.2800000000000002,14,733.0,733.0
45005.0,-0.7799999999999994,20,817.0,817.0
45010.0,-1.1700000000000008,29,943.0,943.0
45015.0,-1.1700000000000008,30,984.0,984.0
45020.0,-1.0,32,1141.0,1141.0
45025.0,-1.5899999999999999,34,1304.0,1304.0
45030.0,-2.3499999999999996,36,1479.0,1479.0
45035.0,-1.8399999999999999,39,1669.0,1669.0
45040.0,-1.959999999999999,42,1872.0,1872.0
45045.0,-1.959999999999999,32,1640.0,1640.0
45050.0,1.4800000000000004,26,1441.0,1441.0
45055.0,1.9899999999999984,21,1474.0,1474.0
45060.0,-0.7799999999999994,28,1598.0,1598.0
45065.0,-1.3899999999999988,33,1688.0,1688.0
45070.0,-1.8500000000000014,43,1886.0,1886.0
45075.0,-2.1900000000000013,45,2107.0,2107.0
45080.0,-2.289999999999999,47,2338.0,2338.0
45085.0,-2.3500000000000014,47,2573.0,2573.0
45090.0,-2.3500000000000014,43,2394.0,2394.0
45095.0,0.9100000000000001,34,2219.0,2219.0
45100.0,1.8300000000000018,27,2227.0,2227.0
45105.0,-0.6400000000000006,35,2385.0,2385.0
45110.0,-1.8599999999999994,43,2588.0,2588.0
45115.0,-1.8599999999999994,39,2475.0,2475.0
45120.0,0.2699999999999996,34,2417.0,2417.0
45125.0,0.5799999999999983,26,2205.0,2205.0
45130.0,4.110000000000003,24,1854.0,1854.0
45135.0,3.1899999999999977,22,1562.0,1562.0
45140.0,1.370000000000001,11,1535.0,1535.0
45145.0,0.11999999999999922,17,1544.0,1544.0
45150.0,0.11999999999999922,18,1197.0,1197.0
45155.0,3.210000000000001,20,940.0,940.0
45160.0,2.5600000000000005,13,922.0,922.0
45165.0,0.3099999999999987,20,969.0,969.0
45170.0,-1.0399999999999991,26,1084.0,1084.0
45175.0,-1.3200000000000003,34,1234.0,1234.0
45180.0,-1.7799999999999994,37,1418.0,1418.0
45185.0,-1.9400000000000013,41,1620.0,1620.0
45190.0,-1.9400000000000013,31,1429.0,1429.0
45195.0,1.0900000000000016,26,1271.0,1271.0
45200.0,1.5799999999999983,24,1389.0,1389.0
45205.0,-1.6899999999999995,31,1529.0,1529.0
45210.0,-1.549999999999999,38,1703.0,1703.0
45215.0,-1.8900000000000006,41,1750.0,1750.0
45220.0,0.3099999999999987,34,1722.0,1722.0
45225.0,1.1000000000000014,26,1613.0,1613.0
45230.0,1.1000000000000014,28,1741.0,1741.0
45235.0,-1.2699999999999996,33,1897.0,1897.0
45240.0,-1.620000000000001,42,2088.0,2088.0
45245.0,-1.9899999999999984,48,2315.0,2315.0
45250.0,-2.3200000000000003,48,2555.0,2555.0
45255.0,-2.41,48,2503.0,2503.0
45260.0,1.25,46,2548.0,2548.0
45265.0,-2.09,50,2787.0,2787.0
45270.0,-2.490000000000002,50,3037.0,3037.0
45275.0,-2.509999999999998,54,3293.0,3293.0
45280.0,-2.509999999999998,54,3563.0,3563.0
45285.0,-3.7500000000000036,56,3842.0,3842.0
45290.0,-2.789999999999999,52,3827.0,3827.0
45295.0,1.8299999999999983,44,3555.0,3555.0
45300.0,2.510000000000005,38,3417.0,3417.0
45305.0,-1.5799999999999983,36,3602.0,3602.0
45310.0,-1.8600000000000065,40,3792.0,3792.0
45315.0,-2.2099999999999937,49,4022.0,4022.0
45320.0,-2.5700000000000003,60,4290.0,4290.0
45325.0,-3.0800000000000054,65,4603.0,4603.0
45330.0,-3.0800000000000054,58,4315.0,4315.0
45335.0,1.6700000000000017,51,4065.0,4065.0
45340.0,2.5500000000000043,44,4195.0,4195.0
45345.0,-2.1300000000000026,44,4417.0,4417.0
45350.0,-2.230000000000004,48,4646.0,4646.0
45355.0,-2.230000000000004,47,4269.0,4269.0
45360.0,2.8300000000000054,48,3958.0,3958.0
45365.0,3.1099999999999994,41,4038.0,4038.0
45370.0,-1.5399999999999991,41,4234.0,4234.0
45375.0,-2.0700000000000003,47,4165.0,4165.0
45380.0,2.5,43,3989.0,3989.0
45385.0,4.329999999999998,42,3576.0,3576.0
45390.0,4.329999999999998,41,3781.0,3781.0
45395.0,-1.8599999999999994,44,3990.0,3990.0
45400.0,-2.1300000000000026,45,3981.0,3981.0
45405.0,1.4600000000000009,43,3776.0,3776.0
45410.0,1.5799999999999983,44,3818.0,3818.0
45415.0,1.5799999999999983,39,3792.0,3792.0
45420.0,-0.6099999999999994,47,4010.0,4010.0
45425.0,-2.1799999999999997,47,4067.0,4067.0
45430.0,0.12000000000000455,49,4003.0,4003.0
45435.0,0.20999999999999375,41,3901.0,3901.0
45440.0,0.6100000000000065,40,3637.0,3637.0
45445.0,5.049999999999997,36,3447.0,3447.0
45450.0,5.18,33,2926.0,2926.0
45455.0,5.18,28,2997.0,2997.0
45460.0,-1.0800000000000018,27,3108.0,3108.0
45465.0,-1.3499999999999979,30,3168.0,3168.0
45470.0,-0.4800000000000004,29,3180.0,3180.0
45475.0,-0.33000000000000185,31,3208.0,3208.0
45480.0,-0.3399999999999963,34,3300.0,3300.0
45485.0,-0.3399999999999963,35,3429.0,3429.0
45490.0,-1.7800000000000011,39,3616.0,3616.0
45495.0,-1.8699999999999974,36,3421.0,3421.0
45500.0,4.939999999999998,29,2869.0,2869.0
45505.0,5.149999999999999,25,2096.0,2096.0
45510.0,7.379999999999999,16,1847.0,1847.0
45515.0,0.2699999999999996,10,1828.0,1828.0
45520.0,0.33000000000000185,16,1813.0,1813.0
45525.0,0.33000000000000185,16,1373.0,1373.0
45530.0,4.18,15,1005.0,1005.0
45535.0,3.710000000000001,9,886.0,886.0
45540.0,1.6600000000000001,14,879.0,879.0
45545.0,-0.7300000000000004,22,969.0,969.0
45550.0,-1.1500000000000004,28,1098.0,1098.0
45555.0,-1.4299999999999997,32,1248.0,1248.0
45560.0,-1.620000000000001,33,1413.0,1413.0
45565.0,-1.67,37,1586.0,1586.0
45570.0,-1.67,36,1701.0,1701.0
45575.0,-1.870000000000001,42,1896.0,1896.0
45580.0,-1.9499999999999993,39,2087.0,2087.0
45585.0,-2.599999999999998,42,2281.0,2281.0
45590.0,-2.1300000000000026,45,2503.0,2503.0
45595.0,-3.1899999999999977,47,2735.0,2735.0
45600.0,-2.3599999999999994,49,2973.0,2973.0
45605.0,-2.3599999999999994,43,3046.0,3046.0
45610.0,-0.10000000000000142,41,2842.0,2842.0
45615.0,0.5,37,2847.0,2847.0
45620.0,0.33999999999999986,37,2857.0,2857.0
45625.0,-0.4400000000000013,39,2985.0,2985.0
45630.0,-1.2899999999999991,36,2790.0,2790.0
45635.0,4.98,28,2250.0,2250.0
45640.0,4.739999999999998,21,2095.0,2095.0
45645.0,4.739999999999998,16,2044.0,2044.0
45650.0,0.07000000000000028,19,2126.0,2126.0
45655.0,-0.8200000000000003,21,2188.0,2188.0
45660.0,-0.8299999999999983,28,2282.0,2282.0
45665.0,-1.3300000000000018,31,2324.0,2324.0
45670.0,-1.0799999999999983,33,2483.0,2483.0
45675.0,-1.7300000000000004,35,2658.0,2658.0
45680.0,-1.7300000000000004,34,2216.0,2216.0
45685.0,3.75,26,1843.0,1843.0
45690.0,3.8000000000000007,16,1679.0,1679.0
45695.0,1.6799999999999997,13,1727.0,1727.0
45700.0,-0.7100000000000009,19,1807.0,1807.0
45705.0,-0.7100000000000009,25,1899.0,1899.0
45710.0,-1.2799999999999976,35,2051.0,2051.0
45715.0,-1.5200000000000031,39,2240.0,2240.0
45720.0,-2.6799999999999997,43,2444.0,2444.0
45725.0,-2.1099999999999994,41,2358.0,2358.0
45730.0,3.1000000000000014,34,2254.0,2254.0
45735.0,3.469999999999999,27,1680.0,1680.0
45740.0,3.469999999999999,23,1794.0,1794.0
45745.0,0.5800000000000018,23,1903.0,1903.0
45750.0,-1.1300000000000026,27,1825.0,1825.0
45755.0,2.120000000000001,31,1608.0,1608.0
45760.0,2.3599999999999994,29,1473.0,1473.0
45765.0,2.3599999999999994,25,1562.0,1562.0
45770.0,-0.8199999999999985,34,1714.0,1714.0
45775.0,-1.5200000000000014,38,1848.0,1848.0
45780.0,-2.1499999999999986,43,2058.0,2058.0
45785.0,-2.150000000000002,45,2279.0,2279.0
45790.0,-2.3099999999999987,49,2350.0,2350.0
45795.0,-0.019999999999999574,41,2349.0,2349.0
45800.0,1.0300000000000011,34,2308.0,2308.0
45805.0,1.0300000000000011,32,2404.0,2404.0
45810.0,-1.6400000000000006,39,2588.0,2588.0
45815.0,-1.9000000000000021,47,2806.0,2806.0
45820.0,-2.259999999999998,50,3051.0,3051.0
45825.0,-2.4800000000000004,49,3168.0,3168.0
45830.0,-0.9699999999999989,42,3196.0,3196.0
45835.0,-0.32000000000000384,38,3268.0,3268.0
45840.0,-0.32000000000000384,41,3458.0,3458.0
45845.0,-2.269999999999996,49,3690.0,3690.0
45850.0,-2.3200000000000003,51,3895.0,3895.0
45855.0,-3.0700000000000003,52,4151.0,4151.0
45860.0,-2.5900000000000034,54,4038.0,4038.0
45865.0,3.8100000000000023,45,3920.0,3920.0
45870.0,4.609999999999999,39,3298.0,3298.0
45875.0,4.609999999999999,29,3407.0,3407.0
45880.0,-0.21000000000000085,30,3553.0,3553.0
45885.0,-1.4699999999999989,31,3386.0,3386.0
45890.0,4.120000000000001,29,2944.0,2944.0
45895.0,4.039999999999999,30,2826.0,2826.0
45900.0,4.039999999999999,30,2971.0,2971.0
45905.0,-2.0500000000000007,36,3134.0,3134.0
45910.0,-1.629999999999999,41,3302.0,3302.0
45915.0,-2.5400000000000027,49,3529.0,3529.0
45920.0,-2.4099999999999966,49,3480.0,3480.0
45925.0,2.4200000000000017,42,3429.0,3429.0
45930.0,2.9599999999999973,37,3016.0,3016.0
45935.0,3.1700000000000017,33,2710.0,2710.0
45940.0,3.1700000000000017,31,2844.0,2844.0
45945.0,-0.9700000000000024,36,3011.0,3011.0
45950.0,-1.8000000000000007,41,3037.0,3037.0
45955.0,0.5400000000000027,36,2928.0,2928.0
45960.0,0.6099999999999994,33,2979.0,2979.0
45965.0,0.6099999999999994,27,2498.0,2498.0
45970.0,4.379999999999999,28,2083.0,2083.0
45975.0,4.150000000000002,25,2078.0,2078.0
45980.0,-0.3500000000000014,25,2192.0,2192.0
45985.0,-1.2600000000000016,30,2242.0,2242.0
45990.0,-0.34999999999999787,26,2280.0,2280.0
45995.0,-0.120000000000001,29,2302.0,2302.0
46000.0,-0.4800000000000004,32,2371.0,2371.0
46005.0,-0.4800000000000004,30,2080.0,2080.0
46010.0,3.7300000000000004,26,1544.0,1544.0
46015.0,3.9700000000000006,16,1435.0,1435.0
46020.0,0.879999999999999,16,1512.0,1512.0
46025.0,-0.9000000000000004,23,1617.0,1617.0
46030.0,-0.9000000000000004,29,1650.0,1650.0
46035.0,-0.7899999999999991,35,1810.0,1810.0
46040.0,-1.6000000000000014,41,2005.0,2005.0
46045.0,-1.9499999999999993,41,2201.0,2201.0
46050.0,-2.8000000000000007,43,2414.0,2414.0
46055.0,-2.1499999999999986,45,2634.0,2634.0
46060.0,-2.2699999999999996,45,2558.0,2558.0
46065.0,2.9800000000000004,37,2466.0,2466.0
46070.0,3.2699999999999996,30,2018.0,2018.0
46075.0,3.2699999999999996,19,1841.0,1841.0
46080.0,2.41,15,1697.0,1697.0
46085.0,1.870000000000001,16,1722.0,1722.0
46090.0,-0.9700000000000024,31,1829.0,1829.0
46095.0,-1.6099999999999994,40,2011.0,2011.0
46100.0,-2.0199999999999996,43,2220.0,2220.0
46105.0,-2.1700000000000017,45,2441.0,2441.0
46110.0,-2.1700000000000017,38,2408.0,2408.0
46115.0,-0.5699999999999967,37,2424.0,2424.0
46120.0,-0.16000000000000014,38,2601.0,2601.0
46125.0,-2.460000000000001,45,2796.0,2796.0
46130.0,-2.1799999999999997,45,2705.0,2705.0
46135.0,3.1099999999999994,37,2614.0,2614.0
46140.0,3.460000000000001,31,2262.0,2262.0
46145.0,3.460000000000001,20,2190.0,2190.0
46150.0,0.21999999999999886,16,2143.0,2143.0
46155.0,0.4800000000000004,20,1990.0,1990.0
46160.0,3.4899999999999984,22,1633.0,1633.0
46165.0,3.110000000000001,24,1455.0,1455.0
46170.0,3.110000000000001,19,1481.0,1481.0
46175.0,0.1999999999999993,25,1593.0,1593.0
46180.0,-1.1199999999999992,32,1741.0,1741.0
46185.0,-1.4800000000000004,40,1790.0,1790.0
46190.0,-1.2800000000000011,45,2003.0,2003.0
46195.0,-2.25,46,2232.0,2232.0
46200.0,-2.299999999999997,47,2436.0,2436.0
46205.0,-3.0400000000000027,48,2676.0,2676.0
46210.0,-2.3999999999999986,50,2918.0,2918.0
46215.0,-2.5700000000000003,52,3177.0,3177.0
46220.0,-2.5700000000000003,47,2868.0,2868.0
46225.0,2.1099999999999994,42,2625.0,2625.0
46230.0,2.4800000000000004,32,2688.0,2688.0
46235.0,-1.0799999999999983,32,2838.0,2838.0
46240.0,-1.6800000000000033,39,3018.0,3018.0
46245.0,-2.0,46,3231.0,3231.0
46250.0,-2.3599999999999994,55,3485.0,3485.0
46255.0,-2.75,59,3769.0,3769.0
46260.0,-2.969999999999999,63,4075.0,4075.0
46265.0,-2.969999999999999,53,3846.0,3846.0
46270.0,1.0399999999999991,48,3663.0,3663.0
46275.0,1.8299999999999983,40,3794.0,3794.0
46280.0,-2.1299999999999955,44,4006.0,4006.0
46285.0,-2.240000000000002,49,4060.0,4060.0
46290.0,0.22999999999999687,46,4037.0,4037.0
46295.0,0.7900000000000063,46,3967.0,3967.0
46300.0,0.7900000000000063,41,4155.0,4155.0
46305.0,-1.990000000000002,47,4377.0,4377.0
46310.0,-2.289999999999999,51,4271.0,4271.0
46315.0,3.539999999999999,46,3840.0,3840.0
46320.0,4.259999999999998,37,3722.0,3722.0
46325.0,4.259999999999998,35,3903.0,3903.0
46330.0,-2.5700000000000003,37,4086.0,4086.0
46335.0,-1.8299999999999983,44,4290.0,4290.0
46340.0,-2.039999999999999,50,4527.0,4527.0
46345.0,-2.3700000000000045,59,4805.0,4805.0
46350.0,-2.779999999999994,63,5115.0,5115.0
46355.0,-3.1000000000000014,66,5438.0,5438.0
46360.0,-3.230000000000004,68,5772.0,5772.0
46365.0,-3.3399999999999963,68,6112.0,6112.0
46370.0,-3.3999999999999986,66,6057.0,6057.0
46375.0,3.019999999999996,56,5624.0,5624.0
46380.0,4.259999999999998,51,5359.0,5359.0
46385.0,-1.6799999999999997,47,5599.0,5599.0
46390.0,-2.299999999999997,49,5831.0,5831.0
46395.0,-2.299999999999997,47,5412.0,5412.0
46400.0,3.210000000000001,48,5076.0,5076.0
46405.0,3.3500000000000014,49,4912.0,4912.0
46410.0,2.3599999999999994,47,4965.0,4965.0
46415.0,-2.25,55,5223.0,5223.0
46420.0,-2.25,51,4955.0,4955.0
46425.0,1.6000000000000014,49,4762.0,4762.0
46430.0,1.9299999999999997,42,4523.0,4523.0
46435.0,2.3900000000000006,41,4660.0,4660.0
46440.0,-1.5500000000000043,45,4807.0,4807.0
46445.0,-2.1999999999999957,48,4625.0,4625.0
46450.0,4.869999999999997,42,4453.0,4453.0
46455.0,5.299999999999997,33,3914.0,3914.0
46460.0,5.299999999999997,23,3863.0,3863.0
46465.0,0.5500000000000043,11,3735.0,3735.0
46470.0,0.7899999999999991,17,3713.0,3713.0
46475.0,0.509999999999998,27,3788.0,3788.0
46480.0,-1.8599999999999994,38,3955.0,3955.0
46485.0,-1.9600000000000009,43,4163.0,4163.0
46490.0,-1.9600000000000009,34,3570.0,3570.0
46495.0,5.079999999999998,27,3018.0,3018.0
46500.0,5.520000000000003,24,2802.0,2802.0
46505.0,1.7199999999999989,20,2906.0,2906.0
46510.0,-1.0599999999999987,26,2683.0,2683.0
46515.0,5.050000000000001,23,2470.0,2470.0
46520.0,4.869999999999997,24,1850.0,1850.0
46525.0,4.869999999999997,22,1963.0,1963.0
46530.0,-0.25,29,2091.0,2091.0
46535.0,-1.3599999999999994,35,2253.0,2253.0
46540.0,-1.6899999999999977,44,2455.0,2455.0
46545.0,-2.09,47,2685.0,2685.0
46550.0,-2.330000000000002,47,2772.0,2772.0
46555.0,-1.6699999999999982,47,2993.0,2993.0
46560.0,-2.3500000000000014,51,3234.0,3234.0
46565.0,-2.3500000000000014,41,2823.0,2823.0
46570.0,3.1099999999999994,35,2355.0,2355.0
46575.0,4.68,28,2382.0,2382.0
46580.0,-0.879999999999999,35,2545.0,2545.0
46585.0,-1.7600000000000016,41,2492.0,2492.0
46590.0,2.0600000000000023,39,2343.0,2343.0
46595.0,2.539999999999999,31,1995.0,1995.0
46600.0,3.8999999999999986,25,1794.0,1794.0
46605.0,3.8999999999999986,25,1914.0,1914.0
46610.0,-1.6999999999999993,33,2060.0,2060.0
46615.0,-1.5500000000000007,37,2076.0,2076.0
46620.0,0.46000000000000085,38,1999.0,1999.0
46625.0,0.5100000000000016,33,2063.0,2063.0
46630.0,0.5100000000000016,37,2224.0,2224.0
46635.0,-2.2699999999999996,44,2432.0,2432.0
46640.0,-2.080000000000002,43,2359.0,2359.0
46645.0,2.3099999999999987,37,2099.0,2099.0
46650.0,2.3200000000000003,27,1832.0,1832.0
46655.0,1.5700000000000003,21,1833.0,1833.0
46660.0,0.7900000000000027,19,1724.0,1724.0
46665.0,0.7900000000000027,21,1688.0,1688.0
46670.0,0.6699999999999982,34,1739.0,1739.0
46675.0,-1.0899999999999999,36,1695.0,1695.0
46680.0,2.0199999999999996,28,1424.0,1424.0
46685.0,2.58,23,1193.0,1193.0
46690.0,2.58,21,1297.0,1297.0
46695.0,0.17999999999999972,30,1430.0,1430.0
46700.0,-1.33,37,1599.0,1599.0
46705.0,-1.6899999999999995,43,1804.0,1804.0
46710.0,-2.049999999999999,39,1873.0,1873.0
46715.0,-0.060000000000002274,31,1780.0,1780.0
46720.0,0.870000000000001,26,1606.0,1606.0
46725.0,1.4100000000000001,28,1663.0,1663.0
46730.0,-1.8999999999999986,32,1804.0,1804.0
46735.0,-1.7699999999999996,39,1988.0,1988.0
46740.0,-1.7699999999999996,35,2008.0,2008.0
46745.0,-0.9200000000000017,30,2066.0,2066.0
46750.0,-0.3999999999999986,31,2177.0,2177.0
46755.0,-1.2800000000000011,32,2337.0,2337.0
46760.0,-2.3099999999999987,37,2514.0,2514.0
46765.0,-1.8800000000000026,39,2706.0,2706.0
46770.0,-1.8800000000000026,36,2707.0,2707.0
46775.0,-0.7899999999999991,39,2897.0,2897.0
46780.0,-1.8999999999999986,40,3094.0,3094.0
46785.0,-2.780000000000001,42,3299.0,3299.0
46790.0,-2.0900000000000034,45,3518.0,3518.0
46795.0,-3.1499999999999986,46,3745.0,3745.0
46800.0,-2.469999999999999,52,3998.0,3998.0
46805.0,-2.469999999999999,48,4217.0,4217.0
46810.0,-3.1899999999999977,50,4463.0,4463.0
46815.0,-2.480000000000004,47,4308.0,4308.0
46820.0,4.560000000000002,39,3772.0,3772.0
46825.0,5.229999999999997,31,3275.0,3275.0
46830.0,5.229999999999997,27,3416.0,3416.0
46835.0,1.1800000000000068,28,3552.0,3552.0
46840.0,-1.3600000000000065,30,3547.0,3547.0
46845.0,0.9299999999999997,27,3416.0,3416.0
46850.0,1.0200000000000031,31,3275.0,3275.0
46855.0,0.8200000000000003,30,3017.0,3017.0
46860.0,4.809999999999999,27,2503.0,2503.0
46865.0,4.960000000000001,22,2025.0,2025.0
46870.0,4.960000000000001,19,2051.0,2051.0
46875.0,2.25,24,2162.0,2162.0
46880.0,-1.129999999999999,25,2268.0,2268.0
46885.0,-1.4699999999999989,33,2398.0,2398.0
46890.0,-1.740000000000002,40,2586.0,2586.0
46895.0,-1.740000000000002,32,2143.0,2143.0
46900.0,3.6400000000000006,25,1737.0,1737.0
46905.0,4.059999999999999,20,1713.0,1713.0
46910.0,-0.2099999999999973,28,1839.0,1839.0
46915.0,-1.4300000000000033,36,2003.0,2003.0
46920.0,-1.7699999999999996,44,2203.0,2203.0
46925.0,-2.169999999999998,44,2390.0,2390.0
46930.0,-2.7300000000000004,46,2614.0,2614.0
46935.0,-2.3500000000000014,48,2851.0,2851.0
46940.0,-2.3500000000000014,46,2668.0,2668.0
46945.0,2.3100000000000023,38,2272.0,2272.0
46950.0,2.629999999999999,26,2254.0,2254.0
46955.0,-0.129999999999999,33,2387.0,2387.0
46960.0,-1.6900000000000013,40,2571.0,2571.0
46965.0,-2.0700000000000003,47,2791.0,2791.0
46970.0,-2.379999999999999,51,3037.0,3037.0
46975.0,-2.379999999999999,54,3301.0,3301.0
46980.0,-3.6499999999999986,59,3586.0,3586.0
46985.0,-2.8500000000000014,60,3886.0,3886.0
46990.0,-3.0,58,4156.0,4156.0
46995.0,-3.6199999999999974,61,4427.0,4427.0
47000.0,-3.030000000000001,60,4404.0,4404.0
47005.0,2.3999999999999986,51,4362.0,4362.0
47010.0,3.3100000000000023,44,3750.0,3750.0
47015.0,5.559999999999995,42,3466.0,3466.0
47020.0,3.3000000000000007,33,3025.0,3025.0
47025.0,2.66,33,2724.0,2724.0
47030.0,1.9100000000000001,35,2672.0,2672.0
47035.0,1.9100000000000001,30,2286.0,2286.0
47040.0,3.210000000000001,28,1946.0,1946.0
47045.0,3.4299999999999997,20,1854.0,1854.0
47050.0,1.5700000000000003,16,1775.0,1775.0
47055.0,0.4200000000000017,22,1817.0,1817.0
47060.0,0.4200000000000017,25,1749.0,1749.0
47065.0,0.25,33,1851.0,1851.0
47070.0,-1.0200000000000031,36,1990.0,1990.0
47075.0,-2.1099999999999994,37,2171.0,2171.0
47080.0,-1.879999999999999,38,2309.0,2309.0
47085.0,-1.3999999999999986,32,2422.0,2422.0
47090.0,-0.9700000000000024,36,2523.0,2523.0
47095.0,-0.9700000000000024,32,2101.0,2101.0
47100.0,3.5600000000000023,26,1717.0,1717.0
47105.0,3.889999999999997,15,1653.0,1653.0
47110.0,0.8300000000000018,16,1692.0,1692.0
47115.0,-0.8500000000000014,20,1783.0,1783.0
47120.0,-0.8500000000000014,23,1786.0,1786.0
47125.0,-0.41999999999999815,33,1871.0,1871.0
47130.0,-0.8500000000000014,35,2038.0,2038.0
47135.0,-1.6699999999999982,37,2217.0,2217.0
47140.0,-1.7900000000000027,33,2352.0,2352.0
47145.0,-1.6699999999999982,35,2489.0,2489.0
47150.0,-1.7800000000000011,35,2351.0,2351.0
47155.0,3.8599999999999994,29,2205.0,2205.0
47160.0,3.9700000000000024,26,1570.0,1570.0
47165.0,3.9700000000000024,12,1606.0,1606.0
47170.0,1.7300000000000004,13,1650.0,1650.0
47175.0,-0.5899999999999999,15,1689.0,1689.0
47180.0,-0.4200000000000017,22,1749.0,1749.0
47185.0,-1.1799999999999997,31,1885.0,1885.0
47190.0,-1.5700000000000003,34,2050.0,2050.0
47195.0,-1.5700000000000003,33,1712.0,1712.0
47200.0,2.6999999999999993,26,1426.0,1426.0
47205.0,2.860000000000001,16,1386.0,1386.0
47210.0,0.33999999999999986,16,1430.0,1430.0
47215.0,-0.7200000000000006,19,1478.0,1478.0
47220.0,-0.5899999999999999,26,1549.0,1549.0
47225.0,-1.4100000000000001,31,1695.0,1695.0
47230.0,-1.5899999999999999,32,1855.0,1855.0
47235.0,-1.5899999999999999,32,1999.0,1999.0
47240.0,-2.0599999999999987,32,2157.0,2157.0
47245.0,-1.6000000000000014,34,2321.0,2321.0
47250.0,-2.3599999999999994,35,2495.0,2495.0
47255.0,-1.75,38,2676.0,2676.0
47260.0,-1.9299999999999997,39,2871.0,2871.0
47265.0,-1.9299999999999997,39,2629.0,2629.0
47270.0,1.6400000000000006,41,2832.0,2832.0
47275.0,-2.030000000000001,37,2987.0,2987.0
47280.0,-1.9800000000000004,37,3126.0,3126.0
47285.0,-1.6699999999999982,35,3266.0,3266.0
47290.0,-2.1099999999999994,37,3445.0,3445.0
47295.0,-1.8599999999999994,39,3633.0,3633.0
47300.0,-1.8599999999999994,34,3086.0,3086.0
47305.0,4.7499999999999964,26,2607.0,2607.0
47310.0,4.860000000000003,15,2399.0,2399.0
47315.0,2.099999999999998,13,2449.0,2449.0
47320.0,-0.6799999999999997,19,2526.0,2526.0
47325.0,-0.6799999999999997,16,2035.0,2035.0
47330.0,4.559999999999999,14,1624.0,1624.0
47335.0,4.110000000000003,14,1058.0,1058.0
47340.0,5.659999999999998,14,1122.0,1122.0
47345.0,-0.9499999999999993,22,1214.0,1214.0
47350.0,-1.1000000000000014,27,1232.0,1232.0
47355.0,0.28000000000000114,23,1258.0,1258.0
47360.0,0.21999999999999886,22,1235.0,1235.0
47365.0,0.21999999999999886,19,902.0,902.0
47370.0,2.92,16,637.0,637.0
47375.0,3.370000000000001,12,553.0,553.0
47380.0,-0.04999999999999982,18,625.0,625.0
47385.0,-1.0,26,740.0,740.0
47390.0,-1.3500000000000005,28,880.0,880.0
47395.0,-1.4499999999999993,32,1032.0,1032.0
47400.0,-1.4499999999999993,22,970.0,970.0
47405.0,-0.009999999999999787,20,942.0,942.0
47410.0,0.27999999999999936,25,911.0,911.0
47415.0,-0.1899999999999995,33,1053.0,1053.0
47420.0,-1.6000000000000014,32,1148.0,1148.0
47425.0,-0.8199999999999985,25,1228.0,1228.0
47430.0,-0.7800000000000011,26,1290.0,1290.0
47435.0,-1.1199999999999992,26,1419.0,1419.0
47440.0,-1.1199999999999992,26,1459.0,1459.0
47445.0,-0.620000000000001,26,1559.0,1559.0
47450.0,-1.299999999999999,30,1698.0,1698.0
47455.0,-1.4300000000000015,26,1574.0,1574.0
47460.0,3.2500000000000018,20,1251.0,1251.0
47465.0,3.7699999999999996,12,959.0,959.0
47470.0,3.7699999999999996,10,1005.0,1005.0
47475.0,0.20999999999999908,18,1080.0,1080.0
47480.0,-0.75,29,1197.0,1197.0
47485.0,-1.17,28,1147.0,1147.0
47490.0,1.7200000000000006,21,926.0,926.0
47495.0,2.0700000000000003,15,802.0,802.0
47500.0,-0.5600000000000005,21,895.0,895.0
47505.0,-1.1600000000000001,28,1018.0,1018.0
47510.0,-1.549999999999999,34,1179.0,1179.0
47515.0,-1.7300000000000004,35,1353.0,1353.0
47520.0,-1.8200000000000003,37,1537.0,1537.0
47525.0,-1.8999999999999986,39,1729.0,1729.0
47530.0,-1.8999999999999986,39,1827.0,1827.0
47535.0,-1.7600000000000016,41,2027.0,2027.0
47540.0,-2.039999999999999,39,2038.0,2038.0
47545.0,1.0199999999999996,32,1886.0,1886.0
47550.0,1.2399999999999984,26,1896.0,1896.0
47555.0,1.2399999999999984,34,2047.0,2047.0
47560.0,-2.0299999999999976,41,2239.0,2239.0
47565.0,-1.9200000000000017,44,2425.0,2425.0
47570.0,-2.5199999999999996,46,2627.0,2627.0
47575.0,-2.3000000000000007,47,2592.0,2592.0
47580.0,2.150000000000002,37,2424.0,2424.0
47585.0,3.789999999999999,32,2159.0,2159.0
47590.0,3.789999999999999,29,2306.0,2306.0
47595.0,-2.09,35,2467.0,2467.0
47600.0,-1.6700000000000017,38,2632.0,2632.0
47605.0,-2.2799999999999976,46,2820.0,2820.0
47610.0,-2.34,52,3068.0,3068.0
47615.0,-2.34,42,2862.0,2862.0
47620.0,1.0299999999999976,37,2681.0,2681.0
47625.0,1.8100000000000023,33,2677.0,2677.0
47630.0,-0.6700000000000017,40,2864.0,2864.0
47635.0,-1.9899999999999984,44,3053.0,3053.0
47640.0,-2.990000000000002,51,3297.0,3297.0
47645.0,-2.6300000000000026,54,3563.0,3563.0
47650.0,-2.6300000000000026,56,3843.0,3843.0
47655.0,-3.8999999999999986,59,4129.0,4129.0
47660.0,-2.8999999999999986,60,4429.0,4429.0
47665.0,-4.219999999999999,63,4737.0,4737.0
47670.0,-3.1799999999999997,64,5057.0,5057.0
47675.0,-3.1799999999999997,54,4884.0,4884.0
47680.0,0.44999999999999574,47,4741.0,4741.0
47685.0,1.4300000000000068,36,4482.0,4482.0
47690.0,5.559999999999995,31,3939.0,3939.0
47695.0,5.1200000000000045,32,3609.0,3609.0
47700.0,-0.740000000000002,35,3782.0,3782.0
47705.0,-1.8400000000000034,39,3970.0,3970.0
47710.0,-1.8400000000000034,38,3545.0,3545.0
47715.0,3.490000000000002,38,3187.0,3187.0
47720.0,3.5700000000000003,34,3245.0,3245.0
47725.0,-1.2100000000000009,38,3421.0,3421.0
47730.0,-1.9299999999999997,44,3625.0,3625.0
47735.0,-1.9299999999999997,46,3678.0,3678.0
47740.0,-1.3900000000000006,53,3892.0,3892.0
47745.0,-2.1400000000000006,50,3872.0,3872.0
47750.0,1.8100000000000023,41,3606.0,3606.0
47755.0,2.3800000000000026,33,3281.0,3281.0
47760.0,3.609999999999996,27,3005.0,3005.0
47765.0,3.9200000000000017,23,2617.0,2617.0
47770.0,3.9200000000000017,27,2710.0,2710.0
47775.0,-0.17999999999999972,36,2865.0,2865.0
47780.0,-1.6400000000000006,38,2812.0,2812.0
47785.0,2.0199999999999996,37,2562.0,2562.0
47790.0,3.120000000000001,33,2383.0,2383.0
47795.0,3.120000000000001,21,1966.0,1966.0
47800.0,4.219999999999999,18,1600.0,1600.0
47805.0,3.66,20,1596.0,1596.0
47810.0,-0.4200000000000017,28,1725.0,1725.0
47815.0,-1.4799999999999969,37,1898.0,1898.0
47820.0,-1.870000000000001,45,2107.0,2107.0
47825.0,-2.25,48,2137.0,2137.0
47830.0,0.8099999999999987,38,2082.0,2082.0
47835.0,2.09,33,1945.0,1945.0
47840.0,2.09,32,2098.0,2098.0
47845.0,-2.1999999999999993,41,2289.0,2289.0
47850.0,-1.9899999999999984,47,2512.0,2512.0
47855.0,-2.3000000000000007,53,2768.0,2768.0
47860.0,-2.6099999999999994,55,3041.0,3041.0
47865.0,-2.740000000000002,57,3323.0,3323.0
47870.0,-2.8399999999999963,59,3613.0,3613.0
47875.0,-2.9299999999999997,61,3916.0,3916.0
47880.0,-3.0400000000000063,62,4222.0,4222.0
47885.0,-3.0899999999999963,65,4545.0,4545.0
47890.0,-3.240000000000002,65,4870.0,4870.0
47895.0,-3.259999999999998,68,5206.0,5206.0
47900.0,-3.3800000000000026,65,5206.0,5206.0
47905.0,2.039999999999999,57,4906.0,4906.0
47910.0,2.6700000000000017,50,4652.0,4652.0
47915.0,3.539999999999999,48,4441.0,4441.0
47920.0,3.539999999999999,40,4631.0,4631.0
47925.0,-1.8200000000000003,46,4853.0,4853.0
47930.0,-2.219999999999999,54,5112.0,5112.0
47935.0,-2.5899999999999963,61,5405.0,5405.0
47940.0,-2.9299999999999997,67,5734.0,5734.0
47945.0,-3.2900000000000063,68,6070.0,6070.0
47950.0,-3.3599999999999994,70,6415.0,6415.0
47955.0,-3.450000000000003,64,6476.0,6476.0
47960.0,0.7500000000000071,57,6131.0,6131.0
47965.0,2.1799999999999997,50,6043.0,6043.0
47970.0,-1.1700000000000017,47,6286.0,6286.0
47975.0,-2.530000000000001,54,6546.0,6546.0
47980.0,-2.819999999999993,61,6835.0,6835.0
47985.0,-3.200000000000003,68,7162.0,7162.0
47990.0,-3.200000000000003,64,6885.0,6885.0
47995.0,3.6400000000000006,55,6205.0,6205.0
48000.0,4.719999999999999,50,6463.0,6463.0
48005.0,-3.510000000000005,47,6703.0,6703.0
48010.0,-2.3999999999999915,52,6952.0,6952.0
48015.0,-2.6700000000000017,59,7232.0,7232.0
48020.0,-3.030000000000001,67,7553.0,7553.0
48025.0,-3.4399999999999977,72,7907.0,7907.0
48030.0,-3.4399999999999977,66,7354.0,7354.0
48035.0,4.089999999999989,68,7359.0,7359.0
48040.0,-0.04999999999999716,64,7263.0,7263.0
48045.0,3.8800000000000097,57,6752.0,6752.0
48050.0,4.9199999999999875,47,5868.0,5868.0
48055.0,8.140000000000008,36,5540.0,5540.0
48060.0,4.949999999999996,34,4898.0,4898.0
48065.0,6.980000000000004,31,4503.0,4503.0
48070.0,6.980000000000004,28,4613.0,4613.0
48075.0,-1.6200000000000045,41,4783.0,4783.0
48080.0,-1.9099999999999966,43,4769.0,4769.0
48085.0,1.4399999999999977,41,4567.0,4567.0
48090.0,2.5,39,4341.0,4341.0
48095.0,2.0500000000000043,40,4242.0,4242.0
48100.0,2.0500000000000043,33,3568.0,3568.0
48105.0,6.579999999999998,31,2948.0,2948.0
48110.0,6.199999999999999,25,2693.0,2693.0
48115.0,2.4400000000000013,23,2773.0,2773.0
48120.0,-1.1999999999999993,28,2746.0,2746.0
48125.0,1.139999999999997,26,2615.0,2615.0
48130.0,1.490000000000002,32,2593.0,2593.0
48135.0,1.490000000000002,36,2742.0,2742.0
48140.0,-2.1900000000000013,42,2939.0,2939.0
48145.0,-2.0299999999999976,41,3102.0,3102.0
48150.0,-1.8900000000000006,36,3212.0,3212.0
48155.0,-1.3000000000000043,38,3378.0,3378.0
48160.0,-1.3000000000000043,33,2727.0,2727.0
48165.0,5.7500000000000036,28,2141.0,2141.0
48170.0,5.859999999999999,20,1924.0,1924.0
48175.0,1.8500000000000014,19,2012.0,2012.0
48180.0,-0.9400000000000013,23,1878.0,1878.0
48185.0,3.0100000000000016,20,1769.0,1769.0
48190.0,2.6899999999999977,18,1416.0,1416.0
48195.0,2.6899999999999977,18,1506.0,1506.0
48200.0,-0.46999999999999886,28,1629.0,1629.0
48205.0,-1.3000000000000007,31,1479.0,1479.0
48210.0,2.370000000000001,36,1473.0,1473.0
48215.0,-1.67,39,1664.0,1664.0
48220.0,-1.67,32,1460.0,1460.0
48225.0,1.2699999999999996,22,1236.0,1236.0
48230.0,2.24,14,1116.0,1116.0
48235.0,2.389999999999999,12,900.0,900.0
48240.0,1.8000000000000007,14,848.0,848.0
48245.0,-0.9399999999999995,25,936.0,936.0
48250.0,-1.33,29,1073.0,1073.0
48255.0,-1.6500000000000004,36,1245.0,1245.0
48260.0,-1.6500000000000004,30,1109.0,1109.0
48265.0,0.7200000000000006,23,1022.0,1022.0
48270.0,0.9299999999999997,21,1127.0,1127.0
48275.0,-1.5999999999999996,30,1262.0,1262.0
48280.0,-1.5700000000000003,39,1437.0,1437.0
48285.0,-1.5700000000000003,38,1606.0,1606.0
48290.0,-2.4499999999999993,42,1808.0,1808.0
48295.0,-2.0199999999999996,37,1877.0,1877.0
48300.0,-0.1700000000000017,28,1799.0,1799.0
48305.0,0.75,26,1827.0,1827.0
48310.0,-1.9600000000000009,33,1979.0,1979.0
48315.0,-1.7699999999999996,39,2162.0,2162.0
48320.0,-1.7699999999999996,44,2379.0,2379.0
48325.0,-3.0,46,2601.0,2601.0
48330.0,-2.2399999999999984,48,2839.0,2839.0
48335.0,-3.3599999999999994,50,3082.0,3082.0
48340.0,-2.5,52,3337.0,3337.0
48345.0,-2.5,48,3005.0,3005.0
48350.0,2.2799999999999976,41,2719.0,2719.0
48355.0,2.8599999999999994,33,2655.0,2655.0
48360.0,0.08999999999999986,29,2799.0,2799.0
48365.0,-1.5299999999999976,36,2747.0,2747.0
48370.0,1.8699999999999974,33,2611.0,2611.0
48375.0,2.1900000000000013,33,2412.0,2412.0
48380.0,2.1900000000000013,31,2495.0,2495.0
48385.0,-0.6999999999999993,40,2677.0,2677.0
48390.0,-1.9200000000000017,42,2874.0,2874.0
48395.0,-2.7300000000000004,48,3087.0,3087.0
48400.0,-2.469999999999999,53,3344.0,3344.0
48405.0,-2.469999999999999,44,3190.0,3190.0
48410.0,0.490000000000002,37,3075.0,3075.0
48415.0,1.1499999999999986,33,2911.0,2911.0
48420.0,1.6400000000000006,38,2967.0,2967.0
48425.0,-0.5600000000000023,34,3086.0,3086.0
48430.0,-1.7699999999999996,41,3260.0,3260.0
48435.0,-2.0199999999999996,47,3483.0,3483.0
48440.0,-2.3100000000000023,46,3361.0,3361.0
48445.0,3.8700000000000045,39,3229.0,3229.0
48450.0,4.559999999999999,31,2765.0,2765.0
48455.0,4.559999999999999,32,2848.0,2848.0
48460.0,-1.4600000000000009,31,3002.0,3002.0
48465.0,-1.5299999999999976,37,3173.0,3173.0
48470.0,-1.7899999999999991,41,3337.0,3337.0
48475.0,-2.200000000000003,49,3529.0,3529.0
48480.0,-2.460000000000001,51,3780.0,3780.0
48485.0,-2.460000000000001,44,3330.0,3330.0
48490.0,3.480000000000004,43,2923.0,2923.0
48495.0,4.069999999999997,32,2960.0,2960.0
48500.0,-0.9299999999999997,32,3112.0,3112.0
48505.0,-1.6499999999999986,40,3007.0,3007.0
48510.0,2.9499999999999993,35,2921.0,2921.0
48515.0,2.91,35,2518.0,2518.0
48520.0,2.91,32,2688.0,2688.0
48525.0,-1.2699999999999996,41,2879.0,2879.0
48530.0,-1.9800000000000004,47,3097.0,3097.0
48535.0,-2.25,52,3258.0,3258.0
48540.0,-2.7200000000000024,56,3526.0,3526.0
48545.0,-2.789999999999999,57,3810.0,3810.0
48550.0,-2.789999999999999,48,3525.0,3525.0
48555.0,1.7100000000000009,41,3136.0,3136.0
48560.0,3.8900000000000006,38,2782.0,2782.0
48565.0,3.539999999999999,35,2862.0,2862.0
48570.0,-1.5199999999999996,39,3049.0,3049.0
48575.0,-1.9600000000000009,45,2964.0,2964.0
48580.0,2.5600000000000023,43,2917.0,2917.0
48585.0,2.719999999999999,37,2552.0,2552.0
48590.0,2.719999999999999,30,2607.0,2607.0
48595.0,-0.33999999999999986,37,2769.0,2769.0
48600.0,-1.7100000000000009,38,2712.0,2712.0
48605.0,2.120000000000001,37,2458.0,2458.0
48610.0,2.1899999999999977,31,2265.0,2265.0
48615.0,3.1300000000000026,28,2001.0,2001.0
48620.0,0.8200000000000003,27,1954.0,1954.0
48625.0,0.8200000000000003,31,2099.0,2099.0
48630.0,-1.1799999999999997,38,2273.0,2273.0
48635.0,-1.740000000000002,47,2490.0,2490.0
48640.0,-2.169999999999998,46,2711.0,2711.0
48645.0,-3.030000000000001,47,2932.0,2932.0
48650.0,-2.3500000000000014,48,2861.0,2861.0
48655.0,2.9200000000000017,38,2774.0,2774.0
48660.0,3.210000000000001,34,2335.0,2335.0
48665.0,3.210000000000001,20,2177.0,2177.0
48670.0,2.1999999999999993,16,2046.0,2046.0
48675.0,1.3299999999999983,16,2066.0,2066.0
48680.0,-0.5199999999999996,27,2168.0,2168.0
48685.0,-1.5399999999999991,42,2350.0,2350.0
48690.0,-2.120000000000001,46,2571.0,2571.0
48695.0,-2.120000000000001,38,2229.0,2229.0
48700.0,2.5100000000000016,32,1797.0,1797.0
48705.0,4.32,28,1938.0,1938.0
48710.0,-1.9400000000000013,30,2080.0,2080.0
48715.0,-1.5300000000000011,37,2251.0,2251.0
48720.0,-1.8599999999999994,45,2460.0,2460.0
48725.0,-2.2399999999999984,50,2702.0,2702.0
48730.0,-2.490000000000002,51,2782.0,2782.0
48735.0,0.030000000000001137,43,2843.0,2843.0
48740.0,1.0500000000000007,40,2608.0,2608.0
48745.0,1.0500000000000007,35,2774.0,2774.0
48750.0,-1.1500000000000021,42,2967.0,2967.0
48755.0,-1.9799999999999969,50,3194.0,3194.0
48760.0,-2.3800000000000026,49,3144.0,3144.0
48765.0,2.460000000000001,43,2817.0,2817.0
48770.0,3.2300000000000004,35,2749.0,2749.0
48775.0,3.2300000000000004,32,2775.0,2775.0
48780.0,-0.9800000000000004,38,2949.0,2949.0
48785.0,-1.7399999999999984,40,2889.0,2889.0
48790.0,2.219999999999999,39,2619.0,2619.0
48795.0,2.25,35,2574.0,2574.0
48800.0,-1.6099999999999994,33,2696.0,2696.0
48805.0,-1.7900000000000027,39,2881.0,2881.0
48810.0,-1.7900000000000027,40,2738.0,2738.0
48815.0,1.7300000000000004,40,2420.0,2420.0
48820.0,2.080000000000002,39,2618.0,2618.0
48825.0,-2.6900000000000013,38,2804.0,2804.0
48830.0,-1.9399999999999977,46,3013.0,3013.0
48835.0,-1.9399999999999977,42,2847.0,2847.0
48840.0,0.7699999999999996,42,2754.0,2754.0
48845.0,0.9299999999999997,32,2809.0,2809.0
48850.0,-0.6300000000000026,41,2935.0,2935.0
48855.0,-2.0799999999999983,47,2876.0,2876.0
48860.0,2.4400000000000013,44,2825.0,2825.0
48865.0,2.9399999999999977,39,2302.0,2302.0
48870.0,2.9399999999999977,24,2127.0,2127.0
48875.0,3.3900000000000006,17,1968.0,1968.0
48880.0,1.6400000000000006,17,2050.0,2050.0
48885.0,-1.2899999999999991,30,2170.0,2170.0
48890.0,-1.6099999999999994,42,2355.0,2355.0
48895.0,-1.6099999999999994,49,2498.0,2498.0
48900.0,-2.240000000000002,52,2752.0,2752.0
48905.0,-2.539999999999999,48,2728.0,2728.0
48910.0,1.9199999999999982,38,2444.0,2444.0
48915.0,3.4200000000000017,33,2217.0,2217.0
48920.0,-1.2300000000000004,31,2372.0,2372.0
48925.0,-1.7199999999999989,40,2553.0,2553.0
48930.0,-1.7199999999999989,39,2380.0,2380.0
48935.0,0.9499999999999993,37,2269.0,2269.0
48940.0,1.129999999999999,32,2184.0,2184.0
48945.0,2.080000000000002,29,2214.0,2214.0
48950.0,-2.1799999999999997,36,2386.0,2386.0
48955.0,-1.870000000000001,43,2586.0,2586.0
48960.0,-2.210000000000001,50,2823.0,2823.0
48965.0,-2.210000000000001,50,2987.0,2987.0
48970.0,-2.6400000000000006,54,3249.0,3249.0
48975.0,-2.620000000000001,49,3219.0,3219.0
48980.0,2.120000000000001,40,2896.0,2896.0
48985.0,3.1700000000000017,34,2379.0,2379.0
48990.0,4.640000000000001,25,2142.0,2142.0
48995.0,2.009999999999998,24,2079.0,2079.0
49000.0,2.080000000000002,22,1869.0,1869.0
49005.0,2.080000000000002,24,1953.0,1953.0
49010.0,-1.3200000000000003,36,2109.0,2109.0
49015.0,-1.6900000000000013,41,2273.0,2273.0
49020.0,-2.1799999999999997,49,2463.0,2463.0
49025.0,-2.4499999999999993,50,2711.0,2711.0
49030.0,-2.539999999999999,52,2969.0,2969.0
49035.0,-2.539999999999999,45,2734.0,2734.0
49040.0,1.3099999999999987,36,2514.0,2514.0
49045.0,2.1999999999999993,33,2595.0,2595.0
49050.0,-1.4800000000000004,36,2767.0,2767.0
49055.0,-1.8099999999999987,42,2964.0,2964.0
49060.0,-2.129999999999999,49,3201.0,3201.0
49065.0,-3.610000000000003,58,3475.0,3475.0
49070.0,-2.969999999999999,61,3775.0,3775.0
49075.0,-2.969999999999999,53,3527.0,3527.0
49080.0,1.3400000000000034,48,3319.0,3319.0
49085.0,2.1400000000000006,40,3127.0,3127.0
49090.0,3.8799999999999955,33,2789.0,2789.0
49095.0,2.3000000000000007,32,2622.0,2622.0
49100.0,1.5,34,2530.0,2530.0
49105.0,0.740000000000002,36,2558.0,2558.0
49110.0,-1.4500000000000028,40,2748.0,2748.0
49115.0,-2.099999999999998,47,2973.0,2973.0
49120.0,-2.099999999999998,38,2565.0,2565.0
49125.0,3.1400000000000006,31,2177.0,2177.0
49130.0,3.879999999999999,23,2254.0,2254.0
49135.0,-0.6900000000000013,27,2324.0,2324.0
49140.0,-1.3299999999999983,30,2204.0,2204.0
49145.0,2.9499999999999993,27,2001.0,2001.0
49150.0,3.0700000000000003,25,1603.0,1603.0
49155.0,3.0700000000000003,23,1686.0,1686.0
49160.0,0.6699999999999982,26,1807.0,1807.0
49165.0,-1.25,31,1792.0,1792.0
49170.0,1.0500000000000007,28,1658.0,1658.0
49175.0,1.540000000000001,28,1580.0,1580.0
49180.0,0.7300000000000004,30,1563.0,1563.0
49185.0,0.7300000000000004,24,1258.0,1258.0
49190.0,2.4499999999999993,24,1005.0,1005.0
49195.0,2.5299999999999994,11,928.0,928.0
49200.0,1.1500000000000004,11,880.0,880.0
49205.0,0.0600000000000005,18,755.0,755.0
49210.0,1.9100000000000001,23,652.0,652.0
49215.0,1.1999999999999993,17,549.0,549.0
49220.0,1.1999999999999993,12,481.0,481.0
49225.0,1.25,16,460.0,460.0
49230.0,-0.2999999999999998,25,570.0,570.0
49235.0,-1.1799999999999997,27,704.0,704.0
49240.0,-1.3600000000000003,31,854.0,854.0
49245.0,-1.5299999999999994,31,1009.0,1009.0
49250.0,-1.5700000000000003,30,1043.0,1043.0
49255.0,0.3800000000000008,23,941.0,941.0
49260.0,1.4099999999999984,18,898.0,898.0
49265.0,1.4099999999999984,24,999.0,999.0
49270.0,-1.3599999999999994,29,1132.0,1132.0
49275.0,-1.33,35,1292.0,1292.0
49280.0,-1.5999999999999996,38,1475.0,1475.0
49285.0,-1.83,40,1668.0,1668.0
49290.0,-1.9299999999999997,38,1705.0,1705.0
49295.0,-0.9400000000000013,40,1879.0,1879.0
49300.0,-1.9699999999999989,42,2085.0,2085.0
49305.0,-2.9800000000000004,44,2301.0,2301.0
49310.0,-2.1999999999999993,45,2522.0,2522.0
49315.0,-2.1999999999999993,48,2756.0,2756.0
49320.0,-3.280000000000001,52,3009.0,3009.0
49325.0,-2.5599999999999987,52,3258.0,3258.0
49330.0,-3.450000000000003,52,3510.0,3510.0
49335.0,-2.6400000000000006,56,3782.0,3782.0
49340.0,-2.6400000000000006,46,3502.0,3502.0
49345.0,1.6799999999999997,41,3231.0,3231.0
49350.0,2.710000000000001,33,3410.0,3410.0
49355.0,-2.479999999999997,38,3592.0,3592.0
49360.0,-1.9699999999999989,43,3568.0,3568.0
49365.0,1.6099999999999994,41,3556.0,3556.0
49370.0,1.8200000000000003,42,3375.0,3375.0
49375.0,1.8200000000000003,37,3517.0,3517.0
49380.0,-2.200000000000003,43,3714.0,3714.0
49385.0,-2.049999999999997,45,3627.0,3627.0
49390.0,2.969999999999999,48,3262.0,3262.0
49395.0,4.829999999999998,40,2935.0,2935.0
49400.0,4.829999999999998,35,3078.0,3078.0
49405.0,-1.0,37,3251.0,3251.0
49410.0,-1.7299999999999969,38,3180.0,3180.0
49415.0,2.4599999999999973,35,2877.0,2877.0
49420.0,2.6799999999999997,34,2396.0,2396.0
49425.0,4.609999999999999,29,2202.0,2202.0
49430.0,2.6900000000000013,29,1954.0,1954.0
49435.0,2.6900000000000013,26,2059.0,2059.0
49440.0,-0.7899999999999991,33,2207.0,2207.0
49445.0,-1.5600000000000023,41,2395.0,2395.0
49450.0,-1.9399999999999977,46,2611.0,2611.0
49455.0,-2.2300000000000004,53,2806.0,2806.0
49460.0,-3.1000000000000014,57,3082.0,3082.0
49465.0,-2.91,61,3382.0,3382.0
49470.0,-2.91,59,3649.0,3649.0
49475.0,-3.8900000000000006,61,3946.0,3946.0
49480.0,-2.969999999999999,57,3988.0,3988.0
49485.0,0.8800000000000026,48,3787.0,3787.0
49490.0,1.7399999999999949,43,3728.0,3728.0
49495.0,-2.0999999999999943,42,3936.0,3936.0
49500.0,-2.219999999999999,49,4165.0,4165.0
49505.0,-2.219999999999999,48,4018.0,4018.0
49510.0,0.509999999999998,46,3908.0,3908.0
49515.0,1.1000000000000014,43,3770.0,3770.0
49520.0,1.8799999999999955,40,3721.0,3721.0
49525.0,0.5600000000000023,42,3875.0,3875.0
49530.0,-2.9299999999999997,47,4096.0,4096.0
49535.0,-2.509999999999998,59,4371.0,4371.0
49540.0,-2.980000000000004,61,4675.0,4675.0
49545.0,-2.980000000000004,55,4773.0,4773.0
49550.0,-2.1999999999999957,55,5004.0,5004.0
49555.0,-2.3100000000000023,51,4844.0,4844.0
49560.0,4.699999999999996,42,4278.0,4278.0
49565.0,5.3600000000000065,34,3956.0,3956.0
49570.0,0.5799999999999983,27,3897.0,3897.0
49575.0,1.0399999999999991,20,3801.0,3801.0
49580.0,1.0399999999999991,23,3872.0,3872.0
49585.0,-0.5300000000000011,35,4018.0,4018.0
49590.0,-1.6799999999999997,43,4125.0,4125.0
49595.0,-1.0300000000000011,40,4153.0,4153.0
49600.0,-0.28999999999999915,36,4233.0,4233.0
49605.0,-0.28999999999999915,34,3596.0,3596.0
49610.0,5.93,33,3063.0,3063.0
49615.0,5.330000000000002,23,2963.0,2963.0
49620.0,1.0700000000000003,17,2975.0,2975.0
49625.0,-0.28000000000000114,19,2686.0,2686.0
49630.0,5.579999999999998,19,2445.0,2445.0
49635.0,5.34,19,1911.0,1911.0
49640.0,5.34,17,1869.0,1869.0
49645.0,0.0400000000000027,22,1969.0,1969.0
49650.0,-1.0400000000000027,30,2103.0,2103.0
49655.0,-1.4199999999999982,37,2272.0,2272.0
49660.0,-1.7600000000000016,43,2476.0,2476.0
49665.0,-2.09,39,2490.0,2490.0
49670.0,-0.389999999999997,43,2643.0,2643.0
49675.0,-2.150000000000002,45,2863.0,2863.0
49680.0,-2.150000000000002,46,3083.0,3083.0
49685.0,-3.099999999999998,47,3318.0,3318.0
49690.0,-2.3500000000000014,44,3410.0,3410.0
49695.0,-0.509999999999998,35,3309.0,3309.0
49700.0,0.9099999999999966,33,3264.0,3264.0
49705.0,-0.03999999999999915,33,2952.0,2952.0
49710.0,6.010000000000002,30,2711.0,2711.0
49715.0,5.59,29,1991.0,1991.0
49720.0,5.59,20,2081.0,2081.0
49725.0,0.1999999999999993,20,2179.0,2179.0
49730.0,-0.9800000000000004,24,2226.0,2226.0
49735.0,-0.4400000000000013,25,2252.0,2252.0
49740.0,-0.5799999999999983,31,2363.0,2363.0
49745.0,-0.5799999999999983,36,2473.0,2473.0
49750.0,-1.7100000000000009,42,2669.0,2669.0
49755.0,-1.9600000000000009,38,2499.0,2499.0
49760.0,4.060000000000002,29,2062.0,2062.0
49765.0,3.8299999999999983,24,1732.0,1732.0
49770.0,0.629999999999999,20,1837.0,1837.0
49775.0,-1.0499999999999972,25,1947.0,1947.0
49780.0,-1.0499999999999972,29,1993.0,1993.0
49785.0,-0.7300000000000004,38,2139.0,2139.0
49790.0,-1.8399999999999999,40,2093.0,2093.0
49795.0,2.09,32,1813.0,1813.0
49800.0,2.7799999999999976,25,1659.0,1659.0
49805.0,2.7799999999999976,12,1490.0,1490.0
49810.0,2.0200000000000014,11,1305.0,1305.0
49815.0,1.8499999999999996,20,1340.0,1340.0
49820.0,-0.7999999999999989,31,1471.0,1471.0
49825.0,-1.5300000000000011,37,1568.0,1568.0
49830.0,-1.7799999999999994,37,1753.0,1753.0
49835.0,-1.8900000000000006,40,1945.0,1945.0
49840.0,-1.8900000000000006,34,1939.0,1939.0
49845.0,-0.6699999999999982,28,1976.0,1976.0
49850.0,-0.33999999999999986,27,1827.0,1827.0
49855.0,3.5700000000000003,23,1463.0,1463.0
49860.0,3.219999999999999,25,1268.0,1268.0
49865.0,3.219999999999999,20,1359.0,1359.0
49870.0,-0.3200000000000003,25,1468.0,1468.0
49875.0,-1.0899999999999999,28,1567.0,1567.0
49880.0,-1.2300000000000004,35,1691.0,1691.0
49885.0,-1.7100000000000009,41,1881.0,1881.0
49890.0,-2.009999999999998,41,2086.0,2086.0
49895.0,-2.0600000000000023,45,2300.0,2300.0
49900.0,-3.1099999999999994,45,2525.0,2525.0
49905.0,-2.3000000000000007,47,2757.0,2757.0
49910.0,-2.3000000000000007,41,2711.0,2711.0
49915.0,-0.3999999999999986,33,2671.0,2671.0
49920.0,0.46000000000000085,33,2649.0,2649.0
49925.0,0.6199999999999974,33,2708.0,2708.0
49930.0,-0.9899999999999984,37,2873.0,2873.0
49935.0,-2.4299999999999997,39,3062.0,3062.0
49940.0,-1.9800000000000004,42,3265.0,3265.0
49945.0,-1.9800000000000004,41,3443.0,3443.0
49950.0,-2.6099999999999994,43,3655.0,3655.0
49955.0,-2.1199999999999974,44,3875.0,3875.0
49960.0,-3.0800000000000054,46,4100.0,4100.0
49965.0,-2.289999999999999,45,3936.0,3936.0
49970.0,4.609999999999999,36,3767.0,3767.0
49975.0,5.050000000000004,27,3097.0,3097.0
49980.0,5.050000000000004,22,3221.0,3221.0
49985.0,-0.17999999999999972,23,3331.0,3331.0
49990.0,-1.1099999999999994,25,3343.0,3343.0
49995.0,0.4099999999999966,23,3272.0,3272.0
50000.0,0.4100000000000037,32,3298.0,3298.0
50005.0,0.4100000000000037,37,3465.0,3465.0
50010.0,-1.9200000000000017,43,3669.0,3669.0
50015.0,-2.039999999999999,47,3882.0,3882.0
50020.0,-3.1000000000000014,50,4127.0,4127.0
50025.0,-2.480000000000004,49,4358.0,4358.0
50030.0,-3.029999999999994,47,4573.0,4573.0
50035.0,-2.3100000000000023,47,4808.0,4808.0
50040.0,-2.3699999999999974,49,5047.0,5047.0
50045.0,-2.450000000000003,49,5292.0,5292.0
50050.0,-2.450000000000003,45,5274.0,5274.0
50055.0,-0.759999999999998,40,5302.0,5302.0
50060.0,0.1699999999999946,39,5453.0,5453.0
50065.0,-2.759999999999998,45,5668.0,5668.0
50070.0,-2.3100000000000023,48,5905.0,5905.0
50075.0,-2.4199999999999946,50,6151.0,6151.0
50080.0,-2.4199999999999946,44,6231.0,6231.0
50085.0,-1.8000000000000043,45,6385.0,6385.0
50090.0,-1.5399999999999991,48,6604.0,6604.0
50095.0,-3.1499999999999986,48,6844.0,6844.0
50100.0,-2.4099999999999966,50,7090.0,7090.0
50105.0,-2.490000000000009,50,7340.0,7340.0
50110.0,-2.5,50,7561.0,7561.0
50115.0,-2.9299999999999926,47,7780.0,7780.0
50120.0,-2.3799999999999955,51,8022.0,8022.0
50125.0,-2.3799999999999955,53,8274.0,8274.0
50130.0,-3.5600000000000023,53,8539.0,8539.0
50135.0,-2.6500000000000057,50,8573.0,8573.0
50140.0,0.6299999999999955,43,8433.0,8433.0
50145.0,1.5,41,8385.0,8385.0
50150.0,1.5,44,8520.0,8520.0
50155.0,-1.4099999999999966,47,8751.0,8751.0
50160.0,-2.3100000000000023,47,8895.0,8895.0
50165.0,-1.4299999999999926,43,8991.0,8991.0
50170.0,-1.5400000000000063,44,9113.0,9113.0
50175.0,-1.8599999999999994,40,9274.0,9274.0
50180.0,-1.6199999999999903,40,9436.0,9436.0
50185.0,-1.6199999999999903,39,9607.0,9607.0
50190.0,-2.5,41,9806.0,9806.0
50195.0,-2.010000000000005,43,10015.0,10015.0
50200.0,-2.1200000000000045,43,10211.0,10211.0
50205.0,-2.6700000000000017,42,10408.0,10408.0
50210.0,-2.1299999999999955,44,10627.0,10627.0
50215.0,-2.200000000000003,44,10847.0,10847.0
50220.0,-2.200000000000003,42,10942.0,10942.0
50225.0,-1.8299999999999983,44,11139.0,11139.0
50230.0,-1.9699999999999989,39,10548.0,10548.0
50235.0,12.969999999999999,37,9176.0,9176.0
50240.0,13.560000000000002,29,8156.0,8156.0
50245.0,2.5,22,8256.0,8256.0
50250.0,-1.0600000000000023,23,8365.0,8365.0
50255.0,-1.2999999999999972,31,8503.0,8503.0
50260.0,-1.6599999999999966,37,8675.0,8675.0
50265.0,-2.010000000000005,45,8884.0,8884.0
50270.0,-2.3400000000000034,49,9122.0,9122.0
50275.0,-2.450000000000003,50,9368.0,9368.0
50280.0,-2.450000000000003,43,9341.0,9341.0
50285.0,-0.6399999999999864,39,9360.0,9360.0
50290.0,-0.1700000000000017,39,9514.0,9514.0
50295.0,-2.3500000000000085,43,9718.0,9718.0
50300.0,-2.1899999999999977,47,9946.0,9946.0
50305.0,-2.4200000000000017,51,10197.0,10197.0
50310.0,-2.549999999999997,51,10452.0,10452.0
50315.0,-2.549999999999997,45,10540.0,10540.0
50320.0,-1.9000000000000057,44,10683.0,10683.0
50325.0,-1.4299999999999926,42,10703.0,10703.0
50330.0,0.8400000000000034,38,10596.0,10596.0
50335.0,0.39000000000000057,38,10607.0,10607.0
50340.0,-1.7600000000000051,42,10778.0,10778.0
50345.0,-2.030000000000001,43,10982.0,10982.0
50350.0,-2.030000000000001,37,11064.0,11064.0
50355.0,-1.6299999999999955,38,11227.0,11227.0
50360.0,-1.6500000000000057,41,11428.0,11428.0
50365.0,-2.030000000000001,40,11622.0,11622.0
50370.0,-2.730000000000004,42,11827.0,11827.0
50375.0,-2.1099999999999994,46,12043.0,12043.0
50380.0,-2.309999999999988,48,12281.0,12281.0
50385.0,-2.4000000000000057,50,12525.0,12525.0
50390.0,-2.5,50,12775.0,12775.0
50395.0,-2.5,51,13026.0,13026.0
50400.0,-2.5,48,13186.0,13186.0
50405.0,-2.6100000000000136,50,13428.0,13428.0
50410.0,-2.4199999999999875,51,13674.0,13674.0
50415.0,-3.490000000000009,54,13938.0,13938.0
50420.0,-2.7099999999999795,56,14216.0,14216.0
50425.0,-2.8000000000000114,54,14283.0,14283.0
50430.0,0.44999999999998863,45,14239.0,14239.0
50435.0,1.2600000000000193,37,14057.0,14057.0
50440.0,1.2600000000000193,39,14246.0,14246.0
50445.0,-1.3000000000000114,45,14461.0,14461.0
50450.0,-2.219999999999999,52,14586.0,14586.0
50455.0,-1.0999999999999943,43,14618.0,14618.0
50460.0,-0.6599999999999966,44,14726.0,14726.0
50465.0,-1.460000000000008,44,14914.0,14914.0
50470.0,-1.460000000000008,39,12782.0,12782.0
50475.0,20.49000000000001,31,10699.0,10699.0
50480.0,20.83,22,10239.0,10239.0
50485.0,4.359999999999999,26,10330.0,10330.0
50490.0,-1.210000000000008,31,10475.0,10475.0
50495.0,-1.5799999999999983,39,10656.0,10656.0
50500.0,-1.9699999999999989,45,10871.0,10871.0
50505.0,-2.219999999999999,45,10908.0,10908.0
50510.0,0.75,38,10924.0,10924.0
50515.0,0.519999999999996,39,10873.0,10873.0
50520.0,0.519999999999996,43,11061.0,11061.0
50525.0,-2.719999999999999,47,11293.0,11293.0
50530.0,-2.3400000000000034,49,11534.0,11534.0
50535.0,-2.4299999999999926,49,11779.0,11779.0
50540.0,-2.450000000000003,51,12028.0,12028.0
50545.0,-2.510000000000005,47,12123.0,12123.0
50550.0,-0.23999999999999488,40,12053.0,12053.0
50555.0,0.39000000000000057,41,12102.0,12102.0
50560.0,0.39000000000000057,44,12299.0,12299.0
50565.0,-2.3499999999999943,50,12533.0,12533.0
50570.0,-2.3400000000000034,50,12783.0,12783.0
50575.0,-2.5,45,12916.0,12916.0
50580.0,-1.3699999999999903,40,12976.0,12976.0
50585.0,-0.9699999999999989,41,13109.0,13109.0
50590.0,-2.680000000000007,49,13334.0,13334.0
50595.0,-2.490000000000009,50,13584.0,13584.0
50600.0,-2.5,50,13834.0,13834.0
50605.0,-2.5,45,13999.0,13999.0
50610.0,-2.5999999999999943,45,14207.0,14207.0
50615.0,-2.0800000000000125,43,13068.0,13068.0
50620.0,24.070000000000007,34,10597.0,10597.0
50625.0,24.450000000000003,31,9463.0,9463.0
50630.0,24.450000000000003,27,9558.0,9558.0
50635.0,-1.5799999999999983,33,9715.0,9715.0
50640.0,-1.5700000000000074,43,9909.0,9909.0
50645.0,-1.9399999999999977,46,10134.0,10134.0
50650.0,-2.25,41,10035.0,10035.0
50655.0,3.299999999999997,34,9653.0,9653.0
50660.0,3.430000000000007,30,9445.0,9445.0
50665.0,-1.1899999999999977,36,9616.0,9616.0
50670.0,-1.9099999999999966,41,9812.0,9812.0
50675.0,-2.2900000000000063,49,10049.0,10049.0
50680.0,-2.450000000000003,49,10294.0,10294.0
50685.0,-2.450000000000003,45,10311.0,10311.0
50690.0,-1.0900000000000034,40,10377.0,10377.0
50695.0,-0.6400000000000006,40,10547.0,10547.0
50700.0,-2.559999999999988,48,10769.0,10769.0
50705.0,-2.3900000000000006,48,11009.0,11009.0
50710.0,-2.4000000000000057,49,11250.0,11250.0
50715.0,-2.4000000000000057,44,11374.0,11374.0
50720.0,-2.2099999999999937,44,11556.0,11556.0
50725.0,-1.8200000000000074,39,10298.0,10298.0
50730.0,25.939999999999998,34,7705.0,7705.0
50735.0,24.77000000000001,31,6541.0,6541.0
50740.0,-1.5400000000000063,33,6672.0,6672.0
50745.0,-1.7000000000000028,41,6850.0,6850.0
50750.0,-2.1599999999999966,45,7070.0,7070.0
50755.0,-2.25,45,7295.0,7295.0
50760.0,-2.25,40,7423.0,7423.0
50765.0,-2.1299999999999955,43,7606.0,7606.0
50770.0,-1.8800000000000097,43,7418.0,7418.0
50775.0,4.920000000000002,35,6887.0,6887.0
50780.0,4.799999999999997,27,6735.0,6735.0
50785.0,4.799999999999997,24,6808.0,6808.0
50790.0,-1.289999999999992,30,6950.0,6950.0
50795.0,-1.4200000000000017,40,7128.0,7128.0
50800.0,-1.7800000000000011,41,7332.0,7332.0
50805.0,-2.039999999999992,47,7556.0,7556.0
50810.0,-2.240000000000009,49,7800.0,7800.0
50815.0,-2.4399999999999977,49,8045.0,8045.0
50820.0,-2.450000000000003,45,8202.0,8202.0
50825.0,-1.8100000000000023,42,8312.0,8312.0
50830.0,-1.5300000000000011,42,8504.0,8504.0
50835.0,-3.019999999999996,45,8726.0,8726.0
50840.0,-2.3100000000000023,49,8961.0,8961.0
50845.0,-2.3100000000000023,43,8448.0,8448.0
50850.0,4.230000000000004,35,8010.0,8010.0
50855.0,4.439999999999998,29,8019.0,8019.0
50860.0,-0.6400000000000006,32,8172.0,8172.0
50865.0,-1.6700000000000017,39,8353.0,8353.0
50870.0,-2.059999999999988,46,8574.0,8574.0
50875.0,-2.3100000000000023,51,8814.0,8814.0
50880.0,-2.6200000000000045,54,9083.0,9083.0
50885.0,-2.700000000000003,54,9353.0,9353.0
50890.0,-2.700000000000003,47,9387.0,9387.0
50895.0,-1.4200000000000017,45,9471.0,9471.0
50900.0,-0.8399999999999892,44,9330.0,9330.0
50905.0,3.509999999999991,38,8950.0,8950.0
50910.0,3.200000000000003,31,8640.0,8640.0
50915.0,0.5699999999999932,34,8777.0,8777.0
50920.0,-1.8399999999999892,42,8969.0,8969.0
50925.0,-1.8399999999999892,39,9059.0,9059.0
50930.0,-1.3200000000000074,38,9128.0,9128.0
50935.0,-1.0799999999999983,35,9096.0,9096.0
50940.0,1.8700000000000045,31,8895.0,8895.0
50945.0,1.980000000000004,29,8787.0,8787.0
50950.0,1.980000000000004,31,8882.0,8882.0
50955.0,-1.0,37,9058.0,9058.0
50960.0,-1.7600000000000051,34,9187.0,9187.0
50965.0,-1.6500000000000057,35,9307.0,9307.0
50970.0,-1.4299999999999926,33,9453.0,9453.0
50975.0,-2.240000000000009,36,9626.0,9626.0
50980.0,-1.7999999999999972,36,9806.0,9806.0
50985.0,-1.8199999999999932,40,9992.0,9992.0
50990.0,-2.0700000000000074,42,10201.0,10201.0
50995.0,-2.0999999999999943,42,10411.0,10411.0
51000.0,-2.1599999999999966,44,10629.0,10629.0
51005.0,-2.200000000000003,44,10849.0,10849.0
51010.0,-2.200000000000003,38,10931.0,10931.0
51015.0,-1.6300000000000097,39,11074.0,11074.0
51020.0,-1.4599999999999937,41,11038.0,11038.0
51025.0,1.3700000000000045,36,10878.0,10878.0
51030.0,1.3699999999999903,33,10838.0,10838.0
51035.0,1.3699999999999903,34,10942.0,10942.0
51040.0,-1.019999999999996,39,11131.0,11131.0
51045.0,-1.8900000000000006,40,11327.0,11327.0
51050.0,-1.9599999999999937,41,11532.0,11532.0
51055.0,-2.049999999999997,36,11659.0,11659.0
51060.0,-1.480000000000004,39,11767.0,11767.0
51065.0,-1.5400000000000063,39,11941.0,11941.0
51070.0,-2.6099999999999994,40,12135.0,12135.0
51075.0,-2.039999999999992,41,12340.0,12340.0
51080.0,-2.039999999999992,33,12242.0,12242.0
51085.0,1.0799999999999983,32,12079.0,12079.0
51090.0,0.7999999999999972,33,12235.0,12235.0
51095.0,-2.299999999999997,41,12421.0,12421.0
51100.0,-2.0700000000000074,43,12634.0,12634.0
51105.0,-2.1499999999999915,45,12851.0,12851.0
51110.0,-2.230000000000018,45,13076.0,13076.0
51115.0,-2.25,47,13303.0,13303.0
51120.0,-2.329999999999984,47,13538.0,13538.0
51125.0,-2.3499999999999943,47,13773.0,13773.0
51130.0,-2.3499999999999943,42,13770.0,13770.0
51135.0,-0.9099999999999966,40,13835.0,13835.0
51140.0,-0.6500000000000057,42,14023.0,14023.0
51145.0,-2.740000000000009,46,14246.0,14246.0
51150.0,-2.289999999999992,46,14476.0,14476.0
51155.0,-2.3000000000000114,46,14652.0,14652.0
51160.0,-2.1200000000000045,43,14820.0,14820.0
51165.0,-1.8599999999999852,48,15008.0,15008.0
51170.0,-1.8599999999999852,47,15224.0,15224.0
51175.0,-3.0500000000000114,47,15459.0,15459.0
51180.0,-2.3499999999999943,46,15684.0,15684.0
51185.0,-3.1399999999999864,46,15912.0,15912.0
51190.0,-2.3100000000000023,48,16147.0,16147.0
51195.0,-2.3100000000000023,38,12387.0,12387.0
51200.0,36.639999999999986,35,9410.0,9410.0
51205.0,29.77000000000001,28,8879.0,8879.0
51210.0,4.909999999999997,31,9008.0,9008.0
51215.0,-1.5300000000000011,39,9185.0,9185.0
51220.0,-1.9399999999999977,43,9361.0,9361.0
51225.0,-2.4399999999999977,41,9551.0,9551.0
51230.0,-2.1000000000000085,43,9763.0,9763.0
51235.0,-2.239999999999995,49,9993.0,9993.0
51240.0,-2.239999999999995,48,10212.0,10212.0
51245.0,-3.1599999999999966,48,10452.0,10452.0
51250.0,-2.4000000000000057,49,10693.0,10693.0
51255.0,-2.4200000000000017,46,10534.0,10534.0
51260.0,4.570000000000007,37,10013.0,10013.0
51265.0,4.890000000000001,32,9862.0,9862.0
51270.0,4.890000000000001,31,9999.0,9999.0
51275.0,-2.030000000000001,40,10181.0,10181.0
51280.0,-1.8200000000000074,40,10320.0,10320.0
51285.0,-1.7800000000000011,43,10465.0,10465.0
51290.0,-1.8400000000000034,43,10672.0,10672.0
51295.0,-3.009999999999991,43,10887.0,10887.0
51300.0,-2.1500000000000057,44,11103.0,11103.0
51305.0,-2.239999999999995,46,11329.0,11329.0
51310.0,-2.239999999999995,49,11560.0,11560.0
51315.0,-3.260000000000005,51,11812.0,11812.0
51320.0,-2.539999999999992,47,10525.0,10525.0
51325.0,26.179999999999993,41,8056.0,8056.0
51330.0,22.299999999999997,32,6642.0,6642.0
51335.0,22.299999999999997,34,6737.0,6737.0
51340.0,2.780000000000001,42,6921.0,6921.0
51345.0,-1.8399999999999892,49,7149.0,7149.0
51350.0,-2.280000000000001,44,6935.0,6935.0
51355.0,5.489999999999995,36,6327.0,6327.0
51360.0,5.560000000000002,27,5981.0,5981.0
51365.0,-0.44000000000000483,28,6116.0,6116.0
51370.0,-1.5499999999999972,35,6278.0,6278.0
51375.0,-1.8999999999999986,42,6475.0,6475.0
51380.0,-2.280000000000001,51,6712.0,6712.0
51385.0,-2.6299999999999955,53,6977.0,6977.0
51390.0,-2.6500000000000057,53,7242.0,7242.0
51395.0,-2.6500000000000057,47,7297.0,7297.0
51400.0,-0.9500000000000028,41,7280.0,7280.0
51405.0,-0.36999999999999034,43,7489.0,7489.0
51410.0,-3.030000000000001,49,7721.0,7721.0
51415.0,-2.490000000000009,53,7979.0,7979.0
51420.0,-2.490000000000009,45,8081.0,8081.0
51425.0,-2.0799999999999983,47,8261.0,8261.0
51430.0,-1.7999999999999972,47,8491.0,8491.0
51435.0,-2.299999999999997,43,8258.0,8258.0
51440.0,5.439999999999998,33,7667.0,7667.0
51445.0,5.439999999999998,28,7128.0,7128.0
51450.0,2.0400000000000063,24,7223.0,7223.0
51455.0,-1.2800000000000011,34,7361.0,7361.0
51460.0,-1.7999999999999972,39,7546.0,7546.0
51465.0,-2.0700000000000074,44,7758.0,7758.0
51470.0,-2.299999999999997,47,7991.0,7991.0
51475.0,-2.3500000000000085,47,8226.0,8226.0
51480.0,-2.3500000000000085,42,8338.0,8338.0
51485.0,-2.009999999999991,44,8522.0,8522.0
51490.0,-1.8700000000000045,46,8743.0,8743.0
51495.0,-3.1299999999999955,47,8974.0,8974.0
51500.0,-2.3500000000000085,47,9209.0,9209.0
51505.0,-2.3500000000000085,39,8682.0,8682.0
51510.0,4.3300000000000125,32,8247.0,8247.0
51515.0,4.349999999999994,29,8375.0,8375.0
51520.0,-1.8700000000000045,35,8535.0,8535.0
51525.0,-1.75,43,8733.0,8733.0
51530.0,-2.1899999999999977,50,8977.0,8977.0
51535.0,-2.510000000000005,51,9232.0,9232.0
51540.0,-2.569999999999993,53,9495.0,9495.0
51545.0,-2.6500000000000057,51,9649.0,9649.0
51550.0,-1.509999999999991,45,9729.0,9729.0
51555.0,-1.0100000000000051,45,9887.0,9887.0
51560.0,-1.0100000000000051,49,10105.0,10105.0
51565.0,-3.019999999999996,51,10358.0,10358.0
51570.0,-2.5400000000000063,51,10613.0,10613.0
51575.0,-2.549999999999997,49,10836.0,10836.0
51580.0,-2.8900000000000006,49,11043.0,11043.0
51585.0,-2.3700000000000045,49,11288.0,11288.0
51590.0,-2.3700000000000045,47,11508.0,11508.0
51595.0,-3.1799999999999926,53,11761.0,11761.0
51600.0,-2.530000000000001,50,11594.0,11594.0
51605.0,4.920000000000002,40,11034.0,11034.0
51610.0,5.209999999999994,33,10544.0,10544.0
51615.0,0.8400000000000034,31,10695.0,10695.0
51620.0,-1.6500000000000057,36,10865.0,10865.0
51625.0,-2.029999999999987,46,11078.0,11078.0
51630.0,-2.3700000000000045,50,11319.0,11319.0
51635.0,-2.6700000000000017,55,11591.0,11591.0
51640.0,-2.6700000000000017,49,11224.0,11224.0
51645.0,2.6500000000000057,41,10930.0,10930.0
51650.0,3.0,34,10971.0,10971.0
51655.0,-1.0600000000000023,41,11156.0,11156.0
51660.0,-2.1099999999999994,47,11382.0,11382.0
51665.0,-2.4000000000000057,51,11630.0,11630.0
51670.0,-2.6400000000000006,57,11906.0,11906.0
51675.0,-2.8700000000000045,58,12195.0,12195.0
51680.0,-2.8999999999999915,59,12486.0,12486.0
51685.0,-2.969999999999999,60,12786.0,12786.0
51690.0,-3.0,60,13086.0,13086.0
51695.0,-3.0600000000000023,62,13396.0,13396.0
51700.0,-3.0999999999999943,62,13706.0,13706.0
51705.0,-3.200000000000017,68,14037.0,14037.0
51710.0,-3.3899999999999864,68,14377.0,14377.0
51715.0,-3.4099999999999966,70,14722.0,14722.0
51720.0,-3.4099999999999966,60,14598.0,14598.0
51725.0,-0.1599999999999966,54,14511.0,14511.0
51730.0,0.8699999999999761,49,14675.0,14675.0
51735.0,-2.6599999999999966,56,14939.0,14939.0
51740.0,-2.829999999999984,68,15259.0,15259.0
51745.0,-3.3799999999999955,71,15611.0,15611.0
51750.0,-3.5500000000000114,73,15968.0,15968.0
51755.0,-3.609999999999985,73,16333.0,16333.0
51760.0,-3.6500000000000057,72,16494.0,16494.0
51765.0,-1.1299999999999955,65,16503.0,16503.0
51770.0,-0.2300000000000182,57,16561.0,16561.0
51775.0,-0.2300000000000182,60,16832.0,16832.0
51780.0,-2.789999999999992,65,17148.0,17148.0
51785.0,-3.210000000000008,71,17493.0,17493.0
51790.0,-3.4899999999999807,69,15996.0,15996.0
51795.0,30.899999999999977,61,13026.0,13026.0
51800.0,34.540000000000006,54,10584.0,10584.0
51805.0,34.540000000000006,51,10821.0,10821.0
51810.0,1.990000000000009,61,11113.0,11113.0
51815.0,-2.9200000000000017,70,11449.0,11449.0
51820.0,-3.3599999999999994,67,10608.0,10608.0
51825.0,17.64,61,8952.0,8952.0
51830.0,13.919999999999987,56,8240.0,8240.0
51835.0,-1.8799999999999955,65,8546.0,8546.0
51840.0,-3.289999999999992,69,8879.0,8879.0
51845.0,-3.490000000000009,70,9229.0,9229.0
51850.0,-3.5799999999999983,72,9589.0,9589.0
51855.0,-3.5799999999999983,66,9581.0,9581.0
51860.0,-0.12999999999999545,59,9377.0,9377.0
51865.0,0.9599999999999937,50,9630.0,9630.0
51870.0,-3.509999999999991,54,9893.0,9893.0
51875.0,-2.7900000000000063,60,10184.0,10184.0
51880.0,-3.1299999999999955,68,10513.0,10513.0
51885.0,-3.5,73,10873.0,10873.0
51890.0,-3.6500000000000057,73,11238.0,11238.0
51895.0,-3.6500000000000057,65,11142.0,11142.0
51900.0,-0.5,59,11075.0,11075.0
51905.0,0.6700000000000017,53,10941.0,10941.0
51910.0,1.3400000000000034,51,11177.0,11177.0
51915.0,-3.3599999999999994,57,11446.0,11446.0
51920.0,-2.8599999999999994,63,11748.0,11748.0
51925.0,-3.1500000000000057,63,11321.0,11321.0
51930.0,10.409999999999997,57,10894.0,10894.0
51935.0,10.780000000000001,48,9496.0,9496.0
51940.0,10.780000000000001,41,9695.0,9695.0
51945.0,0.23000000000000398,40,9900.0,9900.0
51950.0,-2.049999999999997,45,10116.0,10116.0
51955.0,-2.210000000000008,52,10363.0,10363.0
51960.0,-2.5600000000000023,62,10658.0,10658.0
51965.0,-3.029999999999987,66,10980.0,10980.0
51970.0,-3.25,66,11310.0,11310.0
51975.0,-3.3000000000000114,66,11640.0,11640.0
51980.0,-3.309999999999988,68,11979.0,11979.0
51985.0,-3.4000000000000057,68,12319.0,12319.0
51990.0,-3.4099999999999966,74,12678.0,12678.0
51995.0,-3.6400000000000006,74,13048.0,13048.0
52000.0,-3.700000000000003,76,13421.0,13421.0
52005.0,-3.75,76,13801.0,13801.0
52010.0,-3.8000000000000114,76,14181.0,14181.0
52015.0,-3.8100000000000023,78,14570.0,14570.0
52020.0,-3.8999999999999773,75,14645.0,14645.0
52025.0,0.7099999999999795,71,14449.0,14449.0
52030.0,1.7700000000000102,66,14290.0,14290.0
52035.0,1.7700000000000102,59,14566.0,14566.0
52040.0,-1.6599999999999966,62,14863.0,14863.0
52045.0,-2.969999999999999,68,15191.0,15191.0
52050.0,-3.280000000000001,74,15548.0,15548.0
52055.0,-3.569999999999993,80,15939.0,15939.0
52060.0,-3.9099999999999966,77,16062.0,16062.0
52065.0,-0.14000000000001478,70,15922.0,15922.0
52070.0,1.240000000000009,62,15630.0,15630.0
52075.0,2.4399999999999977,57,15732.0,15732.0
52080.0,-3.680000000000007,59,16012.0,16012.0
52085.0,-3.0600000000000023,65,16324.0,16324.0
52090.0,-3.3700000000000045,71,16667.0,16667.0
52095.0,-3.6299999999999955,73,17032.0,17032.0
52100.0,-3.6299999999999955,69,15567.0,15567.0
52105.0,13.25,60,14157.0,14157.0
52110.0,18.409999999999997,55,13624.0,13624.0
52115.0,0.12999999999999545,51,13881.0,13881.0
52120.0,-2.509999999999991,53,14136.0,14136.0
52125.0,-2.509999999999991,54,13967.0,13967.0
52130.0,0.6400000000000148,51,13883.0,13883.0
52135.0,0.839999999999975,49,13975.0,13975.0
52140.0,-1.9599999999999795,57,14247.0,14247.0
52145.0,-2.8499999999999943,62,14550.0,14550.0
52150.0,-3.140000000000015,69,14881.0,14881.0
52155.0,-3.4099999999999966,69,15226.0,15226.0
52160.0,-3.460000000000008,69,15404.0,15404.0
52165.0,-1.3899999999999864,63,15504.0,15504.0
52170.0,-0.3900000000000148,59,15548.0,15548.0
52175.0,-0.3900000000000148,58,15826.0,15826.0
52180.0,-3.430000000000007,65,16136.0,16136.0
52185.0,-3.1599999999999966,72,16481.0,16481.0
52190.0,-3.509999999999991,68,15871.0,15871.0
52195.0,13.890000000000015,62,14398.0,14398.0
52200.0,14.169999999999987,56,13036.0,13036.0
52205.0,14.169999999999987,49,13271.0,13271.0
52210.0,4.759999999999991,50,13515.0,13515.0
52215.0,-2.4399999999999977,56,13781.0,13781.0
52220.0,-2.6599999999999966,65,14090.0,14090.0
52225.0,-3.0900000000000034,70,14438.0,14438.0
52230.0,-3.4799999999999898,66,13979.0,13979.0
52235.0,11.329999999999984,57,12432.0,12432.0
52240.0,11.450000000000017,53,12090.0,12090.0
52245.0,-1.4300000000000068,54,12357.0,12357.0
52250.0,-2.819999999999993,60,12645.0,12645.0
52255.0,-3.219999999999999,68,12975.0,12975.0
52260.0,-3.5500000000000114,73,13335.0,13335.0
52265.0,-3.6899999999999977,75,13706.0,13706.0
52270.0,-3.75,75,14081.0,14081.0
52275.0,-3.75,69,12182.0,12182.0
52280.0,22.700000000000003,66,9775.0,9775.0
52285.0,24.819999999999993,61,9490.0,9490.0
52290.0,-4.25,68,9813.0,9813.0
52295.0,-3.4199999999999875,72,10164.0,10164.0
52300.0,-3.660000000000011,76,10539.0,10539.0
52305.0,-3.799999999999997,76,10919.0,10919.0
52310.0,-3.799999999999997,69,10553.0,10553.0
52315.0,2.1400000000000006,66,10255.0,10255.0
52320.0,2.980000000000004,59,10544.0,10544.0
52325.0,-4.060000000000002,56,10831.0,10831.0
52330.0,-2.8100000000000023,60,11121.0,11121.0
52335.0,-3.030000000000001,67,11442.0,11442.0
52340.0,-3.3599999999999994,72,11466.0,11466.0
52345.0,1.5400000000000063,66,11185.0,11185.0
52350.0,2.6599999999999966,64,10953.0,10953.0
52355.0,4.560000000000002,56,10761.0,10761.0
52360.0,4.560000000000002,55,11013.0,11013.0
52365.0,-3.6400000000000006,60,11300.0,11300.0
52370.0,-2.9200000000000017,65,11618.0,11618.0
52375.0,-3.239999999999995,71,11967.0,11967.0
52380.0,-3.5600000000000023,75,12338.0,12338.0
52385.0,-3.719999999999999,78,12722.0,12722.0
52390.0,-3.8799999999999955,77,12842.0,12842.0
52395.0,-0.11000000000001364,68,12726.0,12726.0
52400.0,0.9200000000000017,62,12662.0,12662.0
52405.0,0.9200000000000017,57,12926.0,12926.0
52410.0,-2.059999999999988,63,13229.0,13229.0
52415.0,-3.030000000000001,71,13565.0,13565.0
52420.0,-3.3600000000000136,75,13933.0,13933.0
52425.0,-3.680000000000007,77,14318.0,14318.0
52430.0,-3.8499999999999943,77,14703.0,14703.0
52435.0,-3.8499999999999943,79,15096.0,15096.0
52440.0,-3.930000000000007,73,14515.0,14515.0
52445.0,12.349999999999994,67,13275.0,13275.0
52450.0,11.810000000000016,57,12499.0,12499.0
52455.0,-0.35999999999999943,52,12768.0,12768.0
52460.0,-2.6899999999999977,58,13043.0,13043.0
52465.0,-2.6899999999999977,58,12805.0,12805.0
52470.0,1.2299999999999898,56,12669.0,12669.0
52475.0,1.3800000000000097,53,12835.0,12835.0
52480.0,-2.6799999999999926,56,13103.0,13103.0
52485.0,-2.8500000000000227,62,13399.0,13399.0
52490.0,-3.1699999999999875,69,13731.0,13731.0
52495.0,-3.569999999999993,77,14104.0,14104.0
52500.0,-3.569999999999993,67,13149.0,13149.0
52505.0,8.019999999999982,60,12276.0,12276.0
52510.0,8.730000000000004,53,12293.0,12293.0
52515.0,-1.2099999999999937,56,12558.0,12558.0
52520.0,-2.780000000000001,62,12858.0,12858.0
52525.0,-3.1100000000000136,69,13188.0,13188.0
52530.0,-3.4499999999999886,78,13561.0,13561.0
52535.0,-3.8899999999999864,80,13960.0,13960.0
52540.0,-4.010000000000019,82,14367.0,14367.0
52545.0,-4.099999999999994,82,14777.0,14777.0
52550.0,-4.099999999999994,84,15189.0,15189.0
52555.0,-4.159999999999997,82,15018.0,15018.0
52560.0,5.829999999999984,76,14570.0,14570.0
52565.0,9.390000000000015,71,13684.0,13684.0
52570.0,9.390000000000015,62,13989.0,13989.0
52575.0,-2.1500000000000057,67,14311.0,14311.0
52580.0,-3.289999999999992,74,14665.0,14665.0
52585.0,-3.6100000000000136,79,15052.0,15052.0
52590.0,-3.930000000000007,81,15457.0,15457.0
52595.0,-4.049999999999983,77,15447.0,15447.0
52600.0,2.6999999999999886,71,15022.0,15022.0
52605.0,4.060000000000002,66,14650.0,14650.0
52610.0,4.060000000000002,58,14933.0,14933.0
52615.0,-0.710000000000008,58,15221.0,15221.0
52620.0,-2.8799999999999955,58,14979.0,14979.0
52625.0,6.300000000000011,55,14057.0,14057.0
52630.0,8.199999999999989,55,13832.0,13832.0
52635.0,-2.8100000000000023,58,14110.0,14110.0
52640.0,-3.0999999999999943,65,14427.0,14427.0
52645.0,-3.430000000000007,72,14777.0,14777.0
52650.0,-3.430000000000007,70,14333.0,14333.0
52655.0,3.0400000000000205,61,13925.0,13925.0
52660.0,4.1699999999999875,54,14043.0,14043.0
52665.0,-2.1399999999999864,51,14300.0,14300.0
52670.0,-2.5800000000000125,56,14566.0,14566.0
52675.0,-2.9099999999999966,68,14881.0,14881.0
52680.0,-3.4799999999999898,76,15245.0,15245.0
52685.0,-3.8400000000000034,80,15639.0,15639.0
52690.0,-4.0,80,16039.0,16039.0
52695.0,-4.0,72,15677.0,15677.0
52700.0,2.019999999999982,65,15346.0,15346.0
52705.0,3.3100000000000023,59,15477.0,15477.0
52710.0,-2.4899999999999807,60,15771.0,15771.0
52715.0,-3.0100000000000193,66,16092.0,16092.0
52720.0,-3.329999999999984,73,16444.0,16444.0
52725.0,-3.640000000000015,79,16825.0,16825.0
52730.0,-3.930000000000007,82,17230.0,17230.0
52735.0,-4.089999999999975,83,17644.0,17644.0
52740.0,-4.150000000000006,83,18059.0,18059.0
52745.0,-4.189999999999998,91,18497.0,18497.0
52750.0,-4.5,89,18561.0,18561.0
52755.0,1.4599999999999795,82,18615.0,18615.0
52760.0,2.640000000000015,73,18043.0,18043.0
52765.0,2.640000000000015,67,18376.0,18376.0
52770.0,-1.740000000000009,67,18708.0,18708.0
52775.0,-3.3400000000000034,69,17246.0,17246.0
52780.0,29.97,69,14369.0,14369.0
52785.0,38.70000000000002,68,12048.0,12048.0
52790.0,38.70000000000002,67,12368.0,12368.0
52795.0,-4.5800000000000125,75,12729.0,12729.0
52800.0,-3.6099999999999994,80,13120.0,13120.0
52805.0,-3.9099999999999824,78,12917.0,12917.0
52810.0,5.819999999999993,68,12223.0,12223.0
52815.0,6.5,64,11870.0,11870.0
52820.0,-2.3100000000000023,63,12182.0,12182.0
52825.0,-3.1400000000000006,66,12499.0,12499.0
52830.0,-3.4399999999999977,72,12849.0,12849.0
52835.0,-3.739999999999995,79,13230.0,13230.0
52840.0,-4.1200000000000045,85,13648.0,13648.0
52845.0,-4.1200000000000045,77,13522.0,13522.0
52850.0,1.3700000000000045,68,13088.0,13088.0
52855.0,2.7099999999999795,64,13275.0,13275.0
52860.0,-3.069999999999993,60,13584.0,13584.0
52865.0,-3.049999999999983,64,13894.0,13894.0
52870.0,-3.2600000000000193,71,14233.0,14233.0
52875.0,-3.609999999999985,77,14607.0,14607.0
52880.0,-3.920000000000016,82,15010.0,15010.0
52885.0,-3.920000000000016,75,12899.0,12899.0
52890.0,19.47,73,11338.0,11338.0
52895.0,15.610000000000014,71,11677.0,11677.0
52900.0,-4.8700000000000045,79,12058.0,12058.0
52905.0,-3.950000000000003,83,12467.0,12467.0
52910.0,-4.1299999999999955,83,12255.0,12255.0
52915.0,6.670000000000002,75,11782.0,11782.0
52920.0,9.89,68,11045.0,11045.0
52925.0,9.89,60,11345.0,11345.0
52930.0,-4.290000000000006,59,11644.0,11644.0
52935.0,-2.980000000000004,66,11957.0,11957.0
52940.0,-3.1899999999999977,72,12304.0,12304.0
52945.0,-3.549999999999997,79,12684.0,12684.0
52950.0,-3.8499999999999943,79,13079.0,13079.0
52955.0,-3.950000000000017,75,12994.0,12994.0
52960.0,4.070000000000007,69,12457.0,12457.0
52965.0,5.1200000000000045,63,12365.0,12365.0
52970.0,5.1200000000000045,60,12658.0,12658.0
52975.0,-4.189999999999998,60,12948.0,12948.0
52980.0,-2.8999999999999915,65,13259.0,13259.0
52985.0,-3.1100000000000136,71,13604.0,13604.0
52990.0,-3.4499999999999886,76,13978.0,13978.0
52995.0,-3.740000000000009,82,14378.0,14378.0
53000.0,-4.0,77,14312.0,14312.0
53005.0,3.719999999999999,70,13784.0,13784.0
53010.0,4.949999999999989,62,13699.0,13699.0
53015.0,-4.239999999999981,57,13992.0,13992.0
53020.0,-2.9099999999999966,62,14288.0,14288.0
53025.0,-3.219999999999999,67,14615.0,14615.0
53030.0,-3.5700000000000216,76,14981.0,14981.0
53035.0,-3.9599999999999795,84,15385.0,15385.0
53040.0,-4.240000000000009,85,15810.0,15810.0
53045.0,-4.300000000000011,87,16242.0,16242.0
53050.0,-4.300000000000011,81,15753.0,15753.0
53055.0,3.230000000000018,73,15295.0,15295.0
53060.0,4.659999999999997,63,15428.0,15428.0
53065.0,-2.530000000000001,65,15749.0,15749.0
53070.0,-3.219999999999999,68,16075.0,16075.0
53075.0,-3.460000000000008,74,16436.0,16436.0
53080.0,-3.819999999999993,80,16828.0,16828.0
53085.0,-4.099999999999994,85,17249.0,17249.0
53090.0,-4.25,87,17676.0,17676.0
53095.0,-4.25,77,17251.0,17251.0
53100.0,2.530000000000001,70,16906.0,16906.0
53105.0,3.4499999999999886,65,17065.0,17065.0
53110.0,-2.8700000000000045,65,17387.0,17387.0
53115.0,-3.269999999999982,70,17727.0,17727.0
53120.0,-3.5100000000000193,77,18098.0,18098.0
53125.0,-3.8499999999999943,81,18159.0,18159.0
53130.0,1.0500000000000114,74,18129.0,18129.0
53135.0,0.09000000000000341,68,18056.0,18056.0
53140.0,1.0300000000000011,61,18100.0,18100.0
53145.0,1.0300000000000011,57,16557.0,16557.0
53150.0,14.259999999999991,52,15120.0,15120.0
53155.0,14.409999999999997,48,14510.0,14510.0
53160.0,5.530000000000001,46,14703.0,14703.0
53165.0,-2.240000000000009,51,14943.0,14943.0
53170.0,-2.609999999999985,57,15217.0,15217.0
53175.0,-2.609999999999985,55,15178.0,15178.0
53180.0,-0.7400000000000091,56,15206.0,15206.0
53185.0,-0.28000000000000114,54,15374.0,15374.0
53190.0,-2.8000000000000114,59,15660.0,15660.0
53195.0,-2.9599999999999795,66,15976.0,15976.0
53200.0,-3.3000000000000114,68,16316.0,16316.0
53205.0,-3.4000000000000057,68,16535.0,16535.0
53210.0,-2.269999999999982,59,16738.0,16738.0
53215.0,-1.210000000000008,59,16792.0,16792.0
53220.0,-1.3700000000000045,59,16996.0,16996.0
53225.0,-1.3700000000000045,59,17272.0,17272.0
53230.0,-3.9399999999999977,64,17582.0,17582.0
53235.0,-3.1500000000000057,64,17902.0,17902.0
53240.0,-3.1999999999999886,64,18222.0,18222.0
53245.0,-3.219999999999999,68,18557.0,18557.0
53250.0,-3.3700000000000045,65,18820.0,18820.0
53255.0,-3.280000000000001,62,19029.0,19029.0
53260.0,-2.3100000000000023,64,19310.0,19310.0
53265.0,-2.3100000000000023,57,17687.0,17687.0
53270.0,14.969999999999999,50,15810.0,15810.0
53275.0,18.77000000000001,39,15993.0,15993.0
53280.0,-2.4099999999999966,37,16161.0,16161.0
53285.0,-1.8600000000000136,42,16360.0,16360.0
53290.0,-2.1399999999999864,51,16598.0,16598.0
53295.0,-2.530000000000001,57,16871.0,16871.0
53300.0,-2.8300000000000125,62,17169.0,17169.0
53305.0,-3.0600000000000023,60,15890.0,15890.0
53310.0,26.230000000000018,51,14721.0,14721.0
53315.0,22.209999999999994,45,12494.0,12494.0
53320.0,22.209999999999994,47,12714.0,12714.0
53325.0,-3.1300000000000097,58,12980.0,12980.0
53330.0,-2.769999999999982,62,13283.0,13283.0
53335.0,-3.0700000000000216,65,13602.0,13602.0
53340.0,-3.2099999999999795,66,13930.0,13930.0
53345.0,-3.2900000000000205,66,14260.0,14260.0
53350.0,-3.3100000000000023,68,14598.0,14598.0
53355.0,-3.3899999999999864,71,14944.0,14944.0
53360.0,-3.490000000000009,73,15307.0,15307.0
53365.0,-3.6500000000000057,69,15451.0,15451.0
53370.0,-0.7800000000000011,63,15410.0,15410.0
53375.0,0.25,56,15410.0,15410.0
53380.0,0.25,58,15668.0,15668.0
53385.0,-2.3499999999999943,63,15969.0,15969.0
53390.0,-3.009999999999991,68,16299.0,16299.0
53395.0,-3.3000000000000114,72,16650.0,16650.0
53400.0,-3.509999999999991,73,17015.0,17015.0
53405.0,-3.6500000000000057,73,17380.0,17380.0
53410.0,-3.6500000000000057,69,17567.0,17567.0
53415.0,-1.7299999999999898,59,17609.0,17609.0
53420.0,-0.6500000000000057,56,16671.0,16671.0
53425.0,17.819999999999993,52,15888.0,15888.0
53430.0,17.0,50,13750.0,13750.0
53435.0,17.0,45,13955.0,13955.0
53440.0,1.4000000000000057,41,14165.0,14165.0
53445.0,-2.109999999999985,44,14264.0,14264.0
53450.0,-0.8100000000000023,43,14290.0,14290.0
53455.0,-0.7300000000000182,49,14399.0,14399.0
53460.0,-0.7300000000000182,52,14637.0,14637.0
53465.0,-2.759999999999991,60,14921.0,14921.0
53470.0,-2.8400000000000034,63,15229.0,15229.0
53475.0,-3.079999999999984,63,15544.0,15544.0
53480.0,-3.1500000000000057,59,15774.0,15774.0
53485.0,-2.8799999999999955,56,15928.0,15928.0
53490.0,-1.9000000000000057,54,16172.0,16172.0
53495.0,-3.6899999999999977,57,16448.0,16448.0
53500.0,-2.930000000000007,61,16745.0,16745.0
53505.0,-3.049999999999983,63,17052.0,17052.0
53510.0,-3.049999999999983,58,17290.0,17290.0
53515.0,-3.5900000000000034,59,17567.0,17567.0
53520.0,-2.780000000000001,56,16783.0,16783.0
53525.0,17.20999999999998,47,15021.0,15021.0
53530.0,16.939999999999998,41,13484.0,13484.0
53535.0,16.939999999999998,33,13597.0,13597.0
53540.0,6.140000000000015,33,13756.0,13756.0
53545.0,-1.5900000000000034,36,13152.0,13152.0
53550.0,11.540000000000006,33,11824.0,11824.0
53555.0,12.060000000000002,33,11194.0,11194.0
53560.0,0.8099999999999881,34,11349.0,11349.0
53565.0,-1.7999999999999972,41,11536.0,11536.0
53570.0,-2.219999999999999,46,11763.0,11763.0
53575.0,-2.219999999999999,43,11845.0,11845.0
53580.0,-1.730000000000004,45,12007.0,12007.0
53585.0,-1.6199999999999903,43,11719.0,11719.0
53590.0,6.36999999999999,34,11069.0,11069.0
53595.0,6.060000000000002,31,10869.0,10869.0
53600.0,6.060000000000002,32,10993.0,10993.0
53605.0,-1.8400000000000034,39,11174.0,11174.0
53610.0,-1.809999999999988,45,11390.0,11390.0
53615.0,-2.160000000000011,50,11631.0,11631.0
53620.0,-2.4099999999999966,50,11881.0,11881.0
53625.0,-2.5,47,12051.0,12051.0
53630.0,-2.049999999999997,45,12185.0,12185.0
53635.0,-1.7399999999999949,44,12377.0,12377.0
53640.0,-2.9000000000000057,45,12595.0,12595.0
53645.0,-2.25,45,12820.0,12820.0
53650.0,-2.25,47,13037.0,13037.0
53655.0,-3.0900000000000034,47,13272.0,13272.0
53660.0,-2.3499999999999943,47,13507.0,13507.0
53665.0,-3.3300000000000125,49,13750.0,13750.0
53670.0,-2.4499999999999886,49,13995.0,13995.0
53675.0,-2.4499999999999886,39,10885.0,10885.0
53680.0,30.120000000000005,35,7100.0,7100.0
53685.0,37.849999999999994,33,7252.0,7252.0
53690.0,-2.219999999999999,40,7436.0,7436.0
53695.0,-1.9699999999999989,46,7651.0,7651.0
53700.0,-2.269999999999996,50,7893.0,7893.0
53705.0,-2.490000000000009,51,8148.0,8148.0
53710.0,-2.5600000000000023,51,8312.0,8312.0
53715.0,-1.75,44,8470.0,8470.0
53720.0,-1.509999999999991,49,8619.0,8619.0
53725.0,-1.509999999999991,50,8857.0,8857.0
53730.0,-3.299999999999997,50,9107.0,9107.0
53735.0,-2.5,48,9327.0,9327.0
53740.0,-3.030000000000001,49,9555.0,9555.0
53745.0,-2.4200000000000017,49,9800.0,9800.0
53750.0,-2.469999999999999,53,10053.0,10053.0
53755.0,-2.469999999999999,52,10275.0,10275.0
53760.0,-3.260000000000005,55,10541.0,10541.0
53765.0,-2.6599999999999966,49,10212.0,10212.0
53770.0,7.659999999999997,43,9407.0,9407.0
53775.0,7.420000000000002,33,8941.0,8941.0
53780.0,-0.3299999999999983,30,9096.0,9096.0
53785.0,-1.6300000000000097,36,9265.0,9265.0
53790.0,-1.9599999999999937,42,9467.0,9467.0
53795.0,-2.280000000000001,52,9705.0,9705.0
53800.0,-2.6400000000000006,54,9971.0,9971.0
53805.0,-2.700000000000003,55,10242.0,10242.0
53810.0,-2.789999999999992,56,10522.0,10522.0
53815.0,-2.789999999999992,48,10591.0,10591.0
53820.0,-1.7199999999999989,46,10714.0,10714.0
53825.0,-1.230000000000004,51,10485.0,10485.0
53830.0,5.8700000000000045,45,9832.0,9832.0
53835.0,6.22999999999999,38,9629.0,9629.0
53840.0,6.22999999999999,33,9756.0,9756.0
53845.0,-2.049999999999997,39,9939.0,9939.0
53850.0,-1.8299999999999983,44,10151.0,10151.0
53855.0,-2.1200000000000045,53,10395.0,10395.0
53860.0,-2.4399999999999977,54,10661.0,10661.0
53865.0,-2.6599999999999966,52,10844.0,10844.0
53870.0,-2.1099999999999994,48,10958.0,10958.0
53875.0,-1.4500000000000028,50,11150.0,11150.0
53880.0,-2.3299999999999983,50,11400.0,11400.0
53885.0,-2.530000000000001,50,11632.0,11632.0
53890.0,-3.1299999999999955,49,11865.0,11865.0
53895.0,-2.480000000000004,53,12117.0,12117.0
53900.0,-2.730000000000004,56,12393.0,12393.0
53905.0,-2.730000000000004,50,11921.0,11921.0
53910.0,6.02000000000001,41,11080.0,11080.0
53915.0,6.159999999999997,34,11026.0,11026.0
53920.0,0.3100000000000023,31,11141.0,11141.0
53925.0,-1.5700000000000074,40,11323.0,11323.0
53930.0,-1.5700000000000074,44,11477.0,11477.0
53935.0,-2.319999999999993,51,11710.0,11710.0
53940.0,-2.3299999999999983,47,11586.0,11586.0
53945.0,4.019999999999996,38,10977.0,10977.0
53950.0,5.25,30,9304.0,9304.0
53955.0,28.099999999999994,24,7997.0,7997.0
53960.0,23.300000000000004,27,5265.0,5265.0
53965.0,23.300000000000004,28,5351.0,5351.0
53970.0,2.6300000000000026,35,5509.0,5509.0
53975.0,-1.6799999999999997,45,5718.0,5718.0
53980.0,-2.1600000000000037,47,5951.0,5951.0
53985.0,-2.3399999999999963,48,6188.0,6188.0
53990.0,-2.3900000000000006,49,6433.0,6433.0
53995.0,-2.4499999999999957,47,6544.0,6544.0
54000.0,-0.7900000000000063,38,6547.0,6547.0
54005.0,-0.269999999999996,41,6646.0,6646.0
54010.0,-0.269999999999996,46,6849.0,6849.0
54015.0,-2.6099999999999994,48,7087.0,7087.0
54020.0,-2.3800000000000097,50,7329.0,7329.0
54025.0,-2.4200000000000017,44,7215.0,7215.0
54030.0,3.5700000000000074,36,6788.0,6788.0
54035.0,3.9399999999999977,28,6410.0,6410.0
54040.0,0.5,33,6561.0,6561.0
54045.0,-1.7999999999999972,41,6749.0,6749.0
54050.0,-2.200000000000003,48,6976.0,6976.0
54055.0,-2.480000000000004,50,7226.0,7226.0
54060.0,-2.5799999999999983,52,7486.0,7486.0
54065.0,-2.5999999999999943,52,7746.0,7746.0
54070.0,-2.6599999999999966,54,8014.0,8014.0
54075.0,-2.700000000000003,54,8284.0,8284.0
54080.0,-2.769999999999996,59,8566.0,8566.0
54085.0,-2.990000000000009,60,8866.0,8866.0
54090.0,-3.019999999999996,62,9170.0,9170.0
54095.0,-3.019999999999996,54,9065.0,9065.0
54100.0,-0.09000000000000341,45,8979.0,8979.0
54105.0,0.9300000000000068,42,9113.0,9113.0
54110.0,-2.219999999999999,47,9339.0,9339.0
54115.0,-2.440000000000012,58,9605.0,9605.0
54120.0,-3.0,63,9916.0,9916.0
54125.0,-3.0,54,9905.0,9905.0
54130.0,-1.1499999999999915,49,9955.0,9955.0
54135.0,-0.5,49,10192.0,10192.0
54140.0,-3.4000000000000057,55,10459.0,10459.0
54145.0,-2.799999999999997,59,10752.0,10752.0
54150.0,-2.9599999999999937,64,11060.0,11060.0
54155.0,-3.190000000000012,63,10935.0,10935.0
54160.0,4.440000000000012,54,10597.0,10597.0
54165.0,6.969999999999999,49,9924.0,9924.0
54170.0,6.969999999999999,39,10122.0,10122.0
54175.0,-1.1200000000000045,45,10335.0,10335.0
54180.0,-2.219999999999999,53,10589.0,10589.0
54185.0,-2.6000000000000085,59,10871.0,10871.0
54190.0,-2.8999999999999915,67,11199.0,11199.0
54195.0,-3.3299999999999983,67,11534.0,11534.0
54200.0,-3.3599999999999994,69,11877.0,11877.0
54205.0,-3.4399999999999977,69,12222.0,12222.0
54210.0,-3.450000000000003,67,12345.0,12345.0
54215.0,-0.5200000000000102,59,12289.0,12289.0
54220.0,0.5600000000000023,55,12396.0,12396.0
54225.0,0.5600000000000023,56,12641.0,12641.0
54230.0,-3.539999999999992,61,12935.0,12935.0
54235.0,-2.9399999999999977,67,13259.0,13259.0
54240.0,-3.240000000000009,71,13611.0,13611.0
54245.0,-3.5200000000000102,73,13968.0,13968.0
54250.0,-3.569999999999993,67,12808.0,12808.0
54255.0,24.110000000000014,61,10498.0,10498.0
54260.0,26.549999999999997,59,8734.0,8734.0
54265.0,-0.6600000000000108,60,9028.0,9028.0
54270.0,-3.1799999999999926,67,9353.0,9353.0
54275.0,-3.4399999999999977,71,9701.0,9701.0
54280.0,-3.6099999999999994,74,10065.0,10065.0
54285.0,-3.6099999999999994,68,10015.0,10015.0
54290.0,0.4099999999999966,60,9730.0,9730.0
54295.0,1.5999999999999943,53,9901.0,9901.0
54300.0,-2.6799999999999926,57,10170.0,10170.0
54305.0,-2.8799999999999955,64,10471.0,10471.0
54310.0,-2.8799999999999955,59,10388.0,10388.0
54315.0,-0.4200000000000017,54,10367.0,10367.0
54320.0,0.20999999999999375,53,10626.0,10626.0
54325.0,-3.6899999999999977,61,10915.0,10915.0
54330.0,-3.030000000000001,67,11236.0,11236.0
54335.0,-3.3700000000000045,72,11591.0,11591.0
54340.0,-3.589999999999989,72,11951.0,11951.0
54345.0,-3.6200000000000045,74,12318.0,12318.0
54350.0,-3.6899999999999977,74,12688.0,12688.0
54355.0,-3.700000000000017,76,13064.0,13064.0
54360.0,-3.799999999999983,76,13444.0,13444.0
54365.0,-3.8000000000000114,75,13605.0,13605.0
54370.0,-0.8899999999999864,66,13751.0,13751.0
54375.0,0.3100000000000023,58,13661.0,13661.0
54380.0,0.3100000000000023,58,13944.0,13944.0
54385.0,-3.469999999999999,63,14246.0,14246.0
54390.0,-3.1000000000000227,69,14581.0,14581.0
54395.0,-3.3999999999999773,73,14940.0,14940.0
54400.0,-3.6200000000000045,74,15306.0,15306.0
54405.0,-3.680000000000007,77,15687.0,15687.0
54410.0,-3.829999999999984,77,16072.0,16072.0
54415.0,-3.8600000000000136,79,16464.0,16464.0
54420.0,-3.930000000000007,75,16034.0,16034.0
54425.0,10.800000000000011,67,14845.0,14845.0
54430.0,11.439999999999998,61,14082.0,14082.0
54435.0,11.439999999999998,55,14354.0,14354.0
54440.0,-0.3499999999999943,57,14631.0,14631.0
54445.0,-2.7700000000000102,63,14931.0,14931.0
54450.0,-3.0,70,15268.0,15268.0
54455.0,-3.3700000000000045,76,15635.0,15635.0
54460.0,-3.6699999999999875,78,16020.0,16020.0
54465.0,-3.8499999999999943,78,16410.0,16410.0
54470.0,-3.9000000000000057,79,16801.0,16801.0
54475.0,-3.9099999999999966,85,17220.0,17220.0
54480.0,-4.189999999999998,87,17651.0,17651.0
54485.0,-4.310000000000002,88,18090.0,18090.0
54490.0,-4.390000000000015,88,18530.0,18530.0
54495.0,-4.400000000000006,83,17673.0,17673.0
54500.0,18.53,75,15891.0,15891.0
54505.0,15.090000000000003,73,15377.0,15377.0
54510.0,-5.150000000000006,80,15763.0,15763.0
54515.0,-4.079999999999984,83,16174.0,16174.0
54520.0,-4.079999999999984,78,16004.0,16004.0
54525.0,2.1699999999999875,69,15448.0,15448.0
54530.0,3.5800000000000125,61,15597.0,15597.0
54535.0,-2.569999999999993,54,15883.0,15883.0
54540.0,-2.780000000000001,62,16172.0,16172.0
54545.0,-3.1200000000000045,69,16499.0,16499.0
54550.0,-3.539999999999992,77,16868.0,16868.0
54555.0,-3.9000000000000057,82,17270.0,17270.0
54560.0,-3.9000000000000057,73,16918.0,16918.0
54565.0,1.8899999999999864,67,16589.0,16589.0
54570.0,3.2900000000000205,61,16055.0,16055.0
54575.0,5.339999999999975,54,16314.0,16314.0
54580.0,-3.6399999999999864,58,16590.0,16590.0
54585.0,-2.9000000000000057,64,16899.0,16899.0
54590.0,-3.219999999999999,70,17239.0,17239.0
54595.0,-3.530000000000001,73,16614.0,16614.0
54600.0,14.879999999999995,63,15036.0,15036.0
54605.0,15.439999999999998,55,13554.0,13554.0
54610.0,15.439999999999998,50,13806.0,13806.0
54615.0,4.969999999999999,48,14045.0,14045.0
54620.0,-2.3999999999999773,56,14310.0,14310.0
54625.0,-2.719999999999999,64,14616.0,14616.0
54630.0,-3.130000000000024,71,14956.0,14956.0
54635.0,-3.4799999999999898,73,15320.0,15320.0
54640.0,-3.6500000000000057,75,15690.0,15690.0
54645.0,-3.719999999999999,72,15048.0,15048.0
54650.0,14.01000000000002,64,13753.0,13753.0
54655.0,10.109999999999985,68,13022.0,13022.0
54660.0,10.109999999999985,68,13334.0,13334.0
54665.0,0.18999999999999773,72,13688.0,13688.0
54670.0,-3.539999999999992,72,14048.0,14048.0
54675.0,-3.5999999999999943,69,13954.0,13954.0
54680.0,3.8799999999999955,59,13444.0,13444.0
54685.0,4.780000000000001,50,12972.0,12972.0
54690.0,0.06999999999999318,51,13226.0,13226.0
54695.0,-2.5999999999999943,56,13491.0,13491.0
54700.0,-2.8700000000000045,61,13783.0,13783.0
54705.0,-3.1599999999999966,68,14106.0,14106.0
54710.0,-3.5200000000000102,72,14462.0,14462.0
54715.0,-3.5200000000000102,66,14085.0,14085.0
54720.0,2.390000000000015,61,13826.0,13826.0
54725.0,2.6599999999999966,53,13981.0,13981.0
54730.0,-2.490000000000009,53,14238.0,14238.0
54735.0,-2.6999999999999886,59,14520.0,14520.0
54740.0,-3.0,66,14835.0,14835.0
54745.0,-3.3300000000000125,71,15177.0,15177.0
54750.0,-3.549999999999983,73,15538.0,15538.0
54755.0,-3.6500000000000057,73,15903.0,15903.0
54760.0,-3.6500000000000057,66,15682.0,15682.0
54765.0,0.75,58,15372.0,15372.0
54770.0,3.0999999999999943,52,15201.0,15201.0
54775.0,1.710000000000008,50,15348.0,15348.0
54780.0,-2.420000000000016,56,15607.0,15607.0
54785.0,-2.799999999999983,62,15904.0,15904.0
54790.0,-3.0900000000000034,66,16230.0,16230.0
54795.0,-3.3000000000000114,66,16560.0,16560.0
54800.0,-3.299999999999983,68,16895.0,16895.0
54805.0,-3.390000000000015,68,17235.0,17235.0
54810.0,-3.4000000000000057,67,17377.0,17377.0
54815.0,-0.799999999999983,58,17509.0,17509.0
54820.0,0.01999999999998181,53,17502.0,17502.0
54825.0,0.01999999999998181,52,17755.0,17755.0
54830.0,-3.579999999999984,56,18029.0,18029.0
54835.0,-2.8000000000000114,66,18337.0,18337.0
54840.0,-3.1599999999999966,68,18673.0,18673.0
54845.0,-3.3799999999999955,65,17689.0,17689.0
54850.0,21.389999999999986,58,15450.0,15450.0
54855.0,21.99000000000001,50,13304.0,13304.0
54860.0,21.99000000000001,45,13514.0,13514.0
54865.0,8.890000000000015,42,13725.0,13725.0
54870.0,-2.1100000000000136,51,13961.0,13961.0
54875.0,-2.3600000000000136,57,14235.0,14235.0
54880.0,-2.7399999999999807,66,14544.0,14544.0
54885.0,-3.0900000000000034,66,14874.0,14874.0
54890.0,-3.3000000000000114,66,15204.0,15204.0
54895.0,-3.299999999999983,62,15273.0,15273.0
54900.0,0.5999999999999943,53,14983.0,14983.0
54905.0,2.539999999999992,50,15036.0,15036.0
54910.0,-3.430000000000007,51,15284.0,15284.0
54915.0,-2.6799999999999784,57,15558.0,15558.0
54920.0,-2.980000000000018,63,15862.0,15862.0
54925.0,-3.3100000000000023,69,16199.0,16199.0
54930.0,-3.469999999999999,71,16548.0,16548.0
54935.0,-3.549999999999983,71,16903.0,16903.0
54940.0,-3.5800000000000125,76,17266.0,17266.0
54945.0,-3.5800000000000125,69,17147.0,17147.0
54950.0,-0.23999999999998067,60,17055.0,17055.0
54955.0,1.0,53,17154.0,17154.0
54960.0,-1.9400000000000261,55,17417.0,17417.0
54965.0,-2.789999999999992,60,17706.0,17706.0
54970.0,-2.789999999999992,56,17654.0,17654.0
54975.0,-0.6699999999999875,56,17686.0,17686.0
54980.0,-0.3200000000000216,56,17734.0,17734.0
54985.0,-0.47999999999998977,53,17005.0,17005.0
54990.0,14.789999999999992,50,15696.0,15696.0
54995.0,10.350000000000023,52,15332.0,15332.0
55000.0,-2.969999999999999,53,15565.0,15565.0
55005.0,-2.700000000000017,58,15845.0,15845.0
55010.0,-2.9000000000000057,58,16135.0,16135.0
55015.0,-2.9000000000000057,53,15605.0,15605.0
55020.0,4.189999999999998,53,15458.0,15458.0
55025.0,1.4699999999999989,52,15614.0,15614.0
55030.0,-2.6599999999999966,55,15887.0,15887.0
55035.0,-2.75,55,16162.0,16162.0
55040.0,-2.75,47,16154.0,16154.0
55045.0,-1.0199999999999818,40,16165.0,16165.0
55050.0,-0.11000000000001364,41,16160.0,16160.0
55055.0,0.05000000000001137,42,16349.0,16349.0
55060.0,-2.780000000000001,47,16577.0,16577.0
55065.0,-2.3300000000000125,49,16815.0,16815.0
55070.0,-2.4199999999999875,47,16971.0,16971.0
55075.0,-2.2700000000000102,48,17188.0,17188.0
55080.0,-2.4499999999999886,50,17435.0,17435.0
55085.0,-2.4499999999999886,44,14503.0,14503.0
55090.0,28.400000000000006,36,11721.0,11721.0
55095.0,27.89999999999999,24,11113.0,11113.0
55100.0,5.950000000000003,23,11205.0,11205.0
55105.0,-1.1400000000000006,26,11325.0,11325.0
55110.0,-1.3800000000000097,34,11477.0,11477.0
55115.0,-1.7800000000000011,41,11671.0,11671.0
55120.0,-2.1099999999999994,47,11893.0,11893.0
55125.0,-2.4099999999999966,51,12144.0,12144.0
55130.0,-2.4099999999999966,44,12045.0,12045.0
55135.0,-0.030000000000001137,37,11915.0,11915.0
55140.0,1.2999999999999972,38,11904.0,11904.0
55145.0,0.10999999999999943,37,12039.0,12039.0
55150.0,-2.069999999999993,41,12232.0,12232.0
55155.0,-2.049999999999997,44,12448.0,12448.0
55160.0,-2.219999999999999,45,12673.0,12673.0
55165.0,-2.2700000000000102,45,11590.0,11590.0
55170.0,23.22,37,9855.0,9855.0
55175.0,28.64,30,7609.0,7609.0
55180.0,28.64,21,7710.0,7710.0
55185.0,-1.519999999999996,24,7819.0,7819.0
55190.0,-1.1299999999999955,30,7957.0,7957.0
55195.0,-1.4500000000000028,38,8129.0,8129.0
55200.0,-1.7999999999999972,47,8347.0,8347.0
55205.0,-2.260000000000005,44,7547.0,7547.0
55210.0,17.5,38,5765.0,5765.0
55215.0,17.32,29,4084.0,4084.0
55220.0,17.32,25,4194.0,4194.0
55225.0,7.190000000000005,33,4343.0,4343.0
55230.0,-1.490000000000002,40,4525.0,4525.0
55235.0,-1.8200000000000003,47,4746.0,4746.0
55240.0,-2.210000000000001,48,4986.0,4986.0
55245.0,-2.3999999999999986,50,5235.0,5235.0
55250.0,-2.490000000000002,50,5485.0,5485.0
55255.0,-2.5,46,5478.0,5478.0
55260.0,1.5,36,5234.0,5234.0
55265.0,2.3100000000000023,34,5204.0,5204.0
55270.0,-2.3999999999999986,38,5382.0,5382.0
55275.0,-2.0800000000000054,45,5597.0,5597.0
55280.0,-2.3899999999999935,52,5843.0,5843.0
55285.0,-2.6700000000000017,54,6112.0,6112.0
55290.0,-2.719999999999999,56,6386.0,6386.0
55295.0,-2.719999999999999,48,6196.0,6196.0
55300.0,0.8799999999999955,40,6057.0,6057.0
55305.0,1.4200000000000017,38,6115.0,6115.0
55310.0,-1.3100000000000023,42,6314.0,6314.0
55315.0,-2.1400000000000006,48,6540.0,6540.0
55320.0,-2.4399999999999977,54,6796.0,6796.0
55325.0,-2.6899999999999977,55,7067.0,7067.0
55330.0,-2.6899999999999977,46,7019.0,7019.0
55335.0,-0.6099999999999994,41,6983.0,6983.0
55340.0,0.35999999999999943,42,7146.0,7146.0
55345.0,-2.5400000000000063,50,7383.0,7383.0
55350.0,-2.5,54,7649.0,7649.0
55355.0,-2.7099999999999937,56,7926.0,7926.0
55360.0,-2.799999999999997,54,8101.0,8101.0
55365.0,-1.7900000000000063,47,8264.0,8264.0
55370.0,-1.0499999999999972,47,8324.0,8324.0
55375.0,-1.0499999999999972,43,6826.0,6826.0
55380.0,14.539999999999992,37,5444.0,5444.0
55385.0,17.510000000000005,29,5212.0,5212.0
55390.0,-1.4499999999999957,26,5310.0,5310.0
55395.0,-1.2800000000000011,29,5447.0,5447.0
55400.0,-1.5300000000000011,38,5617.0,5617.0
55405.0,-1.5300000000000011,37,5650.0,5650.0
55410.0,-1.0700000000000003,42,5758.0,5758.0
55415.0,-1.0799999999999983,42,5324.0,5324.0
55420.0,8.68,35,4521.0,4521.0
55425.0,7.469999999999999,28,4189.0,4189.0
55430.0,-1.2000000000000028,24,4282.0,4282.0
55435.0,-1.25,30,4418.0,4418.0
55440.0,-1.6899999999999977,38,4595.0,4595.0
55445.0,-2.039999999999999,45,4806.0,4806.0
55450.0,-2.3699999999999974,49,5047.0,5047.0
55455.0,-2.3699999999999974,41,4113.0,4113.0
55460.0,8.449999999999996,42,3723.0,3723.0
55465.0,4.300000000000004,39,3386.0,3386.0
55470.0,6.479999999999997,32,2723.0,2723.0
55475.0,6.239999999999998,26,2149.0,2149.0
55480.0,6.239999999999998,18,2187.0,2187.0
55485.0,2.6400000000000006,26,2296.0,2296.0
55490.0,-1.0899999999999999,34,2451.0,2451.0
55495.0,-1.5500000000000007,43,2647.0,2647.0
55500.0,-1.9599999999999973,43,2862.0,2862.0
55505.0,-2.150000000000002,37,2864.0,2864.0
55510.0,1.0899999999999999,32,2690.0,2690.0
55515.0,1.5199999999999996,25,2666.0,2666.0
55520.0,-1.8099999999999987,33,2815.0,2815.0
55525.0,-1.8099999999999987,41,3004.0,3004.0
55530.0,-2.1300000000000026,43,3219.0,3219.0
55535.0,-2.1300000000000026,37,3119.0,3119.0
55540.0,0.22000000000000242,31,3072.0,3072.0
55545.0,0.5199999999999996,30,3100.0,3100.0
55550.0,0.05000000000000071,29,3195.0,3195.0
55555.0,-1.9500000000000028,37,3366.0,3366.0
55560.0,-1.8799999999999955,41,3561.0,3561.0
55565.0,-2.0400000000000063,41,3766.0,3766.0
55570.0,-2.0400000000000063,36,3866.0,3866.0
55575.0,-1.8199999999999932,36,4009.0,4009.0
55580.0,-1.4300000000000068,38,4191.0,4191.0
55585.0,-1.8199999999999932,34,4182.0,4182.0
55590.0,-0.14000000000000057,40,4322.0,4322.0
55595.0,-1.970000000000006,39,4002.0,4002.0
55600.0,7.760000000000005,32,3434.0,3434.0
55605.0,7.489999999999998,24,2520.0,2520.0
55610.0,7.489999999999998,12,2471.0,2471.0
55615.0,3.960000000000001,13,2464.0,2464.0
55620.0,0.03999999999999915,20,2543.0,2543.0
55625.0,-0.879999999999999,28,2670.0,2670.0
55630.0,-1.3300000000000018,34,2825.0,2825.0
55635.0,-1.6400000000000006,34,2626.0,2626.0
55640.0,5.25,24,2052.0,2052.0
55645.0,6.84,20,1694.0,1694.0
55650.0,6.84,16,1763.0,1763.0
55655.0,-1.0999999999999979,24,1865.0,1865.0
55660.0,-1.0199999999999996,30,2003.0,2003.0
55665.0,-1.3800000000000026,39,2182.0,2182.0
55670.0,-1.7899999999999991,39,2376.0,2376.0
55675.0,-1.9400000000000013,34,2408.0,2408.0
55680.0,0.40000000000000213,25,2303.0,2303.0
55685.0,0.75,25,2301.0,2301.0
55690.0,-1.490000000000002,30,2440.0,2440.0
55695.0,-1.629999999999999,34,2607.0,2607.0
55700.0,-1.629999999999999,31,2631.0,2631.0
55705.0,-0.879999999999999,32,2722.0,2722.0
55710.0,-0.9400000000000013,31,2500.0,2500.0
55715.0,5.27,27,1947.0,1947.0
55720.0,5.120000000000001,19,1755.0,1755.0
55725.0,5.120000000000001,15,1775.0,1775.0
55730.0,-0.5899999999999999,21,1870.0,1870.0
55735.0,-0.9499999999999993,28,1994.0,1994.0
55740.0,-1.240000000000002,36,2161.0,2161.0
55745.0,-1.6699999999999982,36,2341.0,2341.0
55750.0,-1.8000000000000007,32,2428.0,2428.0
55755.0,-0.6799999999999997,29,2432.0,2432.0
55760.0,-0.4400000000000013,27,2266.0,2266.0
55765.0,1.9200000000000017,31,2292.0,2292.0
55770.0,-1.5800000000000018,34,2453.0,2453.0
55775.0,-1.5800000000000018,34,2569.0,2569.0
55780.0,-1.8499999999999979,35,2744.0,2744.0
55785.0,-1.75,32,2517.0,2517.0
55790.0,5.32,24,1970.0,1970.0
55795.0,6.479999999999999,16,1498.0,1498.0
55800.0,6.479999999999999,15,1558.0,1558.0
55805.0,0.41000000000000014,21,1651.0,1651.0
55810.0,-0.9300000000000015,30,1784.0,1784.0
55815.0,-1.3299999999999983,29,1827.0,1827.0
55820.0,0.03999999999999915,25,1771.0,1771.0
55825.0,0.1999999999999993,24,1517.0,1517.0
55830.0,4.300000000000001,20,1214.0,1214.0
55835.0,3.7200000000000006,14,893.0,893.0
55840.0,3.7200000000000006,13,895.0,895.0
55845.0,0.4900000000000002,20,969.0,969.0
55850.0,-0.8300000000000001,29,1101.0,1101.0
55855.0,-1.3800000000000008,30,1247.0,1247.0
55860.0,-1.4799999999999986,31,1402.0,1402.0
55865.0,-1.5500000000000007,27,1314.0,1314.0
55870.0,2.2300000000000004,21,1077.0,1077.0
55875.0,2.66,19,982.0,982.0
55880.0,2.66,23,1062.0,1062.0
55885.0,-1.1799999999999997,29,1195.0,1195.0
55890.0,-1.33,31,1345.0,1345.0
55895.0,-1.5,32,1505.0,1505.0
55900.0,-1.6000000000000014,32,1665.0,1665.0
55905.0,-1.5999999999999979,34,1832.0,1832.0
55910.0,-1.6700000000000017,34,2002.0,2002.0
55915.0,-1.6999999999999993,36,2176.0,2176.0
55920.0,-1.740000000000002,42,2381.0,2381.0
55925.0,-2.049999999999997,43,2592.0,2592.0
55930.0,-2.110000000000003,44,2811.0,2811.0
55935.0,-2.1899999999999977,44,3031.0,3031.0
55940.0,-2.1999999999999993,42,2996.0,2996.0
55945.0,1.8699999999999974,32,2731.0,2731.0
55950.0,2.59,26,2550.0,2550.0
55955.0,-0.6699999999999982,30,2682.0,2682.0
55960.0,-1.629999999999999,36,2851.0,2851.0
55965.0,-1.9100000000000001,43,3049.0,3049.0
55970.0,-2.2200000000000024,45,3273.0,3273.0
55975.0,-2.280000000000001,47,3503.0,3503.0
55980.0,-2.280000000000001,39,3289.0,3289.0
55985.0,1.2899999999999991,34,3133.0,3133.0
55990.0,2.230000000000004,31,3150.0,3150.0
55995.0,-1.4600000000000009,36,3322.0,3322.0
56000.0,-1.8800000000000026,43,3523.0,3523.0
56005.0,-2.1999999999999957,47,3752.0,3752.0
56010.0,-2.1999999999999957,39,3706.0,3706.0
56015.0,-0.480000000000004,33,3718.0,3718.0
56020.0,-0.11999999999999744,36,3872.0,3872.0
56025.0,-2.3100000000000023,42,4073.0,4073.0
56030.0,-2.1499999999999986,45,4215.0,4215.0
56035.0,-1.4399999999999977,38,4297.0,4297.0
56040.0,-1.0200000000000031,37,4420.0,4420.0
56045.0,-1.0200000000000031,33,3787.0,3787.0
56050.0,5.910000000000004,27,3219.0,3219.0
56055.0,5.739999999999995,20,3132.0,3132.0
56060.0,0.8000000000000043,23,3201.0,3201.0
56065.0,-1.1600000000000037,31,3342.0,3342.0
56070.0,-1.6199999999999974,38,3518.0,3518.0
56075.0,-1.9500000000000028,42,3722.0,3722.0
56080.0,-1.9500000000000028,32,3240.0,3240.0
56085.0,3.980000000000004,27,2850.0,2850.0
56090.0,3.8999999999999986,25,2960.0,2960.0
56095.0,-1.629999999999999,31,3100.0,3100.0
56100.0,-1.5400000000000027,40,3281.0,3281.0
56105.0,-1.9399999999999977,42,3486.0,3486.0
56110.0,-2.1099999999999994,42,3555.0,3555.0
56115.0,-0.00999999999999801,34,3607.0,3607.0
56120.0,0.6899999999999977,30,3493.0,3493.0
56125.0,0.6899999999999977,31,3628.0,3628.0
56130.0,-1.5700000000000003,37,3803.0,3803.0
56135.0,-1.8299999999999983,45,4022.0,4022.0
56140.0,-2.230000000000004,45,4247.0,4247.0
56145.0,-2.25,43,4359.0,4359.0
56150.0,-1.0,36,4397.0,4397.0
56155.0,-0.6599999999999966,37,4497.0,4497.0
56160.0,-1.3000000000000043,38,4657.0,4657.0
56165.0,-1.3000000000000043,38,4795.0,4795.0
56170.0,-2.0700000000000003,40,4990.0,4990.0
56175.0,-1.9499999999999957,35,4815.0,4815.0
56180.0,4.740000000000002,28,4304.0,4304.0
56185.0,4.529999999999994,21,4018.0,4018.0
56190.0,-0.3200000000000003,22,4117.0,4117.0
56195.0,-1.2399999999999949,30,4249.0,4249.0
56200.0,-1.6200000000000045,35,4416.0,4416.0
56205.0,-1.8900000000000006,43,4613.0,4613.0
56210.0,-1.8900000000000006,36,4668.0,4668.0
56215.0,-1.3299999999999983,35,4778.0,4778.0
56220.0,-1.1000000000000014,36,4955.0,4955.0
56225.0,-2.549999999999997,38,5144.0,5144.0
56230.0,-1.8999999999999986,39,5335.0,5335.0
56235.0,-1.8999999999999986,35,5474.0,5474.0
56240.0,-2.1600000000000037,41,5666.0,5666.0
56245.0,-1.9199999999999946,41,5871.0,5871.0
56250.0,-2.0500000000000043,37,5722.0,5722.0
56255.0,4.130000000000003,29,5090.0,5090.0
56260.0,4.189999999999998,21,4959.0,4959.0
56265.0,0.28999999999999915,22,5032.0,5032.0
56270.0,-1.1700000000000017,29,5156.0,5156.0
56275.0,-1.5599999999999952,34,5317.0,5317.0
56280.0,-1.8900000000000006,42,5514.0,5514.0
56285.0,-2.1000000000000014,42,5724.0,5724.0
56290.0,-2.1000000000000014,37,5831.0,5831.0
56295.0,-1.6499999999999986,38,5978.0,5978.0
56300.0,-1.6899999999999977,36,5877.0,5877.0
56305.0,3.269999999999996,28,5511.0,5511.0
56310.0,3.8999999999999986,25,5349.0,5349.0
56315.0,3.8999999999999986,24,5394.0,5394.0
56320.0,-0.9499999999999957,29,5523.0,5523.0
56325.0,-1.2899999999999991,34,5687.0,5687.0
56330.0,-1.6400000000000006,37,5871.0,5871.0
56335.0,-1.8400000000000034,37,6056.0,6056.0
56340.0,-1.8500000000000014,35,6170.0,6170.0
56345.0,-1.3299999999999983,33,6260.0,6260.0
56350.0,-1.3599999999999994,37,6418.0,6418.0
56355.0,-2.430000000000007,38,6606.0,6606.0
56360.0,-1.8999999999999915,38,6796.0,6796.0
56365.0,-1.8999999999999915,37,6971.0,6971.0
56370.0,-2.5,37,7156.0,7156.0
56375.0,-1.8599999999999994,38,7343.0,7343.0
56380.0,-2.6299999999999955,38,7533.0,7533.0
56385.0,-1.970000000000013,42,7737.0,7737.0
56390.0,-2.1199999999999903,44,7954.0,7954.0
56395.0,-2.200000000000003,44,8174.0,8174.0
56400.0,-2.200000000000003,41,8340.0,8340.0
56405.0,-2.5400000000000063,43,8553.0,8553.0
56410.0,-2.1299999999999955,37,7491.0,7491.0
56415.0,21.17,30,5123.0,5123.0
56420.0,20.28,29,4460.0,4460.0
56425.0,-1.5700000000000003,34,4599.0,4599.0
56430.0,-1.8100000000000023,40,4786.0,4786.0
56435.0,-2.019999999999996,42,4990.0,4990.0
56440.0,-2.1000000000000014,42,5200.0,5200.0
56445.0,-2.1000000000000014,42,5410.0,5410.0
56450.0,-2.1000000000000014,39,5537.0,5537.0
56455.0,-2.0799999999999983,43,5735.0,5735.0
56460.0,-2.030000000000001,42,5944.0,5944.0
56465.0,-2.9100000000000037,42,6154.0,6154.0
56470.0,-2.0999999999999943,42,6364.0,6364.0
56475.0,-2.0999999999999943,43,6575.0,6575.0
56480.0,-2.950000000000003,44,6795.0,6795.0
56485.0,-2.200000000000003,41,6500.0,6500.0
56490.0,6.990000000000002,33,5487.0,5487.0
56495.0,7.160000000000004,27,5037.0,5037.0
56500.0,2.75,23,5128.0,5128.0
56505.0,-1.0900000000000034,26,5240.0,5240.0
56510.0,-1.490000000000002,34,5397.0,5397.0
56515.0,-1.8099999999999952,38,5582.0,5582.0
56520.0,-2.020000000000003,43,5789.0,5789.0
56525.0,-2.1899999999999977,46,6011.0,6011.0
56530.0,-2.1899999999999977,42,6130.0,6130.0
56535.0,-2.0700000000000003,42,6312.0,6312.0
56540.0,-1.8200000000000003,40,6077.0,6077.0
56545.0,5.880000000000003,32,5444.0,5444.0
56550.0,5.829999999999998,26,5125.0,5125.0
56555.0,5.829999999999998,23,5175.0,5175.0
56560.0,0.0799999999999983,28,5292.0,5292.0
56565.0,-1.1700000000000017,36,5455.0,5455.0
56570.0,-1.6299999999999955,43,5657.0,5657.0
56575.0,-2.020000000000003,44,5877.0,5877.0
56580.0,-2.200000000000003,46,6104.0,6104.0
56585.0,-2.269999999999996,46,6334.0,6334.0
56590.0,-2.3000000000000043,42,6469.0,6469.0
56595.0,-1.4399999999999977,39,6547.0,6547.0
56600.0,-1.2000000000000028,42,6722.0,6722.0
56605.0,-3.0,46,6944.0,6944.0
56610.0,-2.299999999999997,46,7174.0,7174.0
56615.0,-2.299999999999997,42,7353.0,7353.0
56620.0,-2.5799999999999983,44,7559.0,7559.0
56625.0,-2.1700000000000017,42,7764.0,7764.0
56630.0,-2.9099999999999966,45,7983.0,7983.0
56635.0,-2.269999999999996,48,8216.0,8216.0
56640.0,-2.450000000000003,52,8470.0,8470.0
56645.0,-2.6000000000000085,52,8730.0,8730.0
56650.0,-2.5999999999999943,53,8991.0,8991.0
56655.0,-2.5999999999999943,48,9163.0,9163.0
56660.0,-2.769999999999996,50,9400.0,9400.0
56665.0,-2.3700000000000045,50,9643.0,9643.0
56670.0,-3.430000000000007,51,9896.0,9896.0
56675.0,-2.569999999999993,54,10160.0,10160.0
56680.0,-2.680000000000007,54,10430.0,10430.0
56685.0,-2.6999999999999886,55,10701.0,10701.0
56690.0,-2.75,56,10981.0,10981.0
56695.0,-2.8000000000000114,56,11261.0,11261.0
56700.0,-2.799999999999997,58,11546.0,11546.0
56705.0,-2.8999999999999915,60,11842.0,11842.0
56710.0,-3.030000000000001,64,12156.0,12156.0
56715.0,-3.180000000000007,62,12382.0,12382.0
56720.0,-2.539999999999992,55,12593.0,12593.0
56725.0,-2.030000000000001,57,12787.0,12787.0
56730.0,-2.740000000000009,57,13072.0,13072.0
56735.0,-2.930000000000007,59,13367.0,13367.0
56740.0,-2.930000000000007,56,13615.0,13615.0
56745.0,-3.559999999999974,56,13888.0,13888.0
56750.0,-2.8000000000000114,54,13457.0,13457.0
56755.0,9.909999999999997,46,12395.0,12395.0
56760.0,10.159999999999997,39,11429.0,11429.0
56765.0,10.159999999999997,32,11584.0,11584.0
56770.0,3.530000000000001,34,11743.0,11743.0
56775.0,-1.5900000000000034,41,11932.0,11932.0
56780.0,-1.8899999999999864,49,12158.0,12158.0
56785.0,-2.260000000000005,50,12343.0,12343.0
56790.0,-2.3500000000000085,49,12509.0,12509.0
56795.0,-2.0799999999999983,48,12150.0,12150.0
56800.0,8.650000000000006,39,11775.0,11775.0
56805.0,8.760000000000005,33,10617.0,10617.0
56810.0,8.760000000000005,27,10727.0,10727.0
56815.0,1.1199999999999903,33,10871.0,10871.0
56820.0,-1.5600000000000023,37,11025.0,11025.0
56825.0,-2.3499999999999943,46,11230.0,11230.0
56830.0,-2.2900000000000063,46,11460.0,11460.0
56835.0,-2.2900000000000063,38,10696.0,10696.0
56840.0,6.720000000000013,28,10027.0,10027.0
56845.0,6.689999999999998,25,9908.0,9908.0
56850.0,0.8599999999999994,33,10033.0,10033.0
56855.0,-1.6099999999999994,41,10220.0,10220.0
56860.0,-2.0400000000000063,43,10402.0,10402.0
56865.0,-2.450000000000003,41,10592.0,10592.0
56870.0,-2.1199999999999903,43,10806.0,10806.0
56875.0,-2.1199999999999903,36,8080.0,8080.0
56880.0,26.489999999999995,29,5886.0,5886.0
56885.0,27.160000000000004,21,5010.0,5010.0
56890.0,3.3200000000000003,31,5125.0,5125.0
56895.0,-1.6000000000000014,38,5301.0,5301.0
56900.0,-1.9100000000000037,39,5495.0,5495.0
56905.0,-1.9699999999999989,41,5696.0,5696.0
56910.0,-2.049999999999997,41,5901.0,5901.0
56915.0,-2.049999999999997,33,5150.0,5150.0
56920.0,6.689999999999998,27,4498.0,4498.0
56925.0,6.520000000000003,26,4397.0,4397.0
56930.0,0.44999999999999574,32,4545.0,4545.0
56935.0,-1.5899999999999963,38,4723.0,4723.0
56940.0,-1.9400000000000048,43,4934.0,4934.0
56945.0,-2.1400000000000006,41,5016.0,5016.0
56950.0,-0.3499999999999943,33,5088.0,5088.0
56955.0,0.02999999999999403,31,5061.0,5061.0
56960.0,0.02999999999999403,37,5228.0,5228.0
56965.0,-2.1399999999999935,42,5432.0,5432.0
56970.0,-2.0800000000000054,42,5642.0,5642.0
56975.0,-2.1099999999999994,44,5861.0,5861.0
56980.0,-2.1999999999999957,44,6081.0,6081.0
56985.0,-2.200000000000003,46,6306.0,6306.0
56990.0,-2.270000000000003,46,6536.0,6536.0
56995.0,-2.29999999999999,52,6779.0,6779.0
57000.0,-2.5,54,7048.0,7048.0
57005.0,-2.700000000000003,54,7318.0,7318.0
57010.0,-2.710000000000008,56,7596.0,7596.0
57015.0,-2.789999999999992,56,7876.0,7876.0
57020.0,-2.799999999999997,54,7997.0,7997.0
57025.0,-0.8300000000000125,46,7989.0,7989.0
57030.0,0.45000000000000284,48,8011.0,8011.0
57035.0,0.45000000000000284,49,8224.0,8224.0
57040.0,-2.539999999999992,53,8483.0,8483.0
57045.0,-2.5900000000000034,50,8660.0,8660.0
57050.0,-2.030000000000001,45,8770.0,8770.0
57055.0,-1.5799999999999983,47,8974.0,8974.0
57060.0,-2.240000000000009,46,9191.0,9191.0
57065.0,-3.069999999999993,49,9424.0,9424.0
57070.0,-2.530000000000001,52,9680.0,9680.0
57075.0,-2.530000000000001,45,9012.0,9012.0
57080.0,5.730000000000004,35,8390.0,8390.0
57085.0,6.319999999999993,30,8369.0,8369.0
57090.0,-0.3399999999999892,30,8516.0,8516.0
57095.0,-1.5500000000000114,37,8684.0,8684.0
57100.0,-1.5500000000000114,38,8789.0,8789.0
57105.0,-1.769999999999996,47,9001.0,9001.0
57110.0,-2.1200000000000045,48,9241.0,9241.0
57115.0,-2.3999999999999915,44,9073.0,9073.0
57120.0,4.659999999999997,37,8538.0,8538.0
57125.0,4.810000000000002,28,8345.0,8345.0
57130.0,-1.230000000000004,27,8438.0,8438.0
57135.0,-1.4299999999999926,35,8595.0,8595.0
57140.0,-1.9200000000000017,44,8796.0,8796.0
57145.0,-2.3299999999999983,50,9035.0,9035.0
57150.0,-2.3299999999999983,42,8649.0,8649.0
57155.0,2.9599999999999937,36,8353.0,8353.0
57160.0,3.019999999999996,31,8444.0,8444.0
57165.0,-1.509999999999991,36,8607.0,8607.0
57170.0,-1.8599999999999994,42,8807.0,8807.0
57175.0,-2.1400000000000006,46,9029.0,9029.0
57180.0,-2.3400000000000034,50,9271.0,9271.0
57185.0,-2.510000000000005,51,9525.0,9525.0
57190.0,-2.5799999999999983,53,9787.0,9787.0
57195.0,-2.5799999999999983,45,9760.0,9760.0
57200.0,-0.789999999999992,41,9751.0,9751.0
57205.0,0.0899999999999892,41,9908.0,9908.0
57210.0,-2.3999999999999915,49,10132.0,10132.0
57215.0,-2.4200000000000017,53,10392.0,10392.0
57220.0,-2.6500000000000057,51,10341.0,10341.0
57225.0,2.240000000000009,43,10317.0,10317.0
57230.0,2.3999999999999915,37,10001.0,10001.0
57235.0,2.3999999999999915,36,10163.0,10163.0
57240.0,-1.6700000000000017,43,10367.0,10367.0
57245.0,-2.0999999999999943,47,10598.0,10598.0
57250.0,-2.3499999999999943,54,10853.0,10853.0
57255.0,-2.6099999999999994,54,11123.0,11123.0
57260.0,-2.700000000000003,51,11241.0,11241.0
57265.0,-0.8299999999999983,42,11242.0,11242.0
57270.0,-0.07000000000000739,42,11274.0,11274.0
57275.0,-0.4399999999999977,42,11395.0,11395.0
57280.0,-0.4399999999999977,45,11590.0,11590.0
57285.0,-2.7900000000000063,50,11829.0,11829.0
57290.0,-2.3900000000000006,52,12089.0,12089.0
57295.0,-2.5999999999999943,53,12350.0,12350.0
57300.0,-2.6099999999999994,54,12617.0,12617.0
57305.0,-2.6700000000000017,54,12887.0,12887.0
57310.0,-2.700000000000003,56,13162.0,13162.0
57315.0,-2.75,56,13442.0,13442.0
57320.0,-2.799999999999983,59,13731.0,13731.0
57325.0,-2.890000000000015,62,14040.0,14040.0
57330.0,-3.0900000000000034,62,14350.0,14350.0
57335.0,-3.0999999999999943,64,14668.0,14668.0
57340.0,-3.180000000000007,64,14988.0,14988.0
57345.0,-3.1999999999999886,60,14916.0,14916.0
57350.0,3.1200000000000045,50,14507.0,14507.0
57355.0,3.6200000000000045,51,14361.0,14361.0
57360.0,-2.490000000000009,50,14613.0,14613.0
57365.0,-2.6599999999999966,57,14886.0,14886.0
57370.0,-3.0400000000000205,63,15196.0,15196.0
57375.0,-3.259999999999991,67,15526.0,15526.0
57380.0,-3.3799999999999955,69,15866.0,15866.0
57385.0,-3.3799999999999955,61,15867.0,15867.0
57390.0,-0.25,57,15681.0,15681.0
57395.0,0.8400000000000034,52,15865.0,15865.0
57400.0,-2.890000000000015,58,16143.0,16143.0
57405.0,-2.9599999999999795,63,16448.0,16448.0
57410.0,-3.230000000000018,68,16782.0,16782.0
57415.0,-3.4000000000000057,70,17125.0,17125.0
57420.0,-3.4899999999999807,70,17475.0,17475.0
57425.0,-3.539999999999992,75,17838.0,17838.0
57430.0,-3.7900000000000205,78,18224.0,18224.0
57435.0,-3.9000000000000057,78,18614.0,18614.0
57440.0,-3.9299999999999784,80,19011.0,19011.0
57445.0,-4.0,80,19411.0,19411.0
57450.0,-4.02000000000001,82,19817.0,19817.0
57455.0,-4.099999999999994,82,20227.0,20227.0
57460.0,-4.1200000000000045,85,20644.0,20644.0
57465.0,-4.259999999999991,87,21075.0,21075.0
57470.0,-4.350000000000023,87,21510.0,21510.0
57475.0,-4.399999999999977,89,21954.0,21954.0
57480.0,-4.450000000000017,89,22399.0,22399.0
57485.0,-4.47999999999999,91,22851.0,22851.0
57490.0,-4.550000000000011,91,23306.0,23306.0
57495.0,-4.550000000000011,87,23100.0,23100.0
57500.0,0.2400000000000091,79,22838.0,22838.0
57505.0,2.6200000000000045,71,23073.0,23073.0
57510.0,-3.75,71,23426.0,23426.0
57515.0,-3.5900000000000034,78,23801.0,23801.0
57520.0,-3.8700000000000045,84,24206.0,24206.0
57525.0,-4.199999999999989,91,24648.0,24648.0
57530.0,-4.530000000000001,93,25109.0,25109.0
57535.0,-4.670000000000016,96,25587.0,25587.0
57540.0,-4.800000000000011,96,26067.0,26067.0
57545.0,-4.7999999999999545,98,26553.0,26553.0
57550.0,-4.900000000000034,98,27043.0,27043.0
57555.0,-4.899999999999977,100,27537.0,27537.0
57560.0,-4.980000000000018,98,27703.0,27703.0
57565.0,-0.2799999999999727,93,27708.0,27708.0
57570.0,2.579999999999984,87,27471.0,27471.0
57575.0,1.6999999999999886,79,27312.0,27312.0
57580.0,0.75,74,27264.0,27264.0
57585.0,0.75,71,27575.0,27575.0
57590.0,-3.8700000000000045,77,27951.0,27951.0
57595.0,-3.8100000000000023,80,27602.0,27602.0
57600.0,8.930000000000007,78,26598.0,26598.0
57605.0,9.490000000000009,70,25700.0,25700.0
57610.0,9.490000000000009,66,26027.0,26027.0
57615.0,1.6100000000000136,64,26345.0,26345.0
57620.0,-3.180000000000007,66,26477.0,26477.0
57625.0,-0.8500000000000227,62,26454.0,26454.0
57630.0,0.060000000000002274,62,24295.0,24295.0
57635.0,40.81,58,22401.0,22401.0
57640.0,36.56999999999999,59,18745.0,18745.0
57645.0,36.56999999999999,60,19007.0,19007.0
57650.0,-3.799999999999983,63,19310.0,19310.0
57655.0,-3.069999999999993,69,19643.0,19643.0
57660.0,-3.4099999999999966,77,20013.0,20013.0
57665.0,-3.7700000000000102,81,20410.0,20410.0
57670.0,-4.0,77,18993.0,18993.0
57675.0,29.50999999999999,69,16142.0,16142.0
57680.0,31.930000000000007,66,14480.0,14480.0
57685.0,31.930000000000007,64,14787.0,14787.0
57690.0,-4.400000000000006,74,15136.0,15136.0
57695.0,-3.490000000000009,79,15521.0,15521.0
57700.0,-3.8499999999999943,82,15926.0,15926.0
57705.0,-4.049999999999983,76,15563.0,15563.0
57710.0,9.759999999999991,70,13761.0,13761.0
57715.0,13.189999999999998,64,13452.0,13452.0
57720.0,-0.6500000000000057,59,13755.0,13755.0
57725.0,-3.019999999999982,63,14061.0,14061.0
57730.0,-3.240000000000009,68,14390.0,14390.0
57735.0,-3.5800000000000125,77,14757.0,14757.0
57740.0,-3.9799999999999898,82,15160.0,15160.0
57745.0,-4.1200000000000045,83,15573.0,15573.0
57750.0,-4.25,88,16003.0,16003.0
57755.0,-4.25,81,15453.0,15453.0
57760.0,7.510000000000019,72,14251.0,14251.0
57765.0,8.409999999999997,65,14585.0,14585.0
57770.0,-4.52000000000001,64,14903.0,14903.0
57775.0,-3.259999999999991,70,15240.0,15240.0
57780.0,-3.5500000000000114,76,15607.0,15607.0
57785.0,-3.859999999999985,83,16006.0,16006.0
57790.0,-4.25,87,16441.0,16441.0
57795.0,-4.350000000000023,87,16876.0,16876.0
57800.0,-4.350000000000023,77,16371.0,16371.0
57805.0,3.3100000000000023,70,15923.0,15923.0
57810.0,4.480000000000018,61,16042.0,16042.0
57815.0,-2.4000000000000057,58,16340.0,16340.0
57820.0,-2.950000000000017,65,16647.0,16647.0
57825.0,-3.259999999999991,74,17001.0,17001.0
57830.0,-3.6899999999999977,81,17392.0,17392.0
57835.0,-4.050000000000011,84,17810.0,17810.0
57840.0,-4.199999999999989,82,17790.0,17790.0
57845.0,2.9399999999999977,76,17354.0,17354.0
57850.0,6.280000000000001,66,17122.0,17122.0
57855.0,6.280000000000001,64,17429.0,17429.0
57860.0,-4.3700000000000045,69,17761.0,17761.0
57865.0,-3.3899999999999864,75,18125.0,18125.0
57870.0,-3.6899999999999977,78,18118.0,18118.0
57875.0,2.3400000000000034,75,17767.0,17767.0
57880.0,4.659999999999997,68,17478.0,17478.0
57885.0,4.659999999999997,62,17774.0,17774.0
57890.0,-2.730000000000018,70,18106.0,18106.0
57895.0,-3.319999999999993,72,17629.0,17629.0
57900.0,11.02000000000001,67,16449.0,16449.0
57905.0,11.139999999999986,61,15710.0,15710.0
57910.0,-0.4199999999999875,57,15989.0,15989.0
57915.0,-2.8600000000000136,61,16279.0,16279.0
57920.0,-2.8600000000000136,60,15898.0,15898.0
57925.0,2.6100000000000136,57,15602.0,15602.0
57930.0,3.0,58,15619.0,15619.0
57935.0,-1.3900000000000148,62,15919.0,15919.0
57940.0,-3.1599999999999966,68,16247.0,16247.0
57945.0,-3.1599999999999966,66,15500.0,15500.0
57950.0,6.1200000000000045,61,14865.0,14865.0
57955.0,6.349999999999994,56,15140.0,15140.0
57960.0,-3.819999999999993,55,15409.0,15409.0
57965.0,-2.759999999999991,62,15705.0,15705.0
57970.0,-3.130000000000024,68,15838.0,15838.0
57975.0,-0.8999999999999773,66,15992.0,15992.0
57980.0,-0.18000000000000682,61,15873.0,15873.0
57985.0,-0.18000000000000682,51,15431.0,15431.0
57990.0,6.590000000000003,47,14713.0,14713.0
57995.0,5.239999999999981,43,14554.0,14554.0
58000.0,1.0,50,14756.0,14756.0
58005.0,-2.569999999999993,57,15031.0,15031.0
58010.0,-2.9499999999999886,65,15342.0,15342.0
58015.0,-3.319999999999993,71,15687.0,15687.0
58020.0,-3.319999999999993,62,15343.0,15343.0
58025.0,2.019999999999982,54,15095.0,15095.0
58030.0,2.480000000000018,51,13384.0,13384.0
58035.0,33.50999999999999,47,10291.0,10291.0
58040.0,28.14999999999999,46,9035.0,9035.0
58045.0,-2.75,49,9253.0,9253.0
58050.0,-2.589999999999989,57,9520.0,9520.0
58055.0,-2.960000000000008,63,9822.0,9822.0
58060.0,-3.2099999999999937,66,10146.0,10146.0
58065.0,-3.299999999999997,66,10476.0,10476.0
58070.0,-3.299999999999997,60,10221.0,10221.0
58075.0,1.289999999999992,56,10013.0,10013.0
58080.0,2.1299999999999955,48,10142.0,10142.0
58085.0,-2.1799999999999926,48,10382.0,10382.0
58090.0,-2.480000000000004,54,10640.0,10640.0
58095.0,-2.75,60,10929.0,10929.0
58100.0,-3.0900000000000034,66,11248.0,11248.0
58105.0,-3.3599999999999994,69,11592.0,11592.0
58110.0,-3.3599999999999994,65,11406.0,11406.0
58115.0,0.480000000000004,59,11282.0,11282.0
58120.0,1.240000000000009,53,11020.0,11020.0
58125.0,2.6199999999999903,48,11240.0,11240.0
58130.0,-3.1099999999999994,54,11489.0,11489.0
58135.0,-2.6799999999999926,60,11775.0,11775.0
58140.0,-2.990000000000009,65,12092.0,12092.0
58145.0,-3.239999999999995,70,12423.0,12423.0
58150.0,-3.4399999999999977,73,12785.0,12785.0
58155.0,-3.6500000000000057,71,12709.0,12709.0
58160.0,3.5400000000000063,63,12640.0,12640.0
58165.0,3.969999999999999,57,12076.0,12076.0
58170.0,3.969999999999999,52,12329.0,12329.0
58175.0,-2.0,56,12596.0,12596.0
58180.0,-2.740000000000009,66,12903.0,12903.0
58185.0,-3.1499999999999915,73,13248.0,13248.0
58190.0,-3.5200000000000102,74,13617.0,13617.0
58195.0,-3.7099999999999795,76,13996.0,13996.0
58200.0,-3.8000000000000114,72,14082.0,14082.0
58205.0,0.46000000000000796,66,13917.0,13917.0
58210.0,1.4399999999999977,58,13895.0,13895.0
58215.0,1.4399999999999977,55,14144.0,14144.0
58220.0,-2.6200000000000045,63,14440.0,14440.0
58225.0,-2.960000000000008,69,14777.0,14777.0
58230.0,-3.3700000000000045,70,13447.0,13447.0
58235.0,27.330000000000013,65,10846.0,10846.0
58240.0,23.239999999999995,56,9259.0,9259.0
58245.0,2.280000000000001,61,9553.0,9553.0
58250.0,-3.1700000000000017,70,9879.0,9879.0
58255.0,-3.6799999999999926,77,10254.0,10254.0
58260.0,-3.8900000000000006,78,10644.0,10644.0
58265.0,-3.8900000000000006,73,10469.0,10469.0
58270.0,0.2599999999999909,64,10306.0,10306.0
58275.0,1.7199999999999989,59,10059.0,10059.0
58280.0,3.510000000000005,49,10207.0,10207.0
58285.0,-3.3900000000000006,54,10463.0,10463.0
58290.0,-2.8499999999999943,66,10772.0,10772.0
58295.0,-3.3900000000000006,74,11127.0,11127.0
58300.0,-3.719999999999999,76,11504.0,11504.0
58305.0,-3.719999999999999,69,11454.0,11454.0
58310.0,-1.0200000000000102,60,11455.0,11455.0
58315.0,-0.009999999999990905,56,11389.0,11389.0
58320.0,0.6599999999999966,56,11099.0,11099.0
58325.0,7.469999999999999,51,10264.0,10264.0
58330.0,8.090000000000003,48,9465.0,9465.0
58335.0,2.239999999999995,41,9644.0,9644.0
58340.0,-1.8900000000000006,44,9842.0,9842.0
58345.0,-2.339999999999989,52,10084.0,10084.0
58350.0,-2.700000000000003,59,10361.0,10361.0
58355.0,-3.0700000000000074,64,10673.0,10673.0
58360.0,-3.219999999999999,67,10998.0,10998.0
58365.0,-3.519999999999996,72,11355.0,11355.0
58370.0,-3.6000000000000085,72,11715.0,11715.0
58375.0,-3.6000000000000085,66,11789.0,11789.0
58380.0,-1.259999999999991,58,11737.0,11737.0
58385.0,0.3400000000000034,52,11942.0,11942.0
58390.0,-3.700000000000003,59,12221.0,12221.0
58395.0,-2.960000000000008,66,12532.0,12532.0
58400.0,-3.4200000000000017,72,12886.0,12886.0
58405.0,-3.4200000000000017,63,12954.0,12954.0
58410.0,-2.109999999999985,57,13038.0,13038.0
58415.0,-0.8400000000000034,58,13286.0,13286.0
58420.0,-3.670000000000016,64,13592.0,13592.0
58425.0,-3.1699999999999875,65,13266.0,13266.0
58430.0,7.9199999999999875,60,12700.0,12700.0
58435.0,8.13000000000001,55,11918.0,11918.0
58440.0,8.13000000000001,48,12150.0,12150.0
58445.0,-0.7999999999999972,47,12382.0,12382.0
58450.0,-2.3299999999999983,51,12500.0,12500.0
58455.0,-1.0900000000000034,47,12540.0,12540.0
58460.0,-0.730000000000004,53,12675.0,12675.0
58465.0,-0.730000000000004,47,11874.0,11874.0
58470.0,7.38000000000001,47,11182.0,11182.0
58475.0,6.920000000000002,37,10954.0,10954.0
58480.0,1.5999999999999943,39,11135.0,11135.0
58485.0,-1.9500000000000028,47,11354.0,11354.0
58490.0,-2.3400000000000034,54,11608.0,11608.0
58495.0,-2.6700000000000017,59,11892.0,11892.0
58500.0,-2.9299999999999926,60,12191.0,12191.0
58505.0,-3.0,65,12499.0,12499.0
58510.0,-3.230000000000004,66,12390.0,12390.0
58515.0,4.060000000000002,56,11910.0,11910.0
58520.0,4.469999999999999,48,11677.0,11677.0
58525.0,4.469999999999999,46,11907.0,11907.0
58530.0,-1.7399999999999949,54,12160.0,12160.0
58535.0,-2.6099999999999994,61,12454.0,12454.0
58540.0,-3.0,63,12768.0,12768.0
58545.0,-3.1599999999999966,69,13103.0,13103.0
58550.0,-3.4000000000000057,65,13209.0,13209.0
58555.0,-0.06999999999999318,59,13098.0,13098.0
58560.0,0.9499999999999886,51,13107.0,13107.0
58565.0,0.9499999999999886,50,13334.0,13334.0
58570.0,-2.5,56,13599.0,13599.0
58575.0,-2.6500000000000057,57,13714.0,13714.0
58580.0,-0.7299999999999898,56,13706.0,13706.0
58585.0,-0.2599999999999909,52,13797.0,13797.0
58590.0,-3.140000000000015,56,14068.0,14068.0
58595.0,-2.9499999999999886,63,14370.0,14370.0
58600.0,-3.200000000000017,65,14692.0,14692.0
58605.0,-3.259999999999991,67,15020.0,15020.0
58610.0,-3.259999999999991,59,15116.0,15116.0
58615.0,-2.210000000000008,58,15272.0,15272.0
58620.0,-1.5600000000000023,56,15086.0,15086.0
58625.0,5.25,51,14532.0,14532.0
58630.0,6.52000000000001,46,14247.0,14247.0
58635.0,6.52000000000001,41,14407.0,14407.0
58640.0,-2.539999999999992,49,14633.0,14633.0
58645.0,-2.2600000000000193,55,14896.0,14896.0
58650.0,-2.6299999999999955,64,15201.0,15201.0
58655.0,-3.049999999999983,62,15197.0,15197.0
58660.0,1.789999999999992,53,14913.0,14913.0
58665.0,2.6299999999999955,47,14775.0,14775.0
58670.0,-0.789999999999992,43,14881.0,14881.0
58675.0,-0.2400000000000091,46,14836.0,14836.0
58680.0,-0.2400000000000091,47,15005.0,15005.0
58685.0,-1.9000000000000057,54,15250.0,15250.0
58690.0,-2.530000000000001,59,15535.0,15535.0
58695.0,-2.8899999999999864,59,15830.0,15830.0
58700.0,-2.9499999999999886,57,16024.0,16024.0
58705.0,-2.200000000000017,49,16152.0,16152.0
58710.0,-1.5200000000000102,51,16342.0,16342.0
58715.0,-2.1299999999999955,51,16576.0,16576.0
58720.0,-2.1299999999999955,52,16810.0,16810.0
58725.0,-3.359999999999985,56,17084.0,17084.0
58730.0,-2.740000000000009,58,17371.0,17371.0
58735.0,-2.8700000000000045,55,17633.0,17633.0
58740.0,-3.6799999999999784,57,17910.0,17910.0
58745.0,-2.8500000000000227,55,16175.0,16175.0
58750.0,35.140000000000015,49,14559.0,14559.0
58755.0,30.89999999999999,41,10740.0,10740.0
58760.0,30.89999999999999,34,10870.0,10870.0
58765.0,5.25,41,11052.0,11052.0
58770.0,-1.9899999999999949,47,11277.0,11277.0
58775.0,-2.3200000000000074,52,11083.0,11083.0
58780.0,5.230000000000004,44,10502.0,10502.0
58785.0,7.099999999999994,37,10167.0,10167.0
58790.0,7.099999999999994,32,10316.0,10316.0
58795.0,-2.2299999999999898,43,10505.0,10505.0
58800.0,-1.8900000000000006,48,10735.0,10735.0
58805.0,-2.299999999999997,54,10994.0,10994.0
58810.0,-2.5900000000000034,59,11285.0,11285.0
58815.0,-2.9099999999999966,53,11232.0,11232.0
58820.0,2.839999999999989,49,10859.0,10859.0
58825.0,3.3299999999999983,37,10638.0,10638.0
58830.0,0.18000000000000682,34,10684.0,10684.0
58835.0,0.15000000000000568,39,10611.0,10611.0
58840.0,-0.7600000000000051,46,10757.0,10757.0
58845.0,-0.7600000000000051,45,10921.0,10921.0
58850.0,-2.5600000000000023,47,11147.0,11147.0
58855.0,-2.269999999999996,43,11079.0,11079.0
58860.0,2.8400000000000034,36,10760.0,10760.0
58865.0,2.6999999999999886,32,10703.0,10703.0
58870.0,2.6999999999999886,36,10862.0,10862.0
58875.0,-2.219999999999999,44,11069.0,11069.0
58880.0,-2.069999999999993,50,11306.0,11306.0
58885.0,-2.3700000000000045,45,11364.0,11364.0
58890.0,0.35999999999999943,35,11268.0,11268.0
58895.0,0.38000000000000966,38,9651.0,9651.0
58900.0,29.679999999999993,32,8296.0,8296.0
58905.0,24.799999999999997,29,5813.0,5813.0
58910.0,24.799999999999997,29,5923.0,5923.0
58915.0,-1.5599999999999952,34,6069.0,6069.0
58920.0,-1.6499999999999986,43,6269.0,6269.0
58925.0,-2.0700000000000003,44,6488.0,6488.0
58930.0,-2.210000000000001,42,6536.0,6536.0
58935.0,0.5,34,6407.0,6407.0
58940.0,1.0700000000000003,35,6394.0,6394.0
58945.0,1.0700000000000003,39,6563.0,6563.0
58950.0,-1.8699999999999974,45,6774.0,6774.0
58955.0,-2.1099999999999994,47,7008.0,7008.0
58960.0,-2.3400000000000034,47,7243.0,7243.0
58965.0,-2.3500000000000085,44,7334.0,7334.0
58970.0,-0.5899999999999892,35,7323.0,7323.0
58975.0,-0.23000000000000398,37,7376.0,7376.0
58980.0,-2.0400000000000063,41,7570.0,7570.0
58985.0,-2.1499999999999915,45,7789.0,7789.0
58990.0,-2.280000000000001,47,8019.0,8019.0
58995.0,-2.3499999999999943,47,8254.0,8254.0
59000.0,-2.3499999999999943,41,8378.0,8378.0
59005.0,-1.7600000000000051,40,8470.0,8470.0
59010.0,-1.2600000000000051,42,8664.0,8664.0
59015.0,-2.8999999999999915,47,8892.0,8892.0
59020.0,-2.3599999999999994,48,9131.0,9131.0
59025.0,-2.4000000000000057,48,9371.0,9371.0
59030.0,-2.4000000000000057,44,9541.0,9541.0
59035.0,-2.6599999999999966,45,9748.0,9748.0
59040.0,-2.0700000000000074,40,9614.0,9614.0
59045.0,3.8800000000000097,34,9009.0,9009.0
59050.0,4.1699999999999875,29,8873.0,8873.0
59055.0,-0.29999999999999716,29,9002.0,9002.0
59060.0,-1.5899999999999892,35,9167.0,9167.0
59065.0,-1.5899999999999892,38,9308.0,9308.0
59070.0,-2.1500000000000057,41,9509.0,9509.0
59075.0,-2.030000000000001,37,9391.0,9391.0
59080.0,3.0799999999999983,30,9055.0,9055.0
59085.0,2.8100000000000023,27,8833.0,8833.0
59090.0,2.8100000000000023,28,8910.0,8910.0
59095.0,0.5100000000000051,33,9062.0,9062.0
59100.0,-1.5200000000000102,39,9250.0,9250.0
59105.0,-1.8799999999999955,39,9445.0,9445.0
59110.0,-1.9500000000000028,40,9642.0,9642.0
59115.0,-1.9699999999999989,35,9670.0,9670.0
59120.0,0.6599999999999966,31,9528.0,9528.0
59125.0,0.480000000000004,31,9590.0,9590.0
59130.0,-1.9599999999999937,35,9759.0,9759.0
59135.0,-1.8900000000000006,39,9952.0,9952.0
59140.0,-1.9500000000000028,39,10147.0,10147.0
59145.0,-1.9500000000000028,33,10214.0,10214.0
59150.0,-0.480000000000004,31,10164.0,10164.0
59155.0,-0.39000000000000057,32,10299.0,10299.0
59160.0,-2.0999999999999943,40,10484.0,10484.0
59165.0,-1.990000000000009,40,10684.0,10684.0
59170.0,-2.0,42,10887.0,10887.0
59175.0,-2.089999999999989,42,11097.0,11097.0
59180.0,-2.1000000000000085,43,11308.0,11308.0
59185.0,-2.1400000000000006,44,11525.0,11525.0
59190.0,-2.1999999999999886,44,11745.0,11745.0
59195.0,-2.280000000000001,49,11984.0,11984.0
59200.0,-2.490000000000009,50,12234.0,12234.0
59205.0,-2.519999999999996,52,12490.0,12490.0
59210.0,-2.5999999999999943,52,12750.0,12750.0
59215.0,-2.6000000000000085,53,13012.0,13012.0
59220.0,-2.6000000000000085,44,12992.0,12992.0
59225.0,-0.8599999999999852,43,13009.0,13009.0
59230.0,-0.17000000000001592,44,12942.0,12942.0
59235.0,1.8199999999999932,42,12756.0,12756.0
59240.0,1.3900000000000148,42,12775.0,12775.0
59245.0,-2.3300000000000125,45,12960.0,12960.0
59250.0,-2.25,47,13193.0,13193.0
59255.0,-2.4099999999999966,49,13436.0,13436.0
59260.0,-2.4499999999999886,49,13681.0,13681.0
59265.0,-2.4499999999999886,47,10402.0,10402.0
59270.0,31.849999999999994,40,7672.0,7672.0
59275.0,27.370000000000005,33,7248.0,7248.0
59280.0,3.6299999999999955,37,7421.0,7421.0
59285.0,-1.9200000000000017,45,7626.0,7626.0
59290.0,-2.269999999999996,50,7866.0,7866.0
59295.0,-2.269999999999996,41,5791.0,5791.0
59300.0,19.75,39,3545.0,3545.0
59305.0,22.459999999999994,36,3459.0,3459.0
59310.0,2.210000000000001,34,3223.0,3223.0
59315.0,2.3800000000000026,36,3166.0,3166.0
59320.0,-2.0600000000000023,39,3331.0,3331.0
59325.0,-2.019999999999996,43,3537.0,3537.0
59330.0,-2.1500000000000057,43,3752.0,3752.0
59335.0,-2.219999999999999,45,3976.0,3976.0
59340.0,-2.219999999999999,41,3674.0,3674.0
59345.0,2.1799999999999997,34,3418.0,3418.0
59350.0,3.6099999999999994,25,3459.0,3459.0
59355.0,-1.8499999999999943,29,3594.0,3594.0
59360.0,-1.5300000000000011,36,3760.0,3760.0
59365.0,-1.8800000000000026,42,3962.0,3962.0
59370.0,-2.1599999999999966,47,4187.0,4187.0
59375.0,-2.440000000000005,52,4442.0,4442.0
59380.0,-2.5999999999999943,53,4704.0,4704.0
59385.0,-2.6799999999999997,54,4974.0,4974.0
59390.0,-2.700000000000003,54,5244.0,5244.0
59395.0,-2.740000000000002,56,5522.0,5522.0
59400.0,-2.799999999999997,56,5802.0,5802.0
59405.0,-2.8100000000000023,59,6087.0,6087.0
59410.0,-2.990000000000002,62,6394.0,6394.0
59415.0,-3.0999999999999943,63,6705.0,6705.0
59420.0,-3.1700000000000017,64,7025.0,7025.0
59425.0,-3.200000000000003,64,7345.0,7345.0
59430.0,-3.260000000000005,66,7675.0,7675.0
59435.0,-3.299999999999997,66,8005.0,8005.0
59440.0,-3.339999999999989,69,8344.0,8344.0
59445.0,-3.490000000000009,74,8704.0,8704.0
59450.0,-3.719999999999999,76,9080.0,9080.0
59455.0,-3.799999999999997,76,9460.0,9460.0
59460.0,-3.799999999999997,68,9033.0,9033.0
59465.0,2.75,58,8655.0,8655.0
59470.0,3.780000000000001,50,8750.0,8750.0
59475.0,-1.9099999999999966,47,8988.0,8988.0
59480.0,-2.4000000000000057,54,9245.0,9245.0
59485.0,-2.730000000000004,63,9542.0,9542.0
59490.0,-3.1400000000000006,69,9877.0,9877.0
59495.0,-3.450000000000003,72,9885.0,9885.0
59500.0,1.8600000000000136,66,9746.0,9746.0
59505.0,4.0,58,9490.0,9490.0
59510.0,4.0,53,9744.0,9744.0
59515.0,-3.6500000000000057,58,10018.0,10018.0
59520.0,-2.8100000000000023,64,10329.0,10329.0
59525.0,-3.1599999999999966,71,10671.0,10671.0
59530.0,-3.490000000000009,77,11046.0,11046.0
59535.0,-3.799999999999997,75,11128.0,11128.0
59540.0,0.6800000000000068,67,10920.0,10920.0
59545.0,1.9500000000000028,59,10980.0,10980.0
59550.0,1.9500000000000028,59,11258.0,11258.0
59555.0,-3.980000000000004,62,11557.0,11557.0
59560.0,-2.989999999999995,62,11622.0,11622.0
59565.0,0.3999999999999915,60,11407.0,11407.0
59570.0,1.5900000000000034,56,11437.0,11437.0
59575.0,-2.950000000000003,57,11710.0,11710.0
59580.0,-2.9399999999999977,65,12012.0,12012.0
59585.0,-3.3400000000000034,70,12351.0,12351.0
59590.0,-3.6700000000000017,76,12724.0,12724.0
59595.0,-3.6700000000000017,68,12843.0,12843.0
59600.0,-2.010000000000005,61,12939.0,12939.0
59605.0,-1.049999999999983,57,13179.0,13179.0
59610.0,-4.02000000000001,63,13480.0,13480.0
59615.0,-3.1899999999999977,70,13814.0,13814.0
59620.0,-3.1899999999999977,62,12746.0,12746.0
59625.0,9.290000000000006,57,11771.0,11771.0
59630.0,9.75,47,11424.0,11424.0
59635.0,2.539999999999992,46,11655.0,11655.0
59640.0,-2.3100000000000023,50,11895.0,11895.0
59645.0,-2.5,56,10935.0,10935.0
59650.0,19.28,54,9728.0,9728.0
59655.0,14.930000000000007,54,8354.0,8354.0
59660.0,14.930000000000007,59,8632.0,8632.0
59665.0,-1.1500000000000057,63,8940.0,8940.0
59670.0,-3.1299999999999955,65,9061.0,9061.0
59675.0,-0.4200000000000017,57,8992.0,8992.0
59680.0,1.3299999999999983,51,9016.0,9016.0
59685.0,1.3299999999999983,48,9239.0,9239.0
59690.0,-3.25,53,9495.0,9495.0
59695.0,-2.5600000000000023,64,9802.0,9802.0
59700.0,-3.069999999999993,62,9422.0,9422.0
59705.0,9.299999999999997,55,8120.0,8120.0
59710.0,9.64,48,8050.0,8050.0
59715.0,-3.180000000000007,42,8268.0,8268.0
59720.0,-2.2299999999999898,49,8498.0,8498.0
59725.0,-2.2299999999999898,46,8291.0,8291.0
59730.0,1.0999999999999943,48,8140.0,8140.0
59735.0,2.3100000000000023,45,8279.0,8279.0
59740.0,-3.1299999999999955,51,8522.0,8522.0
59745.0,-2.6099999999999994,57,8796.0,8796.0
59750.0,-2.9200000000000017,62,9099.0,9099.0
59755.0,-3.1700000000000017,66,9423.0,9423.0
59760.0,-3.299999999999997,66,9753.0,9753.0
59765.0,-3.3700000000000045,72,10102.0,10102.0
59770.0,-3.6000000000000085,72,10462.0,10462.0
59775.0,-3.5999999999999943,73,10823.0,10823.0
59780.0,-3.6599999999999966,74,11192.0,11192.0
59785.0,-3.700000000000003,74,11562.0,11562.0
59790.0,-3.730000000000004,76,11939.0,11939.0
59795.0,-3.730000000000004,66,11766.0,11766.0
59800.0,0.21000000000000796,63,11657.0,11657.0
59805.0,1.0900000000000034,57,11939.0,11939.0
59810.0,-3.960000000000008,59,12228.0,12228.0
59815.0,-2.980000000000004,63,12331.0,12331.0
59820.0,-0.35999999999999943,63,12353.0,12353.0
59825.0,0.23000000000000398,57,12421.0,12421.0
59830.0,0.23000000000000398,55,12678.0,12678.0
59835.0,-3.700000000000003,63,12976.0,12976.0
59840.0,-3.049999999999983,70,13310.0,13310.0
59845.0,-3.410000000000025,73,13667.0,13667.0
59850.0,-3.5999999999999943,75,14037.0,14037.0
59855.0,-3.719999999999999,71,13550.0,13550.0
59860.0,11.77000000000001,63,12280.0,12280.0
59865.0,12.189999999999998,56,11475.0,11475.0
59870.0,12.189999999999998,51,11724.0,11724.0
59875.0,-0.0799999999999983,53,11982.0,11982.0
59880.0,-2.5799999999999983,61,12271.0,12271.0
59885.0,-2.8900000000000006,68,12595.0,12595.0
59890.0,-3.240000000000009,74,12958.0,12958.0
59895.0,-3.6300000000000097,76,13331.0,13331.0
59900.0,-3.7299999999999898,76,13711.0,13711.0
59905.0,-3.8000000000000114,70,13795.0,13795.0
59910.0,0.4200000000000159,66,13499.0,13499.0
59915.0,1.4199999999999875,56,13604.0,13604.0
59920.0,-3.030000000000001,57,13887.0,13887.0
59925.0,-2.8999999999999773,60,14180.0,14180.0
59930.0,-3.1899999999999977,68,14507.0,14507.0
59935.0,-3.530000000000001,75,14867.0,14867.0
59940.0,-3.8200000000000216,77,15251.0,15251.0
59945.0,-3.969999999999999,83,15654.0,15654.0
59950.0,-4.189999999999998,84,16074.0,16074.0
59955.0,-4.219999999999999,86,16498.0,16498.0
59960.0,-4.219999999999999,78,16368.0,16368.0
59965.0,-0.3400000000000034,70,16264.0,16264.0
59970.0,1.1200000000000045,63,16473.0,16473.0
59975.0,-3.219999999999999,65,16782.0,16782.0
59980.0,-3.240000000000009,70,17119.0,17119.0
59985.0,-3.569999999999993,77,17489.0,17489.0
59990.0,-3.8700000000000045,82,17887.0,17887.0
59995.0,-3.8700000000000045,76,15865.0,15865.0
60000.0,18.590000000000003,69,14348.0,14348.0
60005.0,15.170000000000016,70,14423.0,14423.0
60010.0,-2.140000000000015,75,14783.0,14783.0
60015.0,-3.719999999999999,78,15167.0,15167.0
60020.0,-3.9000000000000057,80,15563.0,15563.0
60025.0,-4.0,79,15652.0,15652.0
60030.0,0.6899999999999977,71,15726.0,15726.0
60035.0,2.0800000000000125,64,15379.0,15379.0
60040.0,2.0800000000000125,58,15671.0,15671.0
60045.0,-2.8100000000000023,58,15957.0,15957.0
60050.0,-2.8799999999999955,65,16268.0,16268.0
60055.0,-3.1899999999999977,71,16612.0,16612.0
60060.0,-3.5,76,16984.0,16984.0
60065.0,-3.75,80,17376.0,17376.0
60070.0,-3.960000000000008,80,17776.0,17776.0
60075.0,-4.0,82,18179.0,18179.0
60080.0,-4.050000000000011,78,18274.0,18274.0
60085.0,0.4900000000000091,71,18094.0,18094.0
60090.0,2.759999999999991,64,17842.0,17842.0
60095.0,2.180000000000007,56,17747.0,17747.0
60100.0,2.180000000000007,55,17992.0,17992.0
60105.0,-2.7399999999999807,62,18290.0,18290.0
60110.0,-2.980000000000018,62,18413.0,18413.0
60115.0,-0.7599999999999909,58,18388.0,18388.0
60120.0,-0.020000000000010232,54,18346.0,18346.0
60125.0,-0.12999999999999545,54,18439.0,18439.0
60130.0,-1.6899999999999977,54,18668.0,18668.0
60135.0,-3.2299999999999898,56,18929.0,18929.0
60140.0,-2.8300000000000125,57,19213.0,19213.0
60145.0,-2.8300000000000125,51,17040.0,17040.0
60150.0,20.670000000000016,43,14964.0,14964.0
60155.0,20.829999999999984,40,15153.0,15153.0
60160.0,-2.6200000000000045,35,15338.0,15338.0
60165.0,-1.7800000000000011,41,15527.0,15527.0
60170.0,-2.1299999999999955,48,15753.0,15753.0
60175.0,-2.469999999999999,56,16016.0,16016.0
60180.0,-2.469999999999999,50,14118.0,14118.0
60185.0,17.879999999999995,42,12437.0,12437.0
60190.0,16.810000000000002,34,12167.0,12167.0
60195.0,2.030000000000001,39,12346.0,12346.0
60200.0,-1.9299999999999926,46,12562.0,12562.0
60205.0,-2.3299999999999983,53,12817.0,12817.0
60210.0,-2.670000000000016,60,13102.0,13102.0
60215.0,-2.9499999999999886,60,13402.0,13402.0
60220.0,-3.0,61,13703.0,13703.0
60225.0,-3.0500000000000114,62,14013.0,14013.0
60230.0,-3.0999999999999943,62,14323.0,14323.0
60235.0,-3.1399999999999864,69,14656.0,14656.0
60240.0,-3.450000000000017,70,15006.0,15006.0
60245.0,-3.5,72,15362.0,15362.0
60250.0,-3.5999999999999943,72,15722.0,15722.0
60255.0,-3.5999999999999943,74,16084.0,16084.0
60260.0,-3.6599999999999966,74,16454.0,16454.0
60265.0,-3.700000000000017,74,16824.0,16824.0
60270.0,-3.7299999999999898,80,17215.0,17215.0
60275.0,-4.0,78,17318.0,17318.0
60280.0,0.5099999999999909,70,17394.0,17394.0
60285.0,1.9699999999999989,63,16950.0,16950.0
60290.0,1.9699999999999989,54,17222.0,17222.0
60295.0,-1.5,58,17504.0,17504.0
60300.0,-2.859999999999985,66,17814.0,17814.0
60305.0,-3.180000000000007,75,18168.0,18168.0
60310.0,-3.6299999999999955,81,18566.0,18566.0
60315.0,-4.030000000000001,82,18972.0,18972.0
60320.0,-4.0800000000000125,79,19101.0,19101.0
60325.0,-0.1699999999999875,71,18978.0,18978.0
60330.0,2.0,65,19004.0,19004.0
60335.0,2.0,60,19287.0,19287.0
60340.0,-4.150000000000006,68,19615.0,19615.0
60345.0,-3.280000000000001,75,19974.0,19974.0
60350.0,-3.5900000000000034,80,20361.0,20361.0
60355.0,-3.8700000000000045,82,20767.0,20767.0
60360.0,-4.059999999999974,76,19955.0,19955.0
60365.0,18.419999999999987,70,17987.0,17987.0
60370.0,19.169999999999987,60,16615.0,16615.0
60375.0,1.5900000000000034,57,16906.0,16906.0
60380.0,-2.9099999999999966,61,17201.0,17201.0
60385.0,-3.1699999999999875,68,17525.0,17525.0
60390.0,-3.1699999999999875,68,17318.0,17318.0
60395.0,0.7099999999999795,65,17191.0,17191.0
60400.0,1.3200000000000216,57,17285.0,17285.0
60405.0,-1.9800000000000182,57,17564.0,17564.0
60410.0,-2.869999999999976,64,17864.0,17864.0
60415.0,-3.3100000000000023,73,18215.0,18215.0
60420.0,-3.700000000000017,78,18595.0,18595.0
60425.0,-3.930000000000007,81,18995.0,18995.0
60430.0,-3.930000000000007,71,18949.0,18949.0
60435.0,-1.1599999999999966,66,18916.0,18916.0
60440.0,0.3300000000000125,57,19133.0,19133.0
60445.0,-3.3300000000000125,63,19433.0,19433.0
60450.0,-3.1699999999999875,73,19780.0,19780.0
60455.0,-3.6200000000000045,80,20163.0,20163.0
60460.0,-3.960000000000008,81,20567.0,20567.0
60465.0,-4.079999999999984,83,20981.0,20981.0
60470.0,-4.150000000000006,83,21396.0,21396.0
60475.0,-4.159999999999997,83,21602.0,21602.0
60480.0,-1.539999999999992,76,21793.0,21793.0
60485.0,-0.0800000000000125,69,21652.0,21652.0
60490.0,0.27000000000001023,65,21763.0,21763.0
60495.0,0.27000000000001023,65,22057.0,22057.0
60500.0,-4.240000000000009,70,22396.0,22396.0
60505.0,-3.460000000000008,77,22769.0,22769.0
60510.0,-3.769999999999982,74,23027.0,23027.0
60515.0,-2.8600000000000136,65,23173.0,23173.0
60520.0,-1.5500000000000114,65,23352.0,23352.0
60525.0,-1.5500000000000114,67,23673.0,23673.0
60530.0,-3.869999999999976,73,24029.0,24029.0
60535.0,-3.5600000000000023,67,24318.0,24318.0
60540.0,-3.780000000000001,66,24574.0,24574.0
60545.0,-2.7700000000000102,66,24872.0,24872.0
60550.0,-3.1899999999999977,66,23794.0,23794.0
60555.0,22.77000000000001,57,22783.0,22783.0
60560.0,21.17999999999998,51,20084.0,20084.0
60565.0,21.17999999999998,42,20232.0,20232.0
60570.0,3.3600000000000136,38,20417.0,20417.0
60575.0,-1.8300000000000125,45,20623.0,20623.0
60580.0,-2.1399999999999864,52,20867.0,20867.0
60585.0,-2.5,58,21143.0,21143.0
60590.0,-2.8499999999999943,62,21450.0,21450.0
60595.0,-3.0999999999999943,68,21784.0,21784.0
60600.0,-3.390000000000015,70,22133.0,22133.0
60605.0,-3.5,70,22483.0,22483.0
60610.0,-3.5,72,22837.0,22837.0
60615.0,-3.5600000000000023,72,23197.0,23197.0
60620.0,-3.5999999999999943,70,23429.0,23429.0
60625.0,-2.5999999999999943,63,23578.0,23578.0
60630.0,-1.8300000000000125,67,23807.0,23807.0
60635.0,-1.8300000000000125,67,24110.0,24110.0
60640.0,-3.9799999999999898,69,24454.0,24454.0
60645.0,-3.4399999999999977,70,24800.0,24800.0
60650.0,-3.460000000000008,65,25095.0,25095.0
60655.0,-3.9399999999999977,65,25371.0,25371.0
60660.0,-3.0200000000000102,67,25684.0,25684.0
60665.0,-4.549999999999983,68,26019.0,26019.0
60670.0,-3.400000000000034,69,26360.0,26360.0
60675.0,-3.400000000000034,62,24921.0,24921.0
60680.0,19.57000000000002,52,22809.0,22809.0
60685.0,18.900000000000006,46,22636.0,22636.0
60690.0,-3.3000000000000114,45,22865.0,22865.0
60695.0,-2.2399999999999807,48,23093.0,23093.0
60700.0,-2.480000000000018,55,23355.0,23355.0
60705.0,-2.829999999999984,61,23650.0,23650.0
60710.0,-3.1899999999999977,67,23982.0,23982.0
60715.0,-3.1899999999999977,58,22588.0,22588.0
60720.0,12.599999999999994,51,21325.0,21325.0
60725.0,12.629999999999995,42,21263.0,21263.0
60730.0,-0.22999999999998977,49,21493.0,21493.0
60735.0,-2.469999999999999,57,21759.0,21759.0
60740.0,-2.8200000000000216,64,19939.0,19939.0
60745.0,36.71000000000001,60,18266.0,18266.0
60750.0,32.860000000000014,52,14321.0,14321.0
60755.0,32.860000000000014,47,14544.0,14544.0
60760.0,3.289999999999992,49,14782.0,14782.0
60765.0,-2.4000000000000057,53,13513.0,13513.0
60770.0,25.5,49,11132.0,11132.0
60775.0,21.210000000000008,52,10261.0,10261.0
60780.0,21.210000000000008,53,10517.0,10517.0
60785.0,-3.5700000000000074,62,10803.0,10803.0
60790.0,-2.8599999999999994,64,11115.0,11115.0
60795.0,-3.1200000000000045,65,11440.0,11440.0
60800.0,-3.25,67,11772.0,11772.0
60805.0,-3.319999999999993,67,12107.0,12107.0
60810.0,-3.3499999999999943,73,12458.0,12458.0
60815.0,-3.510000000000005,75,12830.0,12830.0
60820.0,-3.720000000000013,77,13209.0,13209.0
60825.0,-3.789999999999992,71,13277.0,13277.0
60830.0,0.7800000000000011,63,13063.0,13063.0
60835.0,1.8499999999999943,56,12995.0,12995.0
60840.0,-2.609999999999985,54,13261.0,13261.0
60845.0,-2.890000000000015,64,13560.0,13560.0
60850.0,-3.280000000000001,69,13893.0,13893.0
60855.0,-3.579999999999984,75,14257.0,14257.0
60860.0,-3.819999999999993,77,14641.0,14641.0
60865.0,-3.8500000000000227,77,15026.0,15026.0
60870.0,-3.8799999999999955,79,15416.0,15416.0
60875.0,-3.9499999999999886,79,15811.0,15811.0
60880.0,-4.050000000000011,84,16221.0,16221.0
60885.0,-4.219999999999999,85,16644.0,16644.0
60890.0,-4.25,85,17069.0,17069.0
60895.0,-4.329999999999984,87,17504.0,17504.0
60900.0,-4.350000000000023,87,17939.0,17939.0
60905.0,-4.409999999999997,89,18382.0,18382.0
60910.0,-4.449999999999989,89,18827.0,18827.0
60915.0,-4.52000000000001,92,19282.0,19282.0
60920.0,-4.599999999999994,92,19742.0,19742.0
60925.0,-4.599999999999994,85,19804.0,19804.0
60930.0,1.1999999999999886,77,19199.0,19199.0
60935.0,2.5400000000000205,70,19559.0,19559.0
60940.0,-4.8700000000000045,68,19900.0,19900.0
60945.0,-3.390000000000015,70,20241.0,20241.0
60950.0,-3.5900000000000034,77,20615.0,20615.0
60955.0,-3.9499999999999886,86,21026.0,21026.0
60960.0,-4.400000000000006,91,21478.0,21478.0
60965.0,-4.579999999999984,93,21940.0,21940.0
60970.0,-4.579999999999984,84,21692.0,21692.0
60975.0,0.6200000000000045,77,21369.0,21369.0
60980.0,3.2299999999999898,70,21717.0,21717.0
60985.0,-4.8300000000000125,68,22059.0,22059.0
60990.0,-3.469999999999999,73,22417.0,22417.0
60995.0,-3.6899999999999977,78,22522.0,22522.0
61000.0,-0.009999999999990905,75,22404.0,22404.0
61005.0,2.0999999999999943,72,22325.0,22325.0
61010.0,2.0999999999999943,64,22640.0,22640.0
61015.0,-3.4399999999999977,66,22965.0,22965.0
61020.0,-3.3100000000000023,73,23318.0,23318.0
61025.0,-3.579999999999984,81,23704.0,23704.0
61030.0,-3.930000000000007,82,22863.0,22863.0
61035.0,19.060000000000002,74,20842.0,20842.0
61040.0,19.109999999999985,69,19523.0,19523.0
61045.0,19.109999999999985,62,19825.0,19825.0
61050.0,1.4300000000000068,61,20129.0,20129.0
61055.0,-3.039999999999992,68,20457.0,20457.0
61060.0,-3.280000000000001,75,20820.0,20820.0
61065.0,-3.6299999999999955,82,21216.0,21216.0
61070.0,-3.960000000000008,86,21641.0,21641.0
61075.0,-4.25,81,20498.0,20498.0
61080.0,24.079999999999984,71,18176.0,18176.0
61085.0,23.700000000000017,68,17069.0,17069.0
61090.0,-4.800000000000011,70,17413.0,17413.0
61095.0,-3.6500000000000057,77,17785.0,17785.0
61100.0,-4.039999999999992,84,18196.0,18196.0
61105.0,-4.310000000000002,89,18632.0,18632.0
61110.0,-4.449999999999989,89,19077.0,19077.0
61115.0,-4.449999999999989,83,19106.0,19106.0
61120.0,1.75,73,18441.0,18441.0
61125.0,3.0,65,18767.0,18767.0
61130.0,-4.439999999999998,63,19084.0,19084.0
61135.0,-3.1500000000000057,66,19402.0,19402.0
61140.0,-3.3499999999999943,72,19750.0,19750.0
61145.0,-3.680000000000007,79,20132.0,20132.0
61150.0,-4.030000000000001,85,20547.0,20547.0
61155.0,-4.25,87,20976.0,20976.0
61160.0,-4.340000000000003,87,21411.0,21411.0
61165.0,-4.340000000000003,80,21098.0,21098.0
61170.0,1.3900000000000148,73,20700.0,20700.0
61175.0,3.9799999999999898,65,20881.0,20881.0
61180.0,-3.1200000000000045,63,21202.0,21202.0
61185.0,-3.1899999999999977,68,21531.0,21531.0
61190.0,-3.4099999999999966,75,21894.0,21894.0
61195.0,-3.740000000000009,81,22285.0,22285.0
61200.0,-4.060000000000002,86,22708.0,22708.0
61205.0,-4.289999999999992,86,22805.0,22805.0
61210.0,0.7400000000000091,76,22883.0,22883.0
61215.0,2.4599999999999795,69,22495.0,22495.0
61220.0,2.4599999999999795,64,22825.0,22825.0
61225.0,-3.269999999999982,65,23144.0,23144.0
61230.0,-3.230000000000018,73,23494.0,23494.0
61235.0,-3.569999999999993,79,23875.0,23875.0
61240.0,-3.8700000000000045,85,24287.0,24287.0
61245.0,-4.179999999999978,87,24720.0,24720.0
61250.0,-4.340000000000003,87,25155.0,25155.0
61255.0,-4.3700000000000045,89,25600.0,25600.0
61260.0,-4.449999999999989,85,25687.0,25687.0
61265.0,0.839999999999975,77,25455.0,25455.0
61270.0,3.480000000000018,70,25279.0,25279.0
61275.0,3.480000000000018,64,25597.0,25597.0
61280.0,-3.4000000000000057,67,25920.0,25920.0
61285.0,-3.2299999999999898,74,26276.0,26276.0
61290.0,-3.5600000000000023,80,26664.0,26664.0
61295.0,-3.8799999999999955,85,27081.0,27081.0
61300.0,-4.170000000000016,87,27509.0,27509.0
61305.0,-4.279999999999973,81,27665.0,27665.0
61310.0,-0.8300000000000409,74,27603.0,27603.0
61315.0,0.3199999999999932,65,27665.0,27665.0
61320.0,-3.669999999999959,66,27993.0,27993.0
61325.0,-3.3600000000000136,70,28333.0,28333.0
61330.0,-3.660000000000025,77,28706.0,28706.0
61335.0,-3.9399999999999977,82,29105.0,29105.0
61340.0,-4.180000000000007,86,29527.0,29527.0
61345.0,-4.2999999999999545,86,29957.0,29957.0
61350.0,-4.340000000000032,88,30393.0,30393.0
61355.0,-4.399999999999977,88,30833.0,30833.0
61360.0,-4.399999999999977,82,30770.0,30770.0
61365.0,-1.0600000000000023,74,30748.0,30748.0
61370.0,1.25,66,30986.0,30986.0
61375.0,-4.600000000000023,67,31319.0,31319.0
61380.0,-3.3899999999999864,74,31671.0,31671.0
61385.0,-3.75,81,32060.0,32060.0
61390.0,-4.100000000000023,87,32483.0,32483.0
61395.0,-4.339999999999975,89,32921.0,32921.0
61400.0,-4.439999999999998,89,33366.0,33366.0
61405.0,-4.449999999999989,89,33811.0,33811.0
61410.0,-4.470000000000027,91,34262.0,34262.0
61415.0,-4.470000000000027,83,34197.0,34197.0
61420.0,-1.170000000000016,76,34183.0,34183.0
61425.0,0.1400000000000432,69,34044.0,34044.0
61430.0,1.3899999999999864,64,34340.0,34340.0
61435.0,-4.149999999999977,70,34665.0,34665.0
61440.0,-3.480000000000018,77,35034.0,35034.0
61445.0,-3.840000000000032,81,35433.0,35433.0
61450.0,-4.069999999999993,83,35847.0,35847.0
61455.0,-4.149999999999977,85,36264.0,36264.0
61460.0,-4.2099999999999795,87,36695.0,36695.0
61465.0,-4.350000000000023,87,37130.0,37130.0
61470.0,-4.350000000000023,87,37349.0,37349.0
61475.0,-1.6999999999999886,79,37553.0,37553.0
61480.0,-0.2899999999999636,71,37574.0,37574.0
61485.0,-0.2899999999999636,68,37901.0,37901.0
61490.0,-4.670000000000016,73,38260.0,38260.0
61495.0,-3.650000000000034,81,38650.0,38650.0
61500.0,-3.9599999999999795,85,39068.0,39068.0
61505.0,-4.21999999999997,87,39497.0,39497.0
61510.0,-4.310000000000002,87,39932.0,39932.0
61515.0,-4.350000000000023,83,38458.0,38458.0
61520.0,31.889999999999986,75,35245.0,35245.0
61525.0,31.060000000000002,67,33009.0,33009.0
61530.0,31.060000000000002,65,33337.0,33337.0
61535.0,3.8700000000000045,65,33661.0,33661.0
61540.0,-3.240000000000009,73,34010.0,34010.0
61545.0,-3.490000000000009,79,34397.0,34397.0
61550.0,-3.8700000000000045,86,34814.0,34814.0
61555.0,-4.169999999999959,88,35253.0,35253.0
61560.0,-4.389999999999986,82,35383.0,35383.0
61565.0,-0.05000000000001137,78,35225.0,35225.0
61570.0,1.3000000000000114,70,35339.0,35339.0
61575.0,-4.900000000000034,69,35687.0,35687.0
61580.0,-3.490000000000009,73,36040.0,36040.0
61585.0,-3.490000000000009,72,36043.0,36043.0
61590.0,-0.3100000000000023,70,35867.0,35867.0
61595.0,0.6100000000000136,66,36195.0,36195.0
61600.0,-4.610000000000014,74,36544.0,36544.0
61605.0,-3.769999999999982,81,36936.0,36936.0
61610.0,-4.110000000000014,88,37360.0,37360.0
61615.0,-4.419999999999959,91,37809.0,37809.0
61620.0,-4.5400000000000205,91,38264.0,38264.0
61625.0,-4.560000000000002,93,38724.0,38724.0
61630.0,-4.560000000000002,83,38702.0,38702.0
61635.0,-1.6399999999999864,79,38704.0,38704.0
61640.0,-0.020000000000038654,69,37132.0,37132.0
61645.0,31.910000000000025,62,33957.0,33957.0
61650.0,31.21999999999997,61,31714.0,31714.0
61655.0,4.380000000000052,62,32015.0,32015.0
61660.0,-3.1200000000000045,66,32331.0,32331.0
61665.0,-3.420000000000016,73,32680.0,32680.0
61670.0,-3.759999999999991,79,33062.0,33062.0
61675.0,-4.180000000000007,88,33489.0,33489.0
61680.0,-4.509999999999991,91,33943.0,33943.0
61685.0,-4.580000000000041,93,34403.0,34403.0
61690.0,-4.580000000000041,86,34495.0,34495.0
61695.0,-1.4399999999999977,78,34384.0,34384.0
61700.0,-0.07999999999998408,72,34748.0,34748.0
61705.0,-4.920000000000016,72,35097.0,35097.0
61710.0,-3.6999999999999886,82,35485.0,35485.0
61715.0,-3.6999999999999886,79,35527.0,35527.0
61720.0,-2.0299999999999727,76,35596.0,35596.0
61725.0,-0.6899999999999977,71,35892.0,35892.0
61730.0,-4.350000000000023,75,36253.0,36253.0
61735.0,-3.759999999999991,84,36651.0,36651.0
61740.0,-4.139999999999986,88,37080.0,37080.0
61745.0,-4.3700000000000045,91,37528.0,37528.0
61750.0,-4.53000000000003,92,37987.0,37987.0
61755.0,-4.599999999999966,92,38447.0,38447.0
61760.0,-4.6200000000000045,92,38717.0,38717.0
61765.0,-2.6100000000000136,84,38978.0,38978.0
61770.0,-0.339999999999975,78,38964.0,38964.0
61775.0,-0.339999999999975,74,39312.0,39312.0
61780.0,-4.580000000000041,79,39693.0,39693.0
61785.0,-3.8799999999999955,85,40104.0,40104.0
61790.0,-4.159999999999968,84,38607.0,38607.0
61795.0,32.329999999999984,78,35259.0,35259.0
61800.0,32.620000000000005,69,33835.0,33835.0
61805.0,32.620000000000005,65,34144.0,34144.0
61810.0,-4.490000000000009,66,34466.0,34466.0
61815.0,-3.2200000000000273,71,34811.0,34811.0
61820.0,-3.4499999999999886,81,35202.0,35202.0
61825.0,-3.909999999999968,87,35625.0,35625.0
61830.0,-4.230000000000018,89,36065.0,36065.0
61835.0,-4.399999999999977,89,36510.0,36510.0
61840.0,-4.4500000000000455,91,36959.0,36959.0
61845.0,-4.489999999999952,91,37414.0,37414.0
61850.0,-4.550000000000011,94,37872.0,37872.0
61855.0,-4.580000000000041,97,38352.0,38352.0
61860.0,-4.7999999999999545,91,38552.0,38552.0
61865.0,-1.2000000000000455,85,38389.0,38389.0
61870.0,1.2900000000000205,74,38447.0,38447.0
61875.0,-3.9399999999999977,75,38812.0,38812.0
61880.0,-3.8000000000000114,79,39196.0,39196.0
61885.0,-4.060000000000002,87,39610.0,39610.0
61890.0,-4.519999999999982,94,40069.0,40069.0
61895.0,-4.769999999999982,96,40548.0,40548.0
61900.0,-4.769999999999982,90,40540.0,40540.0
61905.0,-1.759999999999991,80,40556.0,40556.0
61910.0,-0.07000000000005002,73,40830.0,40830.0
61915.0,-4.17999999999995,77,41205.0,41205.0
61920.0,-3.8700000000000045,85,41608.0,41608.0
61925.0,-3.8700000000000045,82,38391.0,38391.0
61930.0,30.489999999999952,77,33957.0,33957.0
61935.0,44.34000000000003,63,34090.0,34090.0
61940.0,-0.7200000000000273,54,34036.0,34036.0
61945.0,0.26000000000004775,51,34006.0,34006.0
61950.0,-1.9500000000000455,60,34258.0,34258.0
61955.0,-3.169999999999959,73,34588.0,34588.0
61960.0,-3.7900000000000205,82,34976.0,34976.0
61965.0,-4.220000000000027,86,35402.0,35402.0
61970.0,-4.2999999999999545,86,35832.0,35832.0
61975.0,-4.319999999999993,88,36266.0,36266.0
61980.0,-4.400000000000034,88,36706.0,36706.0
61985.0,-4.400000000000034,81,35105.0,35105.0
61990.0,18.139999999999986,75,33660.0,33660.0
61995.0,10.710000000000036,70,34001.0,34001.0
62000.0,-4.7900000000000205,68,34349.0,34349.0
62005.0,-3.4399999999999977,72,34700.0,34700.0
62010.0,-3.680000000000007,81,35084.0,35084.0
62015.0,-4.1200000000000045,88,35510.0,35510.0
62020.0,-4.430000000000007,92,35962.0,35962.0
62025.0,-4.589999999999975,92,36422.0,36422.0
62030.0,-4.589999999999975,85,36359.0,36359.0
62035.0,-1.2099999999999795,82,36356.0,36356.0
62040.0,0.029999999999972715,74,36294.0,36294.0
62045.0,0.6200000000000045,71,36542.0,36542.0
62050.0,-3.8600000000000136,76,36904.0,36904.0
62055.0,-3.7899999999999636,80,36520.0,36520.0
62060.0,9.42999999999995,77,36193.0,36193.0
62065.0,9.610000000000014,72,35227.0,35227.0
62070.0,9.610000000000014,69,35560.0,35560.0
62075.0,-4.729999999999961,69,35900.0,35900.0
62080.0,-3.420000000000016,70,35613.0,35613.0
62085.0,7.089999999999975,71,35019.0,35019.0
62090.0,4.090000000000032,72,34679.0,34679.0
62095.0,4.090000000000032,66,34984.0,34984.0
62100.0,-1.3199999999999932,72,35332.0,35332.0
62105.0,-3.480000000000018,82,35719.0,35719.0
62110.0,-3.8700000000000045,87,36144.0,36144.0
62115.0,-4.25,84,36286.0,36286.0
62120.0,-0.339999999999975,76,36156.0,36156.0
62125.0,1.0699999999999932,68,35878.0,35878.0
62130.0,1.5699999999999932,61,36009.0,36009.0
62135.0,-3.4399999999999977,65,36323.0,36323.0
62140.0,-3.340000000000032,72,36664.0,36664.0
62145.0,-3.75,79,37046.0,37046.0
62150.0,-4.099999999999966,84,37461.0,37461.0
62155.0,-4.25,86,37888.0,37888.0
62160.0,-4.25,78,37764.0,37764.0
62165.0,1.240000000000009,73,37402.0,37402.0
62170.0,2.0499999999999545,64,37599.0,37599.0
62175.0,-3.2199999999999704,69,37931.0,37931.0
62180.0,-3.5400000000000205,77,38301.0,38301.0
62185.0,-3.5400000000000205,75,38196.0,38196.0
62190.0,-0.46999999999997044,69,38150.0,38150.0
62195.0,0.45999999999997954,64,38004.0,38004.0
62200.0,1.4599999999999795,62,38290.0,38290.0
62205.0,-4.009999999999991,67,38602.0,38602.0
62210.0,-3.349999999999966,72,38820.0,38820.0
62215.0,-2.3500000000000227,68,38940.0,38940.0
62220.0,-1.4800000000000182,65,39117.0,39117.0
62225.0,-1.4800000000000182,60,38940.0,38940.0
62230.0,2.7900000000000205,56,38563.0,38563.0
62235.0,2.240000000000009,50,38793.0,38793.0
62240.0,-3.079999999999984,55,39035.0,39035.0
62245.0,-2.8500000000000227,65,39341.0,39341.0
62250.0,-3.269999999999982,68,39676.0,39676.0
62255.0,-3.5200000000000387,73,40038.0,40038.0
62260.0,-3.6499999999999773,73,40403.0,40403.0
62265.0,-3.660000000000025,75,40773.0,40773.0
62270.0,-3.660000000000025,65,40872.0,40872.0
62275.0,-2.490000000000009,62,41003.0,41003.0
62280.0,-1.3099999999999454,58,40951.0,40951.0
62285.0,2.329999999999984,54,40675.0,40675.0
62290.0,2.1499999999999773,53,40687.0,40687.0
62295.0,-3.319999999999993,54,40941.0,40941.0
62300.0,-2.8500000000000227,62,41234.0,41234.0
62305.0,-3.2799999999999727,68,41568.0,41568.0
62310.0,-3.3999999999999773,68,41908.0,41908.0
62315.0,-3.3999999999999773,62,41780.0,41780.0
62320.0,0.0,55,41731.0,41731.0
62325.0,1.0399999999999636,55,41806.0,41806.0
62330.0,-0.9599999999999795,52,41820.0,41820.0
62335.0,-0.4800000000000182,54,41905.0,41905.0
62340.0,-0.4800000000000182,53,42105.0,42105.0
62345.0,-2.25,58,42385.0,42385.0
62350.0,-2.8000000000000114,61,42684.0,42684.0
62355.0,-2.9899999999999523,61,42989.0,42989.0
62360.0,-3.0500000000000114,63,43296.0,43296.0
62365.0,-3.069999999999993,67,43629.0,43629.0
62370.0,-3.330000000000041,67,43964.0,43964.0
62375.0,-3.349999999999966,63,44068.0,44068.0
62380.0,-0.5300000000000296,56,44020.0,44020.0
62385.0,0.0,57,44013.0,44013.0
62390.0,-0.5,57,44218.0,44218.0
62395.0,-3.759999999999991,59,44502.0,44502.0
62400.0,-3.0,63,44806.0,44806.0
62405.0,-3.1499999999999773,65,45123.0,45123.0
62410.0,-3.1499999999999773,61,45343.0,45343.0
62415.0,-3.4600000000000364,61,45626.0,45626.0
62420.0,-2.849999999999966,60,45709.0,45709.0
62425.0,0.16999999999995907,51,45589.0,45589.0
62430.0,1.830000000000041,45,45505.0,45505.0
62435.0,1.830000000000041,38,38587.0,38587.0
62440.0,69.01999999999998,40,32242.0,32242.0
62445.0,63.44999999999999,34,31029.0,31029.0
62450.0,11.949999999999989,30,31104.0,31104.0
62455.0,-1.1199999999999477,36,31264.0,31264.0
62460.0,-1.8100000000000023,43,31466.0,31466.0
62465.0,-2.170000000000016,50,31701.0,31701.0
62470.0,-2.480000000000018,57,31975.0,31975.0
62475.0,-2.8700000000000045,61,32272.0,32272.0
62480.0,-3.019999999999982,62,32580.0,32580.0
62485.0,-3.1000000000000227,62,32890.0,32890.0
62490.0,-3.109999999999957,62,32951.0,32951.0
62495.0,0.6399999999999864,52,32797.0,32797.0
62500.0,3.159999999999968,44,32679.0,32679.0
62505.0,3.159999999999968,43,32888.0,32888.0
62510.0,-2.9899999999999523,53,33135.0,33135.0
62515.0,-2.5400000000000205,58,33412.0,33412.0
62520.0,-2.840000000000032,62,33719.0,33719.0
62525.0,-3.089999999999975,63,34030.0,34030.0
62530.0,-3.1299999999999955,60,34150.0,34150.0
62535.0,-0.5199999999999818,54,34100.0,34100.0
62540.0,0.8499999999999659,51,34161.0,34161.0
62545.0,0.8499999999999659,54,34404.0,34404.0
62550.0,-3.430000000000007,59,34690.0,34690.0
62555.0,-2.859999999999957,64,35005.0,35005.0
62560.0,-3.150000000000034,65,35330.0,35330.0
62565.0,-3.25,63,35493.0,35493.0
62570.0,-1.5600000000000023,53,35488.0,35488.0
62575.0,-0.6699999999999591,51,35644.0,35644.0
62580.0,-3.1100000000000136,58,35922.0,35922.0
62585.0,-3.0300000000000296,64,36231.0,36231.0
62590.0,-3.240000000000009,66,36557.0,36557.0
62595.0,-3.2999999999999545,66,36887.0,36887.0
62600.0,-3.330000000000041,68,37222.0,37222.0
62605.0,-3.409999999999968,70,37565.0,37565.0
62610.0,-3.509999999999991,73,37919.0,37919.0
62615.0,-3.7600000000000477,76,38298.0,38298.0
62620.0,-3.7999999999999545,76,38678.0,38678.0
62625.0,-3.7999999999999545,71,38752.0,38752.0
62630.0,-2.1899999999999977,62,38848.0,38848.0
62635.0,-0.4500000000000455,59,39039.0,39039.0
62640.0,-3.5600000000000023,65,39351.0,39351.0
62645.0,-3.319999999999993,72,39697.0,39697.0
62650.0,-3.680000000000007,76,40074.0,40074.0
62655.0,-3.680000000000007,67,39563.0,39563.0
62660.0,3.590000000000032,61,39148.0,39148.0
62665.0,4.149999999999977,52,39258.0,39258.0
62670.0,-2.159999999999968,59,39534.0,39534.0
62675.0,-2.930000000000007,66,39851.0,39851.0
62680.0,-3.329999999999984,73,40207.0,40207.0
62685.0,-3.660000000000025,79,40590.0,40590.0
62690.0,-3.920000000000016,77,40795.0,40795.0
62695.0,-1.6299999999999955,69,40980.0,40980.0
62700.0,-0.4300000000000068,62,40957.0,40957.0
62705.0,-0.4300000000000068,63,41256.0,41256.0
62710.0,-3.6499999999999773,68,41584.0,41584.0
62715.0,-3.3500000000000227,70,41819.0,41819.0
62720.0,-2.569999999999993,66,41955.0,41955.0
62725.0,-1.7299999999999613,66,42192.0,42192.0
62730.0,-1.7299999999999613,62,41698.0,41698.0
62735.0,3.859999999999957,57,41320.0,41320.0
62740.0,3.7800000000000296,48,41542.0,41542.0
62745.0,-3.0,58,41786.0,41786.0
62750.0,-2.829999999999984,61,41780.0,41780.0
62755.0,1.5299999999999727,59,41809.0,41809.0
62760.0,1.5600000000000023,55,41564.0,41564.0
62765.0,1.5600000000000023,55,41828.0,41828.0
62770.0,-2.910000000000025,62,42127.0,42127.0
62775.0,-3.0600000000000023,63,42321.0,42321.0
62780.0,-1.9699999999999704,56,42406.0,42406.0
62785.0,-0.9399999999999977,54,42590.0,42590.0
62790.0,-0.9399999999999977,58,42850.0,42850.0
62795.0,-3.680000000000007,66,43168.0,43168.0
62800.0,-3.180000000000007,61,39787.0,39787.0
62805.0,68.22000000000003,55,33079.0,33079.0
62810.0,64.59999999999997,44,28679.0,28679.0
62815.0,10.430000000000007,42,28885.0,28885.0
62820.0,-2.099999999999966,44,29097.0,29097.0
62825.0,-2.330000000000041,51,29337.0,29337.0
62830.0,-2.829999999999984,64,29633.0,29633.0
62835.0,-3.3000000000000114,68,29967.0,29967.0
62840.0,-3.3000000000000114,62,29713.0,29713.0
62845.0,1.259999999999991,54,29538.0,29538.0
62850.0,1.8100000000000023,51,29682.0,29682.0
62855.0,-2.5299999999999727,57,29958.0,29958.0
62860.0,-2.920000000000016,63,30261.0,30261.0
62865.0,-3.180000000000007,68,30590.0,30590.0
62870.0,-3.420000000000016,69,30935.0,30935.0
62875.0,-3.420000000000016,62,30794.0,30794.0
62880.0,0.03000000000002956,54,30696.0,30696.0
62885.0,0.9800000000000182,48,30931.0,30931.0
62890.0,-3.3500000000000227,54,31192.0,31192.0
62895.0,-2.730000000000018,62,31484.0,31484.0
62900.0,-3.089999999999975,72,31822.0,31822.0
62905.0,-3.5300000000000296,73,32185.0,32185.0
62910.0,-3.6499999999999773,75,32554.0,32554.0
62915.0,-3.730000000000018,75,32929.0,32929.0
62920.0,-3.75,76,33305.0,33305.0
62925.0,-3.7999999999999545,75,33442.0,33442.0
62930.0,-0.32000000000005,65,33556.0,33556.0
62935.0,0.82000000000005,64,33473.0,33473.0
62940.0,0.82000000000005,53,28549.0,28549.0
62945.0,61.20999999999998,52,21528.0,21528.0
62950.0,57.06999999999999,47,20080.0,20080.0
62955.0,13.640000000000015,53,20321.0,20321.0
62960.0,-2.730000000000018,60,20609.0,20609.0
62965.0,-3.0600000000000023,66,20926.0,20926.0
62970.0,-3.4000000000000057,76,21287.0,21287.0
62975.0,-3.819999999999993,77,21672.0,21672.0
62980.0,-3.8499999999999943,79,22059.0,22059.0
62985.0,-3.8499999999999943,71,21578.0,21578.0
62990.0,3.25,62,21158.0,21158.0
62995.0,4.199999999999989,55,21102.0,21102.0
63000.0,-0.539999999999992,59,21384.0,21384.0
63005.0,-2.9399999999999977,64,21396.0,21396.0
63010.0,1.3100000000000023,63,21305.0,21305.0
63015.0,2.9199999999999875,60,21042.0,21042.0
63020.0,2.9199999999999875,52,21290.0,21290.0
63025.0,-2.579999999999984,56,21556.0,21556.0
63030.0,-2.719999999999999,61,21849.0,21849.0
63035.0,-2.990000000000009,67,22177.0,22177.0
63040.0,-3.3499999999999943,73,22534.0,22534.0
63045.0,-3.6500000000000057,79,22928.0,22928.0
63050.0,-3.9499999999999886,75,23056.0,23056.0
63055.0,-0.20000000000001705,67,22938.0,22938.0
63060.0,1.0500000000000114,60,22953.0,22953.0
63065.0,1.0500000000000114,57,23232.0,23232.0
63070.0,-3.0999999999999943,63,23534.0,23534.0
63075.0,-3.0200000000000102,65,23653.0,23653.0
63080.0,-0.6999999999999886,66,23650.0,23650.0
63085.0,-0.4200000000000159,58,23813.0,23813.0
63090.0,-4.079999999999984,63,24117.0,24117.0
63095.0,-3.3000000000000114,70,24454.0,24454.0
63100.0,-3.609999999999985,74,24819.0,24819.0
63105.0,-3.75,76,25196.0,25196.0
63110.0,-3.8100000000000023,79,25580.0,25580.0
63115.0,-4.069999999999993,84,25992.0,25992.0
63120.0,-4.069999999999993,76,26157.0,26157.0
63125.0,-2.420000000000016,68,26188.0,26188.0
63130.0,-1.0500000000000114,64,26514.0,26514.0
63135.0,-4.589999999999975,70,26852.0,26852.0
63140.0,-3.5400000000000205,76,27219.0,27219.0
63145.0,-3.8799999999999955,81,27618.0,27618.0
63150.0,-4.079999999999984,84,28032.0,28032.0
63155.0,-4.079999999999984,75,28164.0,28164.0
63160.0,-3.0,66,28310.0,28310.0
63165.0,-1.4600000000000364,68,28445.0,28445.0
63170.0,-1.349999999999966,66,28743.0,28743.0
63175.0,-4.230000000000018,71,29075.0,29075.0
63180.0,-3.509999999999991,72,29389.0,29389.0
63185.0,-4.1299999999999955,68,29681.0,29681.0
63190.0,-3.079999999999984,69,30002.0,30002.0
63195.0,-3.420000000000016,70,30352.0,30352.0
63200.0,-3.420000000000016,62,29658.0,29658.0
63205.0,9.120000000000005,56,28344.0,28344.0
63210.0,9.71999999999997,47,28585.0,28585.0
63215.0,-3.329999999999984,47,28825.0,28825.0
63220.0,-2.3000000000000114,49,29059.0,29059.0
63225.0,-2.3000000000000114,48,28138.0,28138.0
63230.0,8.230000000000018,49,27348.0,27348.0
63235.0,7.899999999999977,40,27028.0,27028.0
63240.0,3.1200000000000045,41,27106.0,27106.0
63245.0,-1.2799999999999727,48,27290.0,27290.0
63250.0,-2.25,53,27502.0,27502.0
63255.0,-2.990000000000009,53,27741.0,27741.0
63260.0,-2.7099999999999795,58,28017.0,28017.0
63265.0,-2.9399999999999977,60,28313.0,28313.0
63270.0,-2.9399999999999977,52,22068.0,22068.0
63275.0,61.349999999999966,46,16357.0,16357.0
63280.0,57.170000000000016,36,14881.0,14881.0
63285.0,14.590000000000003,34,14990.0,14990.0
63290.0,-1.6000000000000227,41,15183.0,15183.0
63295.0,-1.6000000000000227,43,14335.0,14335.0
63300.0,7.670000000000016,39,13602.0,13602.0
63305.0,7.329999999999984,31,13758.0,13758.0
63310.0,-2.219999999999999,40,13939.0,13939.0
63315.0,-1.9799999999999898,47,14157.0,14157.0
63320.0,-2.319999999999993,49,13946.0,13946.0
63325.0,5.4199999999999875,42,13754.0,13754.0
63330.0,5.289999999999992,37,13083.0,13083.0
63335.0,5.289999999999992,41,13261.0,13261.0
63340.0,-1.1899999999999977,45,13474.0,13474.0
63345.0,-2.1899999999999977,54,13726.0,13726.0
63350.0,-2.5900000000000034,54,13996.0,13996.0
63355.0,-2.6999999999999886,52,14111.0,14111.0
63360.0,-0.6500000000000057,42,14083.0,14083.0
63365.0,0.46000000000000796,40,14087.0,14087.0
63370.0,-0.8799999999999955,46,14249.0,14249.0
63375.0,-0.8799999999999955,41,13835.0,13835.0
63380.0,3.219999999999999,34,13689.0,13689.0
63385.0,1.460000000000008,36,13828.0,13828.0
63390.0,-1.950000000000017,40,14001.0,14001.0
63395.0,-2.009999999999991,42,14154.0,14154.0
63400.0,-1.7800000000000011,40,14303.0,14303.0
63405.0,-1.6200000000000045,42,14467.0,14467.0
63410.0,-1.6200000000000045,43,14669.0,14669.0
63415.0,-2.8400000000000034,43,14881.0,14881.0
63420.0,-2.1500000000000057,40,12122.0,12122.0
63425.0,45.22000000000001,31,8771.0,8771.0
63430.0,31.019999999999996,26,6649.0,6649.0
63435.0,31.019999999999996,24,6757.0,6757.0
63440.0,5.430000000000007,33,6900.0,6900.0
63445.0,-1.4300000000000068,42,7101.0,7101.0
63450.0,-2.010000000000005,44,7320.0,7320.0
63455.0,-2.1899999999999977,46,7543.0,7543.0
63460.0,-2.230000000000004,40,6496.0,6496.0
63465.0,21.000000000000007,32,4615.0,4615.0
63470.0,15.600000000000001,32,3977.0,3977.0
63475.0,-2.3299999999999983,42,4158.0,4158.0
63480.0,-2.270000000000003,48,4391.0,4391.0
63485.0,-2.3999999999999986,48,4631.0,4631.0
63490.0,-2.3999999999999986,44,4590.0,4590.0
63495.0,-0.490000000000002,37,4590.0,4590.0
63500.0,0.04999999999999716,37,4759.0,4759.0
63505.0,-2.469999999999999,43,4959.0,4959.0
63510.0,-2.1599999999999966,47,5183.0,5183.0
63515.0,-2.4100000000000037,50,5431.0,5431.0
63520.0,-2.5,50,5681.0,5681.0
63525.0,-2.5,42,5714.0,5714.0
63530.0,-1.3299999999999983,39,5803.0,5803.0
63535.0,-0.8900000000000006,40,5986.0,5986.0
63540.0,-2.6599999999999966,45,6203.0,6203.0
63545.0,-2.240000000000002,48,6435.0,6435.0
63550.0,-2.4100000000000037,52,6688.0,6688.0
63555.0,-2.5999999999999943,53,6953.0,6953.0
63560.0,-2.6500000000000057,52,7149.0,7149.0
63565.0,-2.269999999999996,47,7322.0,7322.0
63570.0,-1.7099999999999937,47,7489.0,7489.0
63575.0,-1.7099999999999937,47,7702.0,7702.0
63580.0,-2.930000000000007,50,7948.0,7948.0
63585.0,-2.5,49,7688.0,7688.0
63590.0,6.650000000000006,40,6950.0,6950.0
63595.0,7.11999999999999,35,6693.0,6693.0
63600.0,7.11999999999999,30,6840.0,6840.0
63605.0,-2.1700000000000017,32,6995.0,6995.0
63610.0,-1.5499999999999972,41,7178.0,7178.0
63615.0,-1.8299999999999983,47,7402.0,7402.0
63620.0,-2.239999999999995,56,7664.0,7664.0
63625.0,-2.6200000000000045,58,7954.0,7954.0
63630.0,-2.9000000000000057,52,7748.0,7748.0
63635.0,5.6000000000000085,47,7108.0,7108.0
63640.0,5.950000000000003,36,6726.0,6726.0
63645.0,-0.6900000000000119,36,6904.0,6904.0
63650.0,-1.9599999999999937,44,7108.0,7108.0
63655.0,-2.2900000000000063,51,7344.0,7344.0
63660.0,-2.719999999999999,57,7622.0,7622.0
63665.0,-2.9099999999999966,60,7916.0,7916.0
63670.0,-3.039999999999992,61,8221.0,8221.0
63675.0,-3.039999999999992,54,8217.0,8217.0
63680.0,-0.13000000000000966,48,8063.0,8063.0
63685.0,0.6400000000000006,43,8211.0,8211.0
63690.0,-2.3999999999999915,54,8454.0,8454.0
63695.0,-2.760000000000005,61,8745.0,8745.0
63700.0,-3.049999999999997,62,9054.0,9054.0
63705.0,-3.049999999999997,54,8443.0,8443.0
63710.0,4.86999999999999,46,7939.0,7939.0
63715.0,5.040000000000006,40,7997.0,7997.0
63720.0,-1.3799999999999955,44,8205.0,8205.0
63725.0,-2.200000000000003,50,8444.0,8444.0
63730.0,-2.549999999999997,59,8723.0,8723.0
63735.0,-2.8900000000000006,63,9027.0,9027.0
63740.0,-3.1500000000000057,65,9351.0,9351.0
63745.0,-3.25,63,9443.0,9443.0
63750.0,0.0799999999999983,56,9529.0,9529.0
63755.0,0.9200000000000017,47,9428.0,9428.0
63760.0,0.9200000000000017,48,9650.0,9650.0
63765.0,-3.200000000000003,60,9929.0,9929.0
63770.0,-2.8999999999999915,65,10247.0,10247.0
63775.0,-3.210000000000008,69,10581.0,10581.0
63780.0,-3.3799999999999955,69,10926.0,10926.0
63785.0,-3.450000000000003,70,11272.0,11272.0
63790.0,-3.469999999999999,71,11626.0,11626.0
63795.0,-3.549999999999997,72,11983.0,11983.0
63800.0,-3.6099999999999994,77,12365.0,12365.0
63805.0,-3.8400000000000034,77,12750.0,12750.0
63810.0,-3.8500000000000085,79,13141.0,13141.0
63815.0,-3.9299999999999784,79,13536.0,13536.0
63820.0,-3.950000000000017,76,13660.0,13660.0
63825.0,-0.15000000000000568,67,13539.0,13539.0
63830.0,1.0900000000000034,63,13645.0,13645.0
63835.0,1.0900000000000034,64,13959.0,13959.0
63840.0,-4.3799999999999955,70,14296.0,14296.0
63845.0,-3.3700000000000045,76,14662.0,14662.0
63850.0,-3.6599999999999966,76,14824.0,14824.0
63855.0,-1.009999999999991,69,14792.0,14792.0
63860.0,0.030000000000001137,63,14938.0,14938.0
63865.0,-4.230000000000018,64,15247.0,15247.0
63870.0,-3.3499999999999943,72,15590.0,15590.0
63875.0,-3.3499999999999943,69,14736.0,14736.0
63880.0,7.150000000000006,62,13983.0,13983.0
63885.0,7.5800000000000125,56,14276.0,14276.0
63890.0,-3.960000000000008,54,14549.0,14549.0
63895.0,-2.7299999999999898,59,14831.0,14831.0
63900.0,-3.030000000000001,66,15148.0,15148.0
63905.0,-3.380000000000024,76,15506.0,15506.0
63910.0,-3.9099999999999966,82,15909.0,15909.0
63915.0,-4.090000000000003,82,16319.0,16319.0
63920.0,-4.090000000000003,74,15633.0,15633.0
63925.0,5.219999999999999,66,14808.0,14808.0
63930.0,8.25,58,14874.0,14874.0
63935.0,-1.799999999999983,60,15165.0,15165.0
63940.0,-3.0200000000000102,69,15490.0,15490.0
63945.0,-3.4199999999999875,77,15857.0,15857.0
63950.0,-3.819999999999993,84,16260.0,16260.0
63955.0,-4.140000000000015,84,16680.0,16680.0
63960.0,-4.199999999999989,83,16754.0,16754.0
63965.0,0.9399999999999977,76,16690.0,16690.0
63970.0,2.2299999999999898,68,16482.0,16482.0
63975.0,2.2299999999999898,61,16773.0,16773.0
63980.0,-3.0500000000000114,65,17095.0,17095.0
63985.0,-3.25,67,16914.0,16914.0
63990.0,5.380000000000024,64,16293.0,16293.0
63995.0,5.649999999999977,64,16188.0,16188.0
64000.0,5.649999999999977,63,16493.0,16493.0
64005.0,-4.349999999999994,67,16820.0,16820.0
64010.0,-3.269999999999982,77,17183.0,17183.0
64015.0,-3.630000000000024,83,17585.0,17585.0
64020.0,-4.019999999999982,79,17657.0,17657.0
64025.0,1.0,73,17405.0,17405.0
64030.0,2.299999999999983,64,17440.0,17440.0
64035.0,-4.359999999999985,64,17755.0,17755.0
64040.0,-3.1500000000000057,64,18070.0,18070.0
64045.0,-3.3899999999999864,71,18416.0,18416.0
64050.0,-3.890000000000015,85,18819.0,18819.0
64055.0,-4.3799999999999955,89,19261.0,19261.0
64060.0,-4.490000000000009,91,19712.0,19712.0
64065.0,-4.490000000000009,83,19486.0,19486.0
64070.0,0.5200000000000102,77,19296.0,19296.0
64075.0,3.4799999999999898,67,19376.0,19376.0
64080.0,-3.5,65,19701.0,19701.0
64085.0,-3.3499999999999943,74,20052.0,20052.0
64090.0,-3.75,81,20441.0,20441.0
64095.0,-4.079999999999984,86,20859.0,20859.0
64100.0,-4.3700000000000045,91,21308.0,21308.0
64105.0,-4.3700000000000045,82,20561.0,20561.0
64110.0,5.649999999999977,76,19908.0,19908.0
64115.0,6.530000000000001,65,20041.0,20041.0
64120.0,-2.6599999999999966,71,20383.0,20383.0
64125.0,-3.530000000000001,78,20756.0,20756.0
64130.0,-3.869999999999976,85,21160.0,21160.0
64135.0,-4.200000000000017,91,21604.0,21604.0
64140.0,-4.539999999999992,93,22065.0,22065.0
64145.0,-4.640000000000015,92,22154.0,22154.0
64150.0,1.0500000000000114,82,22081.0,22081.0
64155.0,2.430000000000007,74,21690.0,21690.0
64160.0,2.430000000000007,71,22055.0,22055.0
64165.0,-2.230000000000018,69,22408.0,22408.0
64170.0,-3.509999999999991,77,22775.0,22775.0
64175.0,-3.759999999999991,77,22862.0,22862.0
64180.0,0.3299999999999841,77,22729.0,22729.0
64185.0,0.8900000000000148,72,22776.0,22776.0
64190.0,0.8900000000000148,67,23095.0,23095.0
64195.0,-3.6299999999999955,77,23463.0,23463.0
64200.0,-3.680000000000007,82,23865.0,23865.0
64205.0,-4.02000000000001,84,24055.0,24055.0
64210.0,-1.4199999999999875,76,24044.0,24044.0
64215.0,-0.030000000000001137,68,24124.0,24124.0
64220.0,-3.8700000000000045,71,24468.0,24468.0
64225.0,-3.6599999999999966,77,24840.0,24840.0
64230.0,-4.0,83,25246.0,25246.0
64235.0,-4.0,80,24347.0,24347.0
64240.0,7.3799999999999955,73,23642.0,23642.0
64245.0,7.1200000000000045,63,23509.0,23509.0
64250.0,2.2299999999999898,50,23421.0,23421.0
64255.0,0.6100000000000136,48,23462.0,23462.0
64260.0,0.6100000000000136,55,23670.0,23670.0
64265.0,-2.4099999999999966,67,23981.0,23981.0
64270.0,-3.1100000000000136,80,24352.0,24352.0
64275.0,-3.710000000000008,81,24757.0,24757.0
64280.0,-4.049999999999983,77,25020.0,25020.0
64285.0,-3.0100000000000193,69,25127.0,25127.0
64290.0,-1.509999999999991,65,25357.0,25357.0
64295.0,-4.119999999999976,68,25689.0,25689.0
64300.0,-3.569999999999993,78,26056.0,26056.0
64305.0,-4.0,82,26460.0,26460.0
64310.0,-4.0,74,26668.0,26668.0
64315.0,-3.6200000000000045,70,26897.0,26897.0
64320.0,-2.2700000000000387,69,27194.0,27194.0
64325.0,-4.359999999999957,73,27548.0,27548.0
64330.0,-3.670000000000016,76,27921.0,27921.0
64335.0,-3.819999999999993,80,28310.0,28310.0
64340.0,-3.980000000000018,81,28711.0,28711.0
64345.0,-3.980000000000018,75,28981.0,28981.0
64350.0,-4.310000000000002,74,29289.0,29289.0
64355.0,-3.079999999999984,76,29640.0,29640.0
64360.0,-3.509999999999991,70,29314.0,29314.0
64365.0,8.819999999999993,62,28306.0,28306.0
64370.0,12.649999999999977,55,27325.0,27325.0
64375.0,0.06999999999999318,47,27524.0,27524.0
64380.0,-2.099999999999966,49,27745.0,27745.0
64385.0,-2.099999999999966,52,27964.0,27964.0
64390.0,-3.2100000000000364,61,28250.0,28250.0
64395.0,-2.9399999999999977,63,26064.0,26064.0
64400.0,44.26000000000002,53,21772.0,21772.0
64405.0,40.41999999999999,48,17972.0,17972.0
64410.0,52.54000000000002,46,14681.0,14681.0
64415.0,52.54000000000002,40,14788.0,14788.0
64420.0,-1.990000000000009,46,14986.0,14986.0
64425.0,-1.9800000000000182,49,15183.0,15183.0
64430.0,-2.789999999999992,55,15427.0,15427.0
64435.0,-2.719999999999999,55,15694.0,15694.0
64440.0,-3.740000000000009,56,15967.0,15967.0
64445.0,-2.8899999999999864,60,16260.0,16260.0
64450.0,-2.8899999999999864,53,15159.0,15159.0
64455.0,9.889999999999986,44,14163.0,14163.0
64460.0,10.060000000000002,34,14050.0,14050.0
64465.0,0.7199999999999989,32,14197.0,14197.0
64470.0,-1.6799999999999784,40,14379.0,14379.0
64475.0,-1.6799999999999784,42,14536.0,14536.0
64480.0,-2.3500000000000227,50,14771.0,14771.0
64485.0,-2.3499999999999943,57,15046.0,15046.0
64490.0,-2.75,53,14735.0,14735.0
64495.0,7.680000000000007,43,13892.0,13892.0
64500.0,7.849999999999994,37,13364.0,13364.0
64505.0,0.28000000000000114,31,13487.0,13487.0
64510.0,-1.5999999999999943,40,13665.0,13665.0
64515.0,-1.5999999999999943,42,13833.0,13833.0
64520.0,-2.509999999999991,48,14062.0,14062.0
64525.0,-2.3600000000000136,48,13843.0,13843.0
64530.0,5.430000000000007,39,13273.0,13273.0
64535.0,5.319999999999993,33,12855.0,12855.0
64540.0,5.319999999999993,31,12992.0,12992.0
64545.0,0.45000000000001705,37,13161.0,13161.0
64550.0,-1.6900000000000261,39,13311.0,13311.0
64555.0,-2.0299999999999727,44,13488.0,13488.0
64560.0,-2.160000000000025,46,13710.0,13710.0
64565.0,-3.1599999999999966,47,13943.0,13943.0
64570.0,-2.3499999999999943,48,14179.0,14179.0
64575.0,-2.3499999999999943,41,11577.0,11577.0
64580.0,33.150000000000006,34,7904.0,7904.0
64585.0,28.789999999999992,25,7316.0,7316.0
64590.0,5.359999999999999,34,7465.0,7465.0
64595.0,-1.7999999999999972,45,7670.0,7670.0
64600.0,-2.269999999999996,48,7904.0,7904.0
64605.0,-2.269999999999996,41,8000.0,8000.0
64610.0,-1.9200000000000017,41,8162.0,8162.0
64615.0,-1.6200000000000045,41,8367.0,8367.0
64620.0,-2.8699999999999903,43,8575.0,8575.0
64625.0,-2.1200000000000045,44,8409.0,8409.0
64630.0,4.099999999999994,38,8289.0,8289.0
64635.0,4.050000000000011,32,7761.0,7761.0
64640.0,4.050000000000011,27,7887.0,7887.0
64645.0,-0.6800000000000068,33,8041.0,8041.0
64650.0,-1.6099999999999994,40,8228.0,8228.0
64655.0,-1.9500000000000028,46,8446.0,8446.0
64660.0,-2.219999999999999,42,8591.0,8591.0
64665.0,-1.6499999999999915,44,8706.0,8706.0
64670.0,-1.6500000000000057,44,8910.0,8910.0
64675.0,-1.6500000000000057,37,8524.0,8524.0
64680.0,2.980000000000004,30,8196.0,8196.0
64685.0,3.280000000000001,24,8163.0,8163.0
64690.0,0.04999999999999716,32,8273.0,8273.0
64695.0,-1.490000000000009,36,8447.0,8447.0
64700.0,-1.8499999999999943,42,8649.0,8649.0
64705.0,-2.1500000000000057,44,8817.0,8817.0
64710.0,-1.9199999999999875,39,8946.0,8946.0
64715.0,-1.6800000000000068,41,9141.0,9141.0
64720.0,-1.6800000000000068,33,6454.0,6454.0
64725.0,26.150000000000006,26,4304.0,4304.0
64730.0,21.549999999999997,22,3961.0,3961.0
64735.0,3.1199999999999974,31,4078.0,4078.0
64740.0,-1.6300000000000026,38,4256.0,4256.0
64745.0,-1.8900000000000006,38,4446.0,4446.0
64750.0,-1.8900000000000006,29,4004.0,4004.0
64755.0,3.6600000000000037,23,3659.0,3659.0
64760.0,3.4499999999999957,17,3591.0,3591.0
64765.0,0.730000000000004,23,3630.0,3630.0
64770.0,-0.9299999999999997,26,3729.0,3729.0
64775.0,-1.5300000000000011,33,3865.0,3865.0
64780.0,-1.6499999999999986,33,4030.0,4030.0
64785.0,-1.6499999999999986,25,3758.0,3758.0
64790.0,2.1400000000000006,20,3550.0,3550.0
64795.0,2.1299999999999955,18,3493.0,3493.0
64800.0,0.30000000000000426,24,3587.0,3587.0
64805.0,-1.2199999999999989,26,3713.0,3713.0
64810.0,-1.2199999999999989,23,3761.0,3761.0
64815.0,-0.990000000000002,27,3888.0,3888.0
64820.0,-1.2700000000000031,25,4004.0,4004.0
64825.0,-1.6599999999999966,25,4129.0,4129.0
64830.0,-1.2700000000000031,25,4114.0,4114.0
64835.0,1.0800000000000054,18,4044.0,4044.0
64840.0,0.9599999999999937,20,3997.0,3997.0
64845.0,0.9599999999999937,21,4058.0,4058.0
64850.0,-1.0399999999999991,26,4180.0,4180.0
64855.0,-1.25,26,4310.0,4310.0
64860.0,-1.3099999999999952,24,4392.0,4392.0
64865.0,-0.9200000000000017,22,4466.0,4466.0
64870.0,-1.0300000000000011,24,4579.0,4579.0
64875.0,-1.0300000000000011,19,4531.0,4531.0
64880.0,0.00999999999999801,21,4579.0,4579.0
64885.0,-0.4799999999999969,19,4652.0,4652.0
64890.0,-1.0,20,4739.0,4739.0
64895.0,-1.009999999999998,22,4845.0,4845.0
64900.0,-1.0900000000000034,22,4955.0,4955.0
64905.0,-1.1000000000000014,21,5010.0,5010.0
64910.0,-0.4799999999999969,17,5064.0,5064.0
64915.0,-0.75,21,5143.0,5143.0
64920.0,-1.0700000000000003,25,5254.0,5254.0
64925.0,-1.0700000000000003,22,5341.0,5341.0
64930.0,-1.3500000000000014,25,5459.0,5459.0
64935.0,-1.2000000000000028,21,4377.0,4377.0
64940.0,21.1,12,2531.0,2531.0
64945.0,15.32,12,1563.0,1563.0
64950.0,15.32,13,1569.0,1569.0
64955.0,2.730000000000002,21,1659.0,1659.0
64960.0,-0.9000000000000004,18,1725.0,1725.0
64965.0,-0.870000000000001,18,1799.0,1799.0
64970.0,-0.9100000000000001,18,1765.0,1765.0
64975.0,1.120000000000001,13,1738.0,1738.0
64980.0,0.379999999999999,15,1702.0,1702.0
64985.0,0.379999999999999,14,1753.0,1753.0
64990.0,-0.8000000000000007,18,1832.0,1832.0
64995.0,-0.8399999999999999,22,1938.0,1938.0
65000.0,-1.0899999999999999,22,2048.0,2048.0
65005.0,-1.1099999999999994,24,2167.0,2167.0
65010.0,-1.1999999999999993,24,2287.0,2287.0
65015.0,-1.1999999999999993,22,2313.0,2313.0
65020.0,0.1999999999999993,16,2273.0,2273.0
65025.0,-0.03999999999999915,19,2328.0,2328.0
65030.0,-0.03999999999999915,23,2422.0,2422.0
65035.0,-1.2699999999999996,23,2537.0,2537.0
65040.0,-1.1500000000000021,20,2621.0,2621.0
65045.0,-1.1400000000000006,22,2714.0,2714.0
65050.0,-1.0699999999999967,20,2808.0,2808.0
65055.0,-1.3000000000000007,20,2908.0,2908.0
65060.0,-1.0100000000000016,24,3013.0,3013.0
65065.0,-1.0100000000000016,28,3144.0,3144.0
65070.0,-1.8299999999999983,28,3284.0,3284.0
65075.0,-1.3999999999999986,26,3233.0,3233.0
65080.0,1.7899999999999991,18,3037.0,3037.0
65085.0,1.8999999999999986,21,2965.0,2965.0
65090.0,1.8999999999999986,19,2983.0,2983.0
65095.0,-0.3999999999999986,19,3068.0,3068.0
65100.0,-0.8500000000000014,24,3180.0,3180.0
65105.0,-1.120000000000001,25,3305.0,3305.0
65110.0,-1.2499999999999964,26,3434.0,3434.0
65115.0,-1.2900000000000063,27,3569.0,3569.0
65120.0,-1.3499999999999943,21,3620.0,3620.0
65125.0,-0.35999999999999943,21,3634.0,3634.0
65130.0,-0.5700000000000003,21,3720.0,3720.0
65135.0,-1.490000000000002,26,3837.0,3837.0
65140.0,-1.4200000000000017,29,3982.0,3982.0
65145.0,-1.4499999999999957,30,4128.0,4128.0
65150.0,-1.5400000000000063,31,4283.0,4283.0
65155.0,-1.5499999999999972,31,4438.0,4438.0
65160.0,-1.5499999999999972,26,4499.0,4499.0
65165.0,-1.1799999999999997,26,4609.0,4609.0
65170.0,-1.1099999999999994,31,4750.0,4750.0
65175.0,-2.0799999999999983,32,4908.0,4908.0
65180.0,-1.6000000000000014,33,5069.0,5069.0
65185.0,-1.6499999999999986,34,5237.0,5237.0
65190.0,-1.7000000000000028,34,5407.0,5407.0
65195.0,-1.7000000000000028,30,5499.0,5499.0
65200.0,-1.6000000000000014,32,5655.0,5655.0
65205.0,-1.5599999999999952,35,5815.0,5815.0
65210.0,-2.3400000000000034,38,6002.0,6002.0
65215.0,-1.8900000000000006,36,5902.0,5902.0
65220.0,3.1000000000000014,30,5798.0,5798.0
65225.0,3.0600000000000023,23,5402.0,5402.0
65230.0,3.0600000000000023,24,5462.0,5462.0
65235.0,-0.240000000000002,31,5598.0,5598.0
65240.0,-1.4299999999999997,30,5715.0,5715.0
65245.0,-1.5399999999999991,33,5843.0,5843.0
65250.0,-1.5900000000000034,33,6008.0,6008.0
65255.0,-1.6499999999999986,35,6177.0,6177.0
65260.0,-1.6499999999999986,32,6304.0,6304.0
65265.0,-1.9699999999999989,33,6468.0,6468.0
65270.0,-1.6400000000000077,31,6612.0,6612.0
65275.0,-2.059999999999988,34,6771.0,6771.0
65280.0,-1.6800000000000068,39,6959.0,6959.0
65285.0,-1.9500000000000028,37,6900.0,6900.0
65290.0,2.530000000000001,31,6707.0,6707.0
65295.0,2.200000000000003,25,6541.0,6541.0
65300.0,2.200000000000003,26,6651.0,6651.0
65305.0,-1.1500000000000057,33,6808.0,6808.0
65310.0,-1.6299999999999955,35,6979.0,6979.0
65315.0,-1.730000000000004,35,7006.0,7006.0
65320.0,0.3300000000000125,28,6944.0,6944.0
65325.0,0.19999999999998863,31,7022.0,7022.0
65330.0,0.19999999999998863,33,7169.0,7169.0
65335.0,-2.069999999999993,34,7337.0,7337.0
65340.0,-1.6800000000000068,36,7515.0,7515.0
65345.0,-1.7800000000000011,36,7695.0,7695.0
65350.0,-1.7999999999999972,35,7741.0,7741.0
65355.0,0.07000000000000739,32,7648.0,7648.0
65360.0,0.12999999999999545,32,7704.0,7704.0
65365.0,-1.519999999999996,34,7861.0,7861.0
65370.0,-1.7700000000000102,36,8040.0,8040.0
65375.0,-1.8299999999999983,38,8225.0,8225.0
65380.0,-1.8999999999999915,38,8415.0,8415.0
65385.0,-1.9100000000000108,41,8609.0,8609.0
65390.0,-1.9100000000000108,36,8666.0,8666.0
65395.0,-1.3199999999999932,36,8763.0,8763.0
65400.0,-0.9300000000000068,34,8916.0,8916.0
65405.0,-2.309999999999988,36,9096.0,9096.0
65410.0,-1.8100000000000023,37,9279.0,9279.0
65415.0,-1.8700000000000045,38,9468.0,9468.0
65420.0,-1.9099999999999966,42,9666.0,9666.0
65425.0,-1.9099999999999966,41,9806.0,9806.0
65430.0,-2.230000000000004,42,10015.0,10015.0
65435.0,-2.0900000000000034,40,10206.0,10206.0
65440.0,-2.6799999999999926,40,10403.0,10403.0
65445.0,-2.0,40,10603.0,10603.0
65450.0,-2.799999999999997,40,10803.0,10803.0
65455.0,-2.030000000000001,44,11010.0,11010.0
65460.0,-2.030000000000001,46,11232.0,11232.0
65465.0,-3.1200000000000045,46,11462.0,11462.0
65470.0,-2.299999999999997,43,11369.0,11369.0
65475.0,3.069999999999993,35,11005.0,11005.0
65480.0,3.3400000000000034,30,10717.0,10717.0
65485.0,3.3400000000000034,28,10782.0,10782.0
65490.0,0.8500000000000085,38,10949.0,10949.0
65495.0,-1.6700000000000017,38,11106.0,11106.0
65500.0,-2.240000000000009,42,11299.0,11299.0
65505.0,-2.0999999999999943,40,11290.0,11290.0
65510.0,1.2800000000000011,33,11288.0,11288.0
65515.0,1.1199999999999903,30,11173.0,11173.0
65520.0,1.1199999999999903,33,11270.0,11270.0
65525.0,-1.5999999999999943,37,11440.0,11440.0
65530.0,-1.7399999999999949,36,11595.0,11595.0
65535.0,-2.0799999999999983,37,11753.0,11753.0
65540.0,-1.7900000000000063,37,11938.0,11938.0
65545.0,-1.8599999999999994,39,12128.0,12128.0
65550.0,-1.9500000000000028,39,12323.0,12323.0
65555.0,-1.9500000000000028,36,12466.0,12466.0
65560.0,-2.2099999999999937,40,12652.0,12652.0
65565.0,-1.8599999999999994,37,12661.0,12661.0
65570.0,0.6400000000000006,34,12571.0,12571.0
65575.0,0.4299999999999926,32,12608.0,12608.0
65580.0,-1.75,36,12755.0,12755.0
65585.0,-1.8200000000000074,37,12939.0,12939.0
65590.0,-1.8699999999999761,38,13127.0,13127.0
65595.0,-1.9400000000000261,39,13322.0,13322.0
65600.0,-1.9400000000000261,36,13407.0,13407.0
65605.0,-1.5999999999999943,38,13574.0,13574.0
65610.0,-1.6899999999999977,37,13743.0,13743.0
65615.0,-2.4199999999999875,39,13932.0,13932.0
65620.0,-1.950000000000017,39,14127.0,14127.0
65625.0,-1.950000000000017,37,14297.0,14297.0
65630.0,-2.4799999999999898,39,14484.0,14484.0
65635.0,-1.8700000000000045,40,14679.0,14679.0
65640.0,-2.7700000000000102,45,14894.0,14894.0
65645.0,-2.2299999999999898,45,15119.0,15119.0
65650.0,-2.25,45,15322.0,15322.0
65655.0,-2.819999999999993,43,15534.0,15534.0
65660.0,-2.1500000000000057,44,15750.0,15750.0
65665.0,-2.240000000000009,45,15975.0,15975.0
65670.0,-2.240000000000009,44,16181.0,16181.0
65675.0,-2.9599999999999795,49,16416.0,16416.0
65680.0,-2.390000000000015,45,16388.0,16388.0
65685.0,1.710000000000008,37,16153.0,16153.0
65690.0,2.329999999999984,35,16131.0,16131.0
65695.0,2.329999999999984,37,16298.0,16298.0
65700.0,-2.369999999999976,43,16503.0,16503.0
65705.0,-2.0500000000000114,46,16729.0,16729.0
65710.0,-2.259999999999991,50,16969.0,16969.0
65715.0,-2.4000000000000057,52,17229.0,17229.0
65720.0,-2.5999999999999943,53,17490.0,17490.0
65725.0,-2.6100000000000136,48,17650.0,17650.0
65730.0,-1.7299999999999898,44,17739.0,17739.0
65735.0,-1.3100000000000023,44,17920.0,17920.0
65740.0,-3.1100000000000136,47,18152.0,18152.0
65745.0,-2.3999999999999773,51,18396.0,18396.0
65750.0,-2.3999999999999773,45,18204.0,18204.0
65755.0,0.9799999999999898,41,18094.0,18094.0
65760.0,1.1299999999999955,39,18169.0,18169.0
65765.0,-1.5600000000000023,42,18374.0,18374.0
65770.0,-2.1500000000000057,47,18597.0,18597.0
65775.0,-2.339999999999975,49,18836.0,18836.0
65780.0,-2.440000000000026,52,19085.0,19085.0
65785.0,-2.6299999999999955,55,19356.0,19356.0
65790.0,-2.75,55,19631.0,19631.0
65795.0,-2.75,49,19675.0,19675.0
65800.0,-1.539999999999992,46,19761.0,19761.0
65805.0,-0.8600000000000136,46,19971.0,19971.0
65810.0,-3.039999999999992,51,20216.0,20216.0
65815.0,-2.530000000000001,53,20475.0,20475.0
65820.0,-2.6500000000000057,56,20750.0,20750.0
65825.0,-2.809999999999974,55,20946.0,20946.0
65830.0,-2.2600000000000193,48,21113.0,21113.0
65835.0,-1.6800000000000068,50,21295.0,21295.0
65840.0,-1.6800000000000068,49,21536.0,21536.0
65845.0,-3.280000000000001,52,21789.0,21789.0
65850.0,-2.559999999999974,54,22055.0,22055.0
65855.0,-2.680000000000007,59,22338.0,22338.0
65860.0,-2.8700000000000045,59,22633.0,22633.0
65865.0,-2.9499999999999886,55,22875.0,22875.0
65870.0,-3.1100000000000136,54,23100.0,23100.0
65875.0,-2.5900000000000034,54,23370.0,23370.0
65880.0,-2.5900000000000034,56,23644.0,23644.0
65885.0,-3.819999999999993,58,23928.0,23928.0
65890.0,-2.8400000000000034,58,24200.0,24200.0
65895.0,-3.8799999999999955,58,24490.0,24490.0
65900.0,-2.9000000000000057,58,24780.0,24780.0
65905.0,-4.109999999999985,60,25077.0,25077.0
65910.0,-3.0,60,25377.0,25377.0
65915.0,-3.0200000000000102,62,25681.0,25681.0
65920.0,-3.1999999999999886,66,26005.0,26005.0
65925.0,-3.340000000000032,68,26341.0,26341.0
65930.0,-3.4799999999999613,70,26691.0,26691.0
65935.0,-3.5,70,27041.0,27041.0
65940.0,-3.5,65,27263.0,27263.0
65945.0,-3.569999999999993,65,27557.0,27557.0
65950.0,-2.9400000000000546,67,27888.0,27888.0
65955.0,-3.329999999999984,65,28198.0,28198.0
65960.0,-4.349999999999966,68,28526.0,28526.0
65965.0,-3.410000000000025,70,28871.0,28871.0
65970.0,-3.5,70,29221.0,29221.0
65975.0,-3.5,68,29546.0,29546.0
65980.0,-4.649999999999977,70,29893.0,29893.0
65985.0,-3.4700000000000273,64,27626.0,27626.0
65990.0,46.110000000000014,59,23130.0,23130.0
65995.0,42.329999999999984,51,20113.0,20113.0
66000.0,7.6299999999999955,46,20332.0,20332.0
66005.0,-2.329999999999984,48,20567.0,20567.0
66010.0,-2.5800000000000125,57,20834.0,20834.0
66015.0,-2.969999999999999,64,21138.0,21138.0
66020.0,-3.289999999999992,69,21472.0,21472.0
66025.0,-3.4799999999999898,70,21821.0,21821.0
66030.0,-3.5400000000000205,72,22177.0,22177.0
66035.0,-3.5400000000000205,66,22365.0,22365.0
66040.0,-3.2399999999999807,64,22610.0,22610.0
66045.0,-2.450000000000017,66,22931.0,22931.0
66050.0,-3.2299999999999898,63,22601.0,22601.0
66055.0,8.419999999999987,54,21665.0,21665.0
66060.0,9.01000000000002,48,20822.0,20822.0
66065.0,9.01000000000002,45,21038.0,21038.0
66070.0,2.1599999999999966,45,21257.0,21257.0
66075.0,-2.1899999999999977,48,21438.0,21438.0
66080.0,-2.3000000000000114,52,21605.0,21605.0
66085.0,-2.219999999999999,59,21885.0,21885.0
66090.0,-2.9399999999999977,57,19993.0,19993.0
66095.0,38.34,51,17273.0,17273.0
66100.0,42.25,42,13986.0,13986.0
66105.0,42.25,40,14170.0,14170.0
66110.0,-2.6500000000000057,44,14379.0,14379.0
66115.0,-2.1699999999999875,49,14017.0,14017.0
66120.0,8.409999999999997,45,13136.0,13136.0
66125.0,8.299999999999997,39,12544.0,12544.0
66130.0,8.299999999999997,35,12709.0,12709.0
66135.0,0.45999999999999375,41,12903.0,12903.0
66140.0,-1.9399999999999977,50,13134.0,13134.0
66145.0,-2.3100000000000023,57,13410.0,13410.0
66150.0,-2.759999999999991,56,13570.0,13570.0
66155.0,-1.5500000000000114,51,13593.0,13593.0
66160.0,-0.710000000000008,49,12111.0,12111.0
66165.0,28.49000000000001,44,10184.0,10184.0
66170.0,23.810000000000002,37,7360.0,7360.0
66175.0,23.810000000000002,38,7501.0,7501.0
66180.0,8.730000000000004,45,7706.0,7706.0
66185.0,-2.200000000000003,51,7951.0,7951.0
66190.0,-2.489999999999995,49,7644.0,7644.0
66195.0,7.819999999999993,40,6807.0,6807.0
66200.0,7.909999999999997,33,6072.0,6072.0
66205.0,8.230000000000004,27,5448.0,5448.0
66210.0,8.230000000000004,30,5564.0,5564.0
66215.0,0.4200000000000017,39,5751.0,5751.0
66220.0,-1.8699999999999974,46,5965.0,5965.0
66225.0,-2.1400000000000006,45,5821.0,5821.0
66230.0,3.740000000000002,37,5513.0,5513.0
66235.0,2.6799999999999997,33,5339.0,5339.0
66240.0,-1.5400000000000063,38,5515.0,5515.0
66245.0,-2.009999999999998,43,5721.0,5721.0
66250.0,-2.259999999999998,48,5952.0,5952.0
66255.0,-2.4399999999999977,49,6197.0,6197.0
66260.0,-2.4399999999999977,43,6022.0,6022.0
66265.0,0.8499999999999943,33,5856.0,5856.0
66270.0,2.480000000000004,29,5858.0,5858.0
66275.0,-1.3800000000000026,35,6023.0,6023.0
66280.0,-1.8100000000000023,41,6215.0,6215.0
66285.0,-2.1599999999999966,50,6449.0,6449.0
66290.0,-2.1599999999999966,43,6393.0,6393.0
66295.0,-0.4299999999999997,37,6385.0,6385.0
66300.0,0.0799999999999983,35,6288.0,6288.0
66305.0,2.3400000000000034,32,6046.0,6046.0
66310.0,1.7999999999999972,32,5955.0,5955.0
66315.0,-0.7800000000000011,33,6082.0,6082.0
66320.0,-1.6999999999999957,40,6259.0,6259.0
66325.0,-1.6999999999999957,35,6179.0,6179.0
66330.0,0.07000000000000028,32,6184.0,6184.0
66335.0,-0.03999999999999915,32,6305.0,6305.0
66340.0,-1.9099999999999966,35,6477.0,6477.0
66345.0,-1.7600000000000051,37,6657.0,6657.0
66350.0,-1.8500000000000085,37,6842.0,6842.0
66355.0,-1.8599999999999994,41,7035.0,7035.0
66360.0,-2.059999999999988,43,7245.0,7245.0
66365.0,-2.190000000000012,46,7471.0,7471.0
66370.0,-2.319999999999993,47,7705.0,7705.0
66375.0,-2.3499999999999943,47,7940.0,7940.0
66380.0,-2.3800000000000097,49,8182.0,8182.0
66385.0,-2.450000000000003,49,8427.0,8427.0
66390.0,-2.4499999999999886,51,8676.0,8676.0
66395.0,-2.5600000000000023,55,8939.0,8939.0
66400.0,-2.740000000000009,57,9217.0,9217.0
66405.0,-2.839999999999989,57,9502.0,9502.0
66410.0,-2.8500000000000085,58,9788.0,9788.0
66415.0,-2.9200000000000017,59,10083.0,10083.0
66420.0,-2.9499999999999886,59,10378.0,10378.0
66425.0,-2.980000000000004,62,10680.0,10680.0
66430.0,-3.1400000000000006,67,11006.0,11006.0
66435.0,-3.3599999999999994,69,11346.0,11346.0
66440.0,-3.450000000000003,69,11691.0,11691.0
66445.0,-3.450000000000003,59,11355.0,11355.0
66450.0,1.980000000000004,52,10902.0,10902.0
66455.0,4.530000000000001,45,11139.0,11139.0
66460.0,-3.2900000000000063,44,11366.0,11366.0
66465.0,-2.269999999999996,54,11613.0,11613.0
66470.0,-2.680000000000007,61,11904.0,11904.0
66475.0,-3.019999999999996,66,12222.0,12222.0
66480.0,-3.3100000000000023,70,12569.0,12569.0
66485.0,-3.509999999999991,72,12926.0,12926.0
66490.0,-3.5999999999999943,72,13286.0,13286.0
66495.0,-3.6000000000000227,74,13652.0,13652.0
66500.0,-3.759999999999991,80,14044.0,14044.0
66505.0,-3.9799999999999898,82,14446.0,14446.0
66510.0,-4.060000000000002,82,14856.0,14856.0
66515.0,-4.099999999999994,82,14870.0,14870.0
66520.0,2.1599999999999966,72,14876.0,14876.0
66525.0,3.319999999999993,64,14382.0,14382.0
66530.0,3.319999999999993,59,14680.0,14680.0
66535.0,-2.6699999999999875,60,14973.0,14973.0
66540.0,-2.950000000000017,66,15287.0,15287.0
66545.0,-3.1899999999999977,71,15631.0,15631.0
66550.0,-3.509999999999991,78,16008.0,16008.0
66555.0,-3.8300000000000125,81,16408.0,16408.0
66560.0,-4.019999999999982,81,16813.0,16813.0
66565.0,-4.050000000000011,81,17218.0,17218.0
66570.0,-4.050000000000011,89,17647.0,17647.0
66575.0,-4.3700000000000045,85,17700.0,17700.0
66580.0,1.5100000000000193,79,17404.0,17404.0
66585.0,4.150000000000006,71,17155.0,17155.0
66590.0,4.150000000000006,65,17467.0,17467.0
66595.0,-2.969999999999999,65,17788.0,17788.0
66600.0,-3.210000000000008,65,17823.0,17823.0
66605.0,1.009999999999991,66,17527.0,17527.0
66610.0,2.3000000000000114,63,17647.0,17647.0
66615.0,-4.439999999999998,65,17966.0,17966.0
66620.0,-3.3600000000000136,71,18308.0,18308.0
66625.0,-3.6899999999999977,78,18684.0,18684.0
66630.0,-3.6899999999999977,76,17917.0,17917.0
66635.0,6.150000000000006,68,17224.0,17224.0
66640.0,7.009999999999991,64,17069.0,17069.0
66645.0,0.30000000000001137,62,17384.0,17384.0
66650.0,-3.1299999999999955,65,17703.0,17703.0
66655.0,-3.4000000000000057,74,18059.0,18059.0
66660.0,-3.75,81,18449.0,18449.0
66665.0,-3.75,74,17902.0,17902.0
66670.0,3.859999999999985,67,17450.0,17450.0
66675.0,4.52000000000001,62,17566.0,17566.0
66680.0,-2.4199999999999875,66,17887.0,17887.0
66685.0,-3.3300000000000125,73,18239.0,18239.0
66690.0,-3.6500000000000057,80,18628.0,18628.0
66695.0,-4.019999999999982,83,19041.0,19041.0
66700.0,-4.160000000000025,85,19463.0,19463.0
66705.0,-4.25,83,19506.0,19506.0
66710.0,1.8000000000000114,77,19354.0,19354.0
66715.0,3.0,74,19227.0,19227.0
66720.0,3.0,67,19561.0,19561.0
66725.0,-4.75,66,19892.0,19892.0
66730.0,-3.3100000000000023,67,19807.0,19807.0
66735.0,3.670000000000016,66,19375.0,19375.0
66740.0,3.6399999999999864,65,19076.0,19076.0
66745.0,3.6399999999999864,63,19367.0,19367.0
66750.0,-1.3899999999999864,69,19706.0,19706.0
66755.0,-3.390000000000015,71,19767.0,19767.0
66760.0,0.2599999999999909,70,19668.0,19668.0
66765.0,0.36000000000001364,65,19386.0,19386.0
66770.0,3.5500000000000114,63,19352.0,19352.0
66775.0,3.1899999999999977,61,18892.0,18892.0
66780.0,3.1899999999999977,50,19113.0,19113.0
66785.0,-1.9300000000000068,49,19365.0,19365.0
66790.0,-2.5200000000000102,60,19639.0,19639.0
66795.0,-2.859999999999985,68,19961.0,19961.0
66800.0,-3.2900000000000205,73,20318.0,20318.0
66805.0,-3.6299999999999955,77,20700.0,20700.0
66810.0,-3.859999999999985,79,21095.0,21095.0
66815.0,-3.950000000000017,75,21142.0,21142.0
66820.0,1.5200000000000102,67,20829.0,20829.0
66825.0,4.530000000000001,65,20699.0,20699.0
66830.0,4.530000000000001,59,20994.0,20994.0
66835.0,-4.25,60,21289.0,21289.0
66840.0,-2.9499999999999886,66,21607.0,21607.0
66845.0,-3.180000000000007,75,21960.0,21960.0
66850.0,-3.530000000000001,80,22346.0,22346.0
66855.0,-3.8600000000000136,83,22752.0,22752.0
66860.0,-4.060000000000002,87,23178.0,23178.0
66865.0,-4.259999999999991,89,23618.0,23618.0
66870.0,-4.400000000000006,90,24066.0,24066.0
66875.0,-4.47999999999999,91,24517.0,24517.0
66880.0,-4.509999999999991,86,24577.0,24577.0
66885.0,1.3099999999999739,77,24288.0,24288.0
66890.0,2.5900000000000034,70,24331.0,24331.0
66895.0,-4.819999999999993,72,24681.0,24681.0
66900.0,-3.5900000000000034,75,25043.0,25043.0
66905.0,-3.829999999999984,80,25431.0,25431.0
66910.0,-4.150000000000034,86,25852.0,25852.0
66915.0,-4.42999999999995,92,26301.0,26301.0
66920.0,-4.42999999999995,84,26090.0,26090.0
66925.0,0.3699999999999477,77,25925.0,25925.0
66930.0,1.7000000000000455,74,26186.0,26186.0
66935.0,-4.050000000000011,74,26554.0,26554.0
66940.0,-3.7200000000000273,78,26935.0,26935.0
66945.0,-3.9899999999999523,86,27348.0,27348.0
66950.0,-4.360000000000014,91,27797.0,27797.0
66955.0,-4.360000000000014,85,23395.0,23395.0
66960.0,42.19,77,19533.0,19533.0
66965.0,38.619999999999976,76,19902.0,19902.0
66970.0,-5.189999999999998,74,20276.0,20276.0
66975.0,-3.769999999999982,82,20669.0,20669.0
66980.0,-4.090000000000003,88,21101.0,21101.0
66985.0,-4.439999999999998,95,21563.0,21563.0
66990.0,-4.740000000000009,97,22047.0,22047.0
66995.0,-4.849999999999994,95,22169.0,22169.0
67000.0,0.3400000000000034,93,22300.0,22300.0
67005.0,2.8100000000000023,85,21853.0,21853.0
67010.0,2.8100000000000023,77,22229.0,22229.0
67015.0,-3.8000000000000114,73,22604.0,22604.0
67020.0,-3.719999999999999,77,22372.0,22372.0
67025.0,6.740000000000009,71,21585.0,21585.0
67030.0,7.340000000000003,72,20910.0,20910.0
67035.0,7.340000000000003,68,21251.0,21251.0
67040.0,0.18999999999999773,69,21590.0,21590.0
67045.0,-3.390000000000015,69,21435.0,21435.0
67050.0,5.0,70,20635.0,20635.0
67055.0,7.069999999999993,64,20571.0,20571.0
67060.0,-4.449999999999989,68,20896.0,20896.0
67065.0,-3.530000000000001,75,21256.0,21256.0
67070.0,-3.8799999999999955,82,21651.0,21651.0
67075.0,-4.27000000000001,88,22084.0,22084.0
67080.0,-4.47999999999999,92,22536.0,22536.0
67085.0,-4.47999999999999,84,22188.0,22188.0
67090.0,1.740000000000009,75,21869.0,21869.0
67095.0,3.280000000000001,66,21888.0,21888.0
67100.0,-1.3900000000000148,64,22209.0,22209.0
67105.0,-3.180000000000007,66,22530.0,22530.0
67110.0,-3.180000000000007,66,22219.0,22219.0
67115.0,1.8000000000000114,67,22009.0,22009.0
67120.0,2.0999999999999943,61,22061.0,22061.0
67125.0,-1.7199999999999989,65,22372.0,22372.0
67130.0,-3.240000000000009,68,22177.0,22177.0
67135.0,5.219999999999999,65,21834.0,21834.0
67140.0,7.200000000000017,61,21324.0,21324.0
67145.0,7.200000000000017,59,21609.0,21609.0
67150.0,-4.050000000000011,65,21923.0,21923.0
67155.0,-3.219999999999999,69,21963.0,21963.0
67160.0,0.9399999999999977,66,21776.0,21776.0
67165.0,1.5800000000000125,61,21763.0,21763.0
67170.0,1.5800000000000125,58,22043.0,22043.0
67175.0,-3.0500000000000114,64,22354.0,22354.0
67180.0,-3.109999999999985,70,22696.0,22696.0
67185.0,-3.420000000000016,80,23081.0,23081.0
67190.0,-3.8499999999999943,74,23018.0,23018.0
67195.0,3.3400000000000034,69,22581.0,22581.0
67200.0,3.4199999999999875,59,22576.0,22576.0
67205.0,-4.109999999999985,64,22880.0,22880.0
67210.0,-3.319999999999993,70,23218.0,23218.0
67215.0,-3.640000000000015,78,23590.0,23590.0
67220.0,-4.030000000000001,84,23999.0,23999.0
67225.0,-4.199999999999989,84,24419.0,24419.0
67230.0,-4.199999999999989,78,20243.0,20243.0
67235.0,40.16,70,16589.0,16589.0
67240.0,36.609999999999985,63,16910.0,16910.0
67245.0,-4.359999999999985,60,17214.0,17214.0
67250.0,-3.069999999999993,66,17532.0,17532.0
67255.0,-3.450000000000017,78,17900.0,17900.0
67260.0,-3.969999999999999,85,18312.0,18312.0
67265.0,-4.310000000000002,88,18750.0,18750.0
67270.0,-4.399999999999977,88,19190.0,19190.0
67275.0,-4.399999999999977,81,18858.0,18858.0
67280.0,1.5599999999999739,72,18574.0,18574.0
67285.0,2.8400000000000034,66,18901.0,18901.0
67290.0,-4.6299999999999955,69,19244.0,19244.0
67295.0,-3.4499999999999886,73,19597.0,19597.0
67300.0,-3.6500000000000057,80,19983.0,19983.0
67305.0,-4.009999999999991,86,20403.0,20403.0
67310.0,-4.3300000000000125,91,20853.0,20853.0
67315.0,-4.560000000000002,92,21313.0,21313.0
67320.0,-4.599999999999994,92,21773.0,21773.0
67325.0,-4.650000000000006,98,22253.0,22253.0
67330.0,-4.8700000000000045,98,22743.0,22743.0
67335.0,-4.909999999999997,100,23239.0,23239.0
67340.0,-4.989999999999981,98,23345.0,23345.0
67345.0,0.8699999999999761,89,23441.0,23441.0
67350.0,2.5700000000000216,83,23178.0,23178.0
67355.0,2.5700000000000216,78,23560.0,23560.0
67360.0,-5.420000000000016,78,23948.0,23948.0
67365.0,-3.8899999999999864,80,24011.0,24011.0
67370.0,0.9899999999999807,78,23778.0,23778.0
67375.0,3.420000000000016,77,23615.0,23615.0
67380.0,3.420000000000016,71,23962.0,23962.0
67385.0,-3.7700000000000102,76,24334.0,24334.0
67390.0,-3.719999999999999,83,24731.0,24731.0
67395.0,-3.969999999999999,90,25164.0,25164.0
67400.0,-4.329999999999984,94,25628.0,25628.0
67405.0,-4.639999999999986,95,26103.0,26103.0
67410.0,-4.75,97,26585.0,26585.0
67415.0,-4.82000000000005,91,26337.0,26337.0
67420.0,7.590000000000032,85,25484.0,25484.0
67425.0,10.219999999999999,75,24415.0,24415.0
67430.0,4.269999999999982,65,24304.0,24304.0
67435.0,2.480000000000018,60,24073.0,24073.0
67440.0,2.480000000000018,55,24298.0,24298.0
67445.0,-2.25,64,24596.0,24596.0
67450.0,-3.0900000000000034,76,24953.0,24953.0
67455.0,-3.6599999999999966,79,24761.0,24761.0
67460.0,5.599999999999994,74,24101.0,24101.0
67465.0,6.300000000000011,67,23975.0,23975.0
67470.0,6.300000000000011,66,24295.0,24295.0
67475.0,-4.560000000000002,73,24646.0,24646.0
67480.0,-3.5100000000000193,76,24717.0,24717.0
67485.0,0.6299999999999955,74,24545.0,24545.0
67490.0,1.3000000000000114,67,24269.0,24269.0
67495.0,2.0600000000000023,59,24330.0,24330.0
67500.0,-3.0999999999999943,62,24619.0,24619.0
67505.0,-3.25,72,24954.0,24954.0
67510.0,-3.7900000000000205,80,25341.0,25341.0
67515.0,-3.7900000000000205,74,25162.0,25162.0
67520.0,5.350000000000023,67,24056.0,24056.0
67525.0,6.049999999999983,59,24169.0,24169.0
67530.0,-0.28999999999999204,53,24098.0,24098.0
67535.0,0.36000000000001364,52,24163.0,24163.0
67540.0,0.36000000000001364,57,24396.0,24396.0
67545.0,-2.8200000000000216,69,24713.0,24713.0
67550.0,-3.1699999999999875,69,24931.0,24931.0
67555.0,-2.3000000000000114,63,25001.0,25001.0
67560.0,-1.0600000000000023,59,25177.0,25177.0
67565.0,-3.6299999999999955,61,25473.0,25473.0
67570.0,-3.1899999999999977,67,25798.0,25798.0
67575.0,-3.4399999999999977,71,26146.0,26146.0
67580.0,-3.6499999999999773,77,26517.0,26517.0
67585.0,-3.6499999999999773,70,26717.0,26717.0
67590.0,-3.4500000000000455,65,26949.0,26949.0
67595.0,-2.2899999999999636,65,26683.0,26683.0
67600.0,6.490000000000009,59,25980.0,25980.0
67605.0,6.560000000000002,53,25381.0,25381.0
67610.0,6.560000000000002,46,25565.0,25565.0
67615.0,1.4399999999999693,54,25815.0,25815.0
67620.0,-2.4999999999999716,55,25706.0,25706.0
67625.0,2.309999999999974,52,25520.0,25520.0
67630.0,1.420000000000016,49,25493.0,25493.0
67635.0,-2.539999999999992,53,25749.0,25749.0
67640.0,-2.8100000000000023,63,26040.0,26040.0
67645.0,-3.170000000000016,65,26359.0,26359.0
67650.0,-3.25,66,26685.0,26685.0
67655.0,-3.25,65,26742.0,26742.0
67660.0,-1.8600000000000136,57,26829.0,26829.0
67665.0,-0.4200000000000159,56,26849.0,26849.0
67670.0,0.32000000000005,52,26759.0,26759.0
67675.0,1.2899999999999636,52,26790.0,26790.0
67680.0,1.2899999999999636,52,26980.0,26980.0
67685.0,-2.9399999999999977,56,27251.0,27251.0
67690.0,-2.7099999999999795,54,27441.0,27441.0
67695.0,-2.269999999999982,51,27575.0,27575.0
67700.0,-1.7000000000000455,52,27801.0,27801.0
67705.0,-3.6999999999999886,55,28073.0,28073.0
67710.0,-2.75,56,28349.0,28349.0
67715.0,-2.75,49,28386.0,28386.0
67720.0,-0.6399999999999864,42,28321.0,28321.0
67725.0,-0.060000000000002274,42,28363.0,28363.0
67730.0,-0.12000000000000455,45,28526.0,28526.0
67735.0,-2.839999999999975,48,28755.0,28755.0
67740.0,-2.420000000000016,50,29000.0,29000.0
67745.0,-2.490000000000009,50,29250.0,29250.0
67750.0,-2.509999999999991,52,29505.0,29505.0
67755.0,-2.6000000000000227,52,29765.0,29765.0
67760.0,-2.599999999999966,53,30026.0,30026.0
67765.0,-2.599999999999966,49,30137.0,30137.0
67770.0,-2.160000000000025,50,30308.0,30308.0
67775.0,-1.7099999999999795,50,30529.0,30529.0
67780.0,-3.2200000000000273,51,30783.0,30783.0
67785.0,-2.5500000000000114,52,31040.0,31040.0
67790.0,-2.589999999999975,51,31266.0,31266.0
67795.0,-2.990000000000009,49,31492.0,31492.0
67800.0,-2.4399999999999977,53,31740.0,31740.0
67805.0,-2.4399999999999977,46,26287.0,26287.0
67810.0,53.56,40,21365.0,21365.0
67815.0,49.28,29,20368.0,20368.0
67820.0,9.669999999999987,26,20489.0,20489.0
67825.0,-1.3099999999999739,30,20627.0,20627.0
67830.0,-1.3099999999999739,28,20321.0,20321.0
67835.0,2.4599999999999795,34,20084.0,20084.0
67840.0,2.3700000000000045,36,20249.0,20249.0
67845.0,-2.3899999999999864,41,20443.0,20443.0
67850.0,-2.1000000000000227,44,20549.0,20549.0
67855.0,-0.8699999999999761,37,20613.0,20613.0
67860.0,-1.210000000000008,39,20780.0,20780.0
67865.0,-1.210000000000008,42,20985.0,20985.0
67870.0,-2.8600000000000136,44,21201.0,21201.0
67875.0,-2.1899999999999977,48,21434.0,21434.0
67880.0,-2.359999999999985,50,21679.0,21679.0
67885.0,-2.469999999999999,50,21929.0,21929.0
67890.0,-2.5,51,22180.0,22180.0
67895.0,-2.5200000000000102,52,22439.0,22439.0
67900.0,-2.5999999999999943,52,22699.0,22699.0
67905.0,-2.5999999999999943,51,22773.0,22773.0
67910.0,-0.040000000000020464,44,22701.0,22701.0
67915.0,0.5,43,22738.0,22738.0
67920.0,0.5,44,22940.0,22940.0
67925.0,-2.3499999999999943,49,23177.0,23177.0
67930.0,-2.3700000000000045,47,23313.0,23313.0
67935.0,-1.3199999999999932,44,23368.0,23368.0
67940.0,-0.8400000000000034,43,23506.0,23506.0
67945.0,-3.019999999999982,50,23745.0,23745.0
67950.0,-2.5400000000000205,51,24000.0,24000.0
67955.0,-2.5400000000000205,47,24189.0,24189.0
67960.0,-2.8700000000000045,47,24413.0,24413.0
67965.0,-2.2399999999999807,45,22068.0,22068.0
67970.0,46.98999999999998,36,17545.0,17545.0
67975.0,53.35000000000002,32,14491.0,14491.0
67980.0,53.35000000000002,25,14573.0,14573.0
67985.0,-1.4699999999999989,29,14702.0,14702.0
67990.0,-1.2900000000000205,34,14832.0,14832.0
67995.0,-1.8699999999999761,40,15004.0,15004.0
68000.0,-2.0,41,13228.0,13228.0
68005.0,35.69999999999999,34,10662.0,10662.0
68010.0,31.189999999999998,30,7679.0,7679.0
68015.0,31.189999999999998,27,7763.0,7763.0
68020.0,6.090000000000003,34,7918.0,7918.0
68025.0,-1.6200000000000045,35,8060.0,8060.0
68030.0,-2.0900000000000034,40,8242.0,8242.0
68035.0,-2.0,41,8443.0,8443.0
68040.0,-2.0,34,5918.0,5918.0
68045.0,24.440000000000005,29,4003.0,4003.0
68050.0,19.15,30,3331.0,3331.0
68055.0,6.359999999999999,36,3463.0,3463.0
68060.0,-1.6799999999999997,36,3643.0,3643.0
68065.0,-1.7999999999999972,36,3775.0,3775.0
68070.0,-1.6000000000000014,33,3908.0,3908.0
68075.0,-1.5700000000000003,33,4065.0,4065.0
68080.0,-1.5700000000000003,34,4220.0,4220.0
68085.0,-2.210000000000001,38,4399.0,4399.0
68090.0,-1.8399999999999963,36,4136.0,4136.0
68095.0,6.390000000000001,26,3449.0,3449.0
68100.0,8.339999999999996,22,3009.0,3009.0
68105.0,8.339999999999996,16,3052.0,3052.0
68110.0,-0.879999999999999,24,3152.0,3152.0
68115.0,-1.0,26,3251.0,3251.0
68120.0,-1.4599999999999973,32,3388.0,3388.0
68125.0,-1.5700000000000003,33,3381.0,3381.0
68130.0,4.8799999999999955,25,2849.0,2849.0
68135.0,5.690000000000001,16,2414.0,2414.0
68140.0,5.690000000000001,17,2480.0,2480.0
68145.0,-0.9899999999999984,22,2577.0,2577.0
68150.0,-1.0500000000000007,30,2714.0,2714.0
68155.0,-1.4200000000000017,31,2867.0,2867.0
68160.0,-1.5799999999999983,38,3050.0,3050.0
68165.0,-1.8599999999999994,38,3240.0,3240.0
68170.0,-1.9000000000000021,36,3337.0,3337.0
68175.0,-0.8900000000000006,30,3377.0,3377.0
68180.0,-0.7100000000000009,32,3496.0,3496.0
68185.0,-0.7100000000000009,33,3656.0,3656.0
68190.0,-2.1799999999999997,35,3825.0,3825.0
68195.0,-1.6899999999999977,39,4012.0,4012.0
68200.0,-1.8699999999999974,35,4160.0,4160.0
68205.0,-1.980000000000004,36,4312.0,4312.0
68210.0,-1.740000000000002,37,4494.0,4494.0
68215.0,-1.8599999999999994,36,4654.0,4654.0
68220.0,-2.0899999999999963,35,4814.0,4814.0
68225.0,-1.8100000000000023,39,4999.0,4999.0
68230.0,-2.049999999999997,44,5209.0,5209.0
68235.0,-2.200000000000003,44,5429.0,5429.0
68240.0,-2.200000000000003,36,4145.0,4145.0
68245.0,12.04,35,3487.0,3487.0
68250.0,6.590000000000003,32,3361.0,3361.0
68255.0,1.0300000000000011,34,3469.0,3469.0
68260.0,-1.5200000000000031,37,3645.0,3645.0
68265.0,-1.5200000000000031,35,3762.0,3762.0
68270.0,-1.9099999999999966,36,3936.0,3936.0
68275.0,-1.740000000000002,30,3620.0,3620.0
68280.0,7.109999999999999,21,2882.0,2882.0
68285.0,6.77,15,2596.0,2596.0
68290.0,-1.0399999999999991,15,2667.0,2667.0
68295.0,-0.9000000000000021,22,2764.0,2764.0
68300.0,-1.2199999999999989,28,2892.0,2892.0
68305.0,-1.6699999999999982,39,3070.0,3070.0
68310.0,-1.6699999999999982,32,3108.0,3108.0
68315.0,-1.0899999999999999,33,3213.0,3213.0
68320.0,-1.0700000000000003,31,2969.0,2969.0
68325.0,5.77,23,2360.0,2360.0
68330.0,5.859999999999999,17,1807.0,1807.0
68335.0,5.859999999999999,12,1821.0,1821.0
68340.0,2.629999999999999,19,1896.0,1896.0
68345.0,-0.75,25,2009.0,2009.0
68350.0,-1.129999999999999,33,2155.0,2155.0
68355.0,-1.4600000000000009,27,2248.0,2248.0
68360.0,-1.0700000000000003,27,2323.0,2323.0
68365.0,-1.0899999999999999,27,2443.0,2443.0
68370.0,-1.7899999999999991,30,2580.0,2580.0
68375.0,-1.5599999999999987,35,2741.0,2741.0
68380.0,-1.5599999999999987,27,2197.0,2197.0
68385.0,4.84,20,1747.0,1747.0
68390.0,4.549999999999997,15,1827.0,1827.0
68395.0,-1.1199999999999974,20,1919.0,1919.0
68400.0,-1.1400000000000006,29,2048.0,2048.0
68405.0,-1.4400000000000013,31,2199.0,2199.0
68410.0,-1.6099999999999994,37,2372.0,2372.0
68415.0,-1.8499999999999979,37,2557.0,2557.0
68420.0,-1.860000000000003,39,2746.0,2746.0
68425.0,-1.9399999999999977,39,2941.0,2941.0
68430.0,-1.9499999999999993,39,3136.0,3136.0
68435.0,-1.9499999999999993,31,3084.0,3084.0
68440.0,-0.26000000000000156,30,3084.0,3084.0
68445.0,0.0,36,3227.0,3227.0
68450.0,-2.1900000000000013,40,3423.0,3423.0
68455.0,-2.0,40,3623.0,3623.0
68460.0,-2.019999999999996,42,3831.0,3831.0
68465.0,-2.1000000000000014,40,3968.0,3968.0
68470.0,-1.4299999999999997,36,4084.0,4084.0
68475.0,-1.25,36,4207.0,4207.0
68480.0,-1.25,39,4379.0,4379.0
68485.0,-2.3500000000000014,41,4580.0,4580.0
68490.0,-2.030000000000001,37,4352.0,4352.0
68495.0,5.600000000000001,29,3760.0,3760.0
68500.0,5.479999999999997,24,3562.0,3562.0
68505.0,5.479999999999997,21,3655.0,3655.0
68510.0,-1.4199999999999946,27,3781.0,3781.0
68515.0,-1.2600000000000051,35,3937.0,3937.0
68520.0,-1.5599999999999952,43,4142.0,4142.0
68525.0,-2.0500000000000043,45,4367.0,4367.0
68530.0,-2.25,47,4598.0,4598.0
68535.0,-2.309999999999995,41,4716.0,4716.0
68540.0,-1.0300000000000011,37,4741.0,4741.0
68545.0,-0.6499999999999986,36,4861.0,4861.0
68550.0,-2.530000000000001,43,5062.0,5062.0
68555.0,-2.210000000000001,45,5285.0,5285.0
68560.0,-2.289999999999999,46,5515.0,5515.0
68565.0,-2.3000000000000043,47,5746.0,5746.0
68570.0,-2.3000000000000043,42,5891.0,5891.0
68575.0,-2.039999999999999,42,6051.0,6051.0
68580.0,-1.759999999999998,42,6241.0,6241.0
68585.0,-2.0600000000000023,44,6437.0,6437.0
68590.0,-2.8000000000000043,47,6658.0,6658.0
68595.0,-2.3699999999999903,48,6898.0,6898.0
68600.0,-2.3699999999999903,38,5662.0,5662.0
68605.0,11.399999999999999,39,4953.0,4953.0
68610.0,7.089999999999996,38,4896.0,4896.0
68615.0,-0.21999999999999886,41,5097.0,5097.0
68620.0,-2.0600000000000023,44,5312.0,5312.0
68625.0,-2.210000000000001,47,5542.0,5542.0
68630.0,-2.3399999999999963,45,5696.0,5696.0
68635.0,-1.6799999999999997,41,5845.0,5845.0
68640.0,-1.5300000000000011,42,5999.0,5999.0
68645.0,-1.5300000000000011,40,6182.0,6182.0
68650.0,-2.6499999999999986,41,6384.0,6384.0
68655.0,-2.030000000000001,44,6600.0,6600.0
68660.0,-2.1899999999999977,44,6820.0,6820.0
68665.0,-2.219999999999999,48,7055.0,7055.0
68670.0,-2.3700000000000045,44,7072.0,7072.0
68675.0,-0.23000000000000398,47,7209.0,7209.0
68680.0,-2.239999999999995,47,7444.0,7444.0
68685.0,-2.239999999999995,39,6365.0,6365.0
68690.0,9.850000000000001,32,5351.0,5351.0
68695.0,10.14,23,5177.0,5177.0
68700.0,1.5,19,5259.0,5259.0
68705.0,-0.990000000000002,25,5371.0,5371.0
68710.0,-1.240000000000002,30,4927.0,4927.0
68715.0,9.100000000000001,30,4544.0,4544.0
68720.0,8.420000000000002,26,3451.0,3451.0
68725.0,8.420000000000002,18,3538.0,3538.0
68730.0,1.1599999999999966,24,3641.0,3641.0
68735.0,-1.1099999999999994,29,3608.0,3608.0
68740.0,1.3100000000000023,26,3452.0,3452.0
68745.0,1.2100000000000009,28,3378.0,3378.0
68750.0,0.7800000000000011,29,3395.0,3395.0
68755.0,0.7800000000000011,29,3509.0,3509.0
68760.0,-1.720000000000006,33,3669.0,3669.0
68765.0,-1.5999999999999943,29,3770.0,3770.0
68770.0,-1.3200000000000003,32,3879.0,3879.0
68775.0,-1.3400000000000034,32,4031.0,4031.0
68780.0,-1.6199999999999974,32,4172.0,4172.0
68785.0,-1.9299999999999997,32,4322.0,4322.0
68790.0,-1.6000000000000014,32,4482.0,4482.0
68795.0,-1.6000000000000014,32,4524.0,4524.0
68800.0,-1.0700000000000003,38,4699.0,4699.0
68805.0,-1.7999999999999972,36,4300.0,4300.0
68810.0,8.879999999999995,30,3388.0,3388.0
68815.0,8.750000000000004,22,2555.0,2555.0
68820.0,8.750000000000004,11,2510.0,2510.0
68825.0,4.639999999999997,16,2554.0,2554.0
68830.0,-0.4399999999999977,20,2592.0,2592.0
68835.0,-0.35999999999999943,25,2636.0,2636.0
68840.0,-0.9200000000000017,29,2768.0,2768.0
68845.0,-1.4899999999999984,30,2899.0,2899.0
68850.0,-1.7200000000000024,30,3033.0,3033.0
68855.0,-1.5,30,3183.0,3183.0
68860.0,-1.5,23,2341.0,2341.0
68865.0,7.900000000000002,14,1594.0,1594.0
68870.0,7.559999999999999,8,1611.0,1611.0
68875.0,-0.07000000000000028,12,1631.0,1631.0
68880.0,-0.5999999999999979,22,1715.0,1715.0
68885.0,-1.1500000000000021,30,1846.0,1846.0
68890.0,-1.4699999999999989,32,1998.0,1998.0
68895.0,-1.5800000000000018,32,2158.0,2158.0
68900.0,-1.5800000000000018,23,1634.0,1634.0
68905.0,4.600000000000001,18,1250.0,1250.0
68910.0,3.84,13,1089.0,1089.0
68915.0,1.2899999999999991,20,1177.0,1177.0
68920.0,-1.0,24,1189.0,1189.0
68925.0,0.28000000000000114,20,1213.0,1213.0
68930.0,0.08000000000000007,21,1206.0,1206.0
68935.0,0.08000000000000007,18,923.0,923.0
68940.0,2.459999999999999,12,704.0,704.0
68945.0,2.6400000000000006,10,657.0,657.0
68950.0,-0.15000000000000036,16,721.0,721.0
68955.0,-0.9499999999999993,24,833.0,833.0
68960.0,-0.9499999999999993,16,807.0,807.0
68965.0,-0.22000000000000064,18,839.0,839.0
68970.0,-0.3200000000000003,14,598.0,598.0
68975.0,3.91,18,459.0,459.0
68980.0,-0.46999999999999975,16,510.0,510.0
68985.0,-0.5699999999999994,17,569.0,569.0
68990.0,-0.9700000000000006,20,669.0,669.0
68995.0,-0.9700000000000006,14,667.0,667.0
69000.0,-0.3199999999999994,14,720.0,720.0
69005.0,-0.5300000000000002,12,595.0,595.0
69010.0,2.63,2,334.0,334.0
69015.0,2.87,6,142.0,142.0
69020.0,2.87,5,124.0,124.0
69025.0,0.6000000000000001,14,180.0,180.0
69030.0,-0.56,8,168.0,168.0
69035.0,0.6400000000000001,10,130.0,130.0
69040.0,-0.21999999999999997,8,109.0,109.0
69045.0,0.4999999999999999,5,75.0,75.0
69050.0,-0.10999999999999999,6,105.0,105.0
69055.0,-0.10999999999999999,2,79.0,79.0
69060.0,0.25,6,89.0,89.0
69065.0,-0.22999999999999998,4,111.0,111.0
69070.0,-0.16999999999999993,6,125.0,125.0
69075.0,-0.30000000000000004,8,160.0,160.0
69080.0,-0.30000000000000004,4,134.0,134.0
69085.0,0.09999999999999987,5,155.0,155.0
69090.0,-0.20999999999999996,2,145.0,145.0
69095.0,0.1200000000000001,5,154.0,154.0
69100.0,-0.24,8,185.0,185.0
69105.0,-0.5100000000000002,9,227.0,227.0
69110.0,-0.48,10,276.0,276.0
69115.0,-0.48,6,97.0,97.0
69120.0,1.61,10,142.0,142.0
69125.0,-0.47,7,131.0,131.0
69130.0,0.51,9,119.0,119.0
69135.0,-0.47,12,170.0,170.0
69140.0,-0.47,4,99.0,99.0
69145.0,0.49,6,94.0,94.0
69150.0,0.050000000000000044,2,59.0,59.0
69155.0,0.6799999999999999,2,16.0,16.0
69160.0,0.04000000000000001,2,8.0,8.0
69165.0,0.22,0,0.0,0.0
69170.0,-0.22,8,30.0,30.0
69175.0,-0.22,4,37.0,37.0
69180.0,-0.18999999999999997,8,69.0,69.0
69185.0,-0.36000000000000004,4,68.0,68.0
69190.0,0.07000000000000006,6,82.0,82.0
69195.0,-0.30000000000000004,6,112.0,112.0
69200.0,-0.30000000000000004,2,69.0,69.0
69205.0,0.31000000000000005,7,89.0,89.0
69210.0,-0.20000000000000007,8,129.0,129.0
69215.0,-0.4,6,145.0,145.0
69220.0,-0.11999999999999988,8,164.0,164.0
69225.0,-0.3900000000000001,6,158.0,158.0
69230.0,0.28,5,156.0,156.0
69235.0,-0.28,6,186.0,186.0
69240.0,-0.28,8,165.0,165.0
69245.0,0.06000000000000005,10,212.0,212.0
69250.0,-0.4800000000000002,7,93.0,93.0
69255.0,1.3000000000000003,8,108.0,108.0
69260.0,-0.4,9,149.0,149.0
69265.0,-0.4,8,103.0,103.0
69270.0,0.29000000000000004,10,145.0,145.0
69275.0,-0.41999999999999993,7,123.0,123.0
69280.0,0.5399999999999999,10,93.0,93.0
69285.0,-0.15000000000000002,8,85.0,85.0
69290.0,0.31000000000000005,6,81.0,81.0
69295.0,-0.14,6,95.0,95.0
69300.0,-0.14,3,30.0,30.0
69305.0,0.54,6,59.0,59.0
69310.0,-0.30000000000000004,3,42.0,42.0
69315.0,0.24000000000000005,10,60.0,60.0
69320.0,-0.49000000000000005,11,112.0,112.0
69325.0,-0.49000000000000005,10,125.0,125.0
69330.0,-0.35,10,175.0,175.0
69335.0,-0.5,7,161.0,161.0
69340.0,0.48,6,116.0,116.0
69345.0,0.08000000000000007,5,95.0,95.0
69350.0,0.20999999999999996,7,105.0,105.0
69355.0,-0.3700000000000001,9,144.0,144.0
69360.0,-0.3700000000000001,7,136.0,136.0
69365.0,-0.07999999999999985,8,173.0,173.0
69370.0,-0.3800000000000001,5,167.0,167.0
69375.0,0.20999999999999996,5,159.0,159.0
69380.0,-0.1299999999999999,6,184.0,184.0
69385.0,-0.1299999999999999,11,81.0,81.0
69390.0,0.9199999999999999,11,136.0,136.0
69395.0,-0.55,9,136.0,136.0
69400.0,0.17000000000000015,8,124.0,124.0
69405.0,-0.18000000000000016,8,121.0,121.0
69410.0,0.18000000000000016,5,115.0,115.0
69415.0,-0.16000000000000014,5,140.0,140.0
69420.0,-0.16000000000000014,8,158.0,158.0
69425.0,-0.30999999999999983,10,201.0,201.0
69430.0,-0.44999999999999996,6,152.0,152.0
69435.0,1.42,4,51.0,51.0
69440.0,0.29999999999999993,4,47.0,47.0
69445.0,-0.25,8,80.0,80.0
69450.0,-0.25,2,27.0,27.0
69455.0,0.37,5,32.0,32.0
69460.0,-0.04999999999999999,6,37.0,37.0
69465.0,-0.09999999999999998,6,60.0,60.0
69470.0,-0.33,6,66.0,66.0
69475.0,0.19999999999999996,5,60.0,60.0
69480.0,-0.29999999999999993,8,93.0,93.0
69485.0,-0.29999999999999993,4,73.0,73.0
69490.0,0.07999999999999996,5,94.0,94.0
69495.0,-0.22999999999999998,7,99.0,99.0
69500.0,-0.15999999999999992,8,132.0,132.0
69505.0,-0.40000000000000013,9,174.0,174.0
69510.0,-0.40000000000000013,6,150.0,150.0
69515.0,0.06000000000000005,8,184.0,184.0
69520.0,-0.3400000000000001,4,171.0,171.0
69525.0,0.31000000000000005,4,164.0,164.0
69530.0,-0.22999999999999998,12,209.0,209.0
69535.0,-0.5700000000000001,10,109.0,109.0
69540.0,0.99,12,146.0,146.0
69545.0,-0.5999999999999999,12,206.0,206.0
69550.0,-0.5999999999999999,8,149.0,149.0
69555.0,0.3699999999999999,8,165.0,165.0
69560.0,-0.15999999999999992,6,140.0,140.0
69565.0,0.73,8,116.0,116.0
69570.0,-0.42999999999999994,10,163.0,163.0
69575.0,-0.42999999999999994,4,72.0,72.0
69580.0,0.71,4,52.0,52.0
69585.0,0.19999999999999996,0,21.0,21.0
69590.0,0.52,2,4.0,4.0
69595.0,-0.08,2,14.0,14.0
69600.0,-0.21999999999999997,8,38.0,38.0
69605.0,-0.39999999999999997,8,78.0,78.0
69610.0,-0.39999999999999997,8,100.0,100.0
69615.0,-0.3800000000000001,8,140.0,140.0
69620.0,-0.3999999999999999,5,116.0,116.0
69625.0,0.64,4,66.0,66.0
69630.0,0.09999999999999998,4,82.0,82.0
69635.0,0.09999999999999998,8,112.0,112.0
69640.0,-0.3800000000000001,9,154.0,154.0
69645.0,-0.41999999999999993,6,155.0,155.0
69650.0,0.07000000000000006,7,167.0,167.0
69655.0,-0.3600000000000001,6,161.0,161.0
69660.0,0.43000000000000016,2,142.0,142.0
69665.0,-0.040000000000000036,4,148.0,148.0
69670.0,-0.040000000000000036,4,151.0,151.0
69675.0,-0.15000000000000013,10,196.0,196.0
69680.0,-0.47,7,77.0,77.0
69685.0,1.23,10,103.0,103.0
69690.0,-0.5000000000000001,10,153.0,153.0
69695.0,-0.5000000000000001,9,117.0,117.0
69700.0,0.16000000000000014,11,168.0,168.0
69705.0,-0.51,7,154.0,154.0
69710.0,0.47,10,123.0,123.0
69715.0,-0.1100000000000001,8,96.0,96.0
69720.0,0.56,4,80.0,80.0
69725.0,0.07000000000000006,6,75.0,75.0
69730.0,0.07000000000000006,3,13.0,13.0
69735.0,0.5199999999999999,6,38.0,38.0
69740.0,-0.27,3,35.0,35.0
69745.0,0.09999999999999998,8,48.0,48.0
69750.0,-0.42,10,96.0,96.0
69755.0,-0.42,10,108.0,108.0
69760.0,-0.32000000000000006,10,158.0,158.0
69765.0,-0.5,6,136.0,136.0
69770.0,0.55,6,100.0,100.0
69775.0,-0.09000000000000008,6,89.0,89.0
69780.0,0.3500000000000001,6,83.0,83.0
69785.0,-0.32000000000000006,8,117.0,117.0
69790.0,-0.32000000000000006,5,128.0,128.0
69795.0,-0.10999999999999988,8,147.0,147.0
69800.0,-0.3500000000000001,4,142.0,142.0
69805.0,0.17999999999999994,5,146.0,146.0
69810.0,-0.2599999999999998,6,175.0,175.0
69815.0,-0.2599999999999998,8,153.0,153.0
69820.0,0.09999999999999987,10,203.0,203.0
69825.0,-0.4999999999999998,7,89.0,89.0
69830.0,1.13,10,120.0,120.0
69835.0,-0.4999999999999999,8,125.0,125.0
69840.0,0.25,10,125.0,125.0
69845.0,-0.51,11,177.0,177.0
69850.0,-0.51,6,133.0,133.0
69855.0,0.48,12,135.0,135.0
69860.0,-0.29000000000000004,8,125.0,125.0
69865.0,0.53,6,74.0,74.0
69870.0,0.15999999999999992,6,90.0,90.0
69875.0,0.15999999999999992,6,37.0,37.0
69880.0,0.41000000000000003,8,72.0,72.0
69885.0,-0.35,5,65.0,65.0
69890.0,0.15999999999999992,11,81.0,81.0
69895.0,-0.48,10,93.0,93.0
69900.0,0.15000000000000002,8,97.0,97.0
69905.0,-0.22000000000000008,8,119.0,119.0
69910.0,-0.22000000000000008,6,95.0,95.0
69915.0,0.30000000000000004,7,107.0,107.0
69920.0,-0.32999999999999985,5,98.0,98.0
69925.0,0.1499999999999999,8,114.0,114.0
69930.0,-0.42999999999999994,11,164.0,164.0
69935.0,-0.42999999999999994,7,153.0,153.0
69940.0,-0.1100000000000001,8,187.0,187.0
69945.0,-0.3400000000000001,9,228.0,228.0
69950.0,-0.4099999999999997,6,241.0,241.0
69955.0,-0.20000000000000018,7,269.0,269.0
69960.0,-0.3599999999999999,13,311.0,311.0
69965.0,-0.7800000000000002,13,375.0,375.0
69970.0,-0.6499999999999995,14,441.0,441.0
69975.0,-0.6499999999999995,11,302.0,302.0
69980.0,1.1399999999999997,11,357.0,357.0
69985.0,-0.5500000000000003,13,417.0,417.0
69990.0,-0.8799999999999994,13,482.0,482.0
69995.0,-0.6800000000000006,17,558.0,558.0
70000.0,-0.9100000000000001,19,653.0,653.0
70005.0,-0.9499999999999993,20,750.0,750.0
70010.0,-0.9499999999999993,11,493.0,493.0
70015.0,2.17,11,348.0,348.0
70020.0,1.4499999999999997,9,300.0,300.0
70025.0,1.1,8,195.0,195.0
70030.0,0.8699999999999999,9,176.0,176.0
70035.0,-0.78,18,247.0,247.0
70040.0,-0.8999999999999999,18,337.0,337.0
70045.0,-0.8999999999999999,16,374.0,374.0
70050.0,-0.71,16,449.0,449.0
70055.0,-0.77,18,539.0,539.0
70060.0,-0.9000000000000004,14,527.0,527.0
70065.0,0.6900000000000004,8,447.0,447.0
70070.0,0.45999999999999996,15,459.0,459.0
70075.0,0.45999999999999996,16,523.0,523.0
70080.0,-0.8100000000000005,17,607.0,607.0
70085.0,-0.8399999999999999,13,528.0,528.0
70090.0,2.1500000000000004,7,309.0,309.0
70095.0,1.6999999999999997,9,151.0,151.0
70100.0,0.9400000000000002,4,132.0,132.0
70105.0,0.28,12,105.0,105.0
70110.0,0.28,10,115.0,115.0
70115.0,-0.25,12,169.0,169.0
70120.0,-0.56,8,140.0,140.0
70125.0,0.56,8,109.0,109.0
70130.0,-0.1200000000000001,10,157.0,157.0
70135.0,-0.1200000000000001,4,106.0,106.0
70140.0,0.31000000000000005,8,111.0,111.0
70145.0,-0.050000000000000044,6,118.0,118.0
70150.0,-0.1299999999999999,8,148.0,148.0
70155.0,-0.3999999999999999,6,156.0,156.0
70160.0,0.1499999999999999,6,155.0,155.0
70165.0,-0.3800000000000001,9,196.0,196.0
70170.0,-0.3800000000000001,4,163.0,163.0
70175.0,0.20000000000000018,9,184.0,184.0
70180.0,-0.27,8,84.0,84.0
70185.0,0.98,10,114.0,114.0
70190.0,-0.53,12,173.0,173.0
70195.0,-0.53,8,118.0,118.0
70200.0,0.31000000000000005,8,145.0,145.0
70205.0,-0.27,6,121.0,121.0
70210.0,0.6599999999999999,6,97.0,97.0
70215.0,-0.33999999999999986,7,76.0,76.0
70220.0,0.6499999999999999,2,50.0,50.0
70225.0,0.13,4,39.0,39.0
70230.0,0.13,2,13.0,13.0
70235.0,0.26,2,17.0,17.0
70240.0,-0.1,4,31.0,31.0
70245.0,-0.24,4,51.0,51.0
70250.0,-0.32,10,95.0,95.0
70255.0,-0.32,4,48.0,48.0
70260.0,0.27,5,58.0,58.0
70265.0,-0.09999999999999998,2,46.0,46.0
70270.0,0.16999999999999998,3,50.0,50.0
70275.0,-0.15999999999999998,4,69.0,69.0
70280.0,-0.30000000000000004,7,94.0,94.0
70285.0,-0.35,8,130.0,130.0
70290.0,-0.35,4,106.0,106.0
70295.0,0.11999999999999988,5,126.0,126.0
70300.0,-0.21999999999999997,2,117.0,117.0
70305.0,0.19000000000000017,2,117.0,117.0
70310.0,-0.10000000000000009,4,129.0,129.0
70315.0,-0.10000000000000009,2,12.0,12.0
70320.0,1.1099999999999999,9,37.0,37.0
70325.0,-0.25,6,51.0,51.0
70330.0,-0.17000000000000004,8,75.0,75.0
70335.0,-0.37,6,80.0,80.0
70340.0,0.26,4,69.0,69.0
70345.0,-0.29999999999999993,8,103.0,103.0
70350.0,-0.29999999999999993,3,31.0,31.0
70355.0,0.6,7,43.0,43.0
70360.0,-0.15000000000000002,5,44.0,44.0
70365.0,0.13,4,44.0,44.0
70370.0,-0.19999999999999996,6,69.0,69.0
70375.0,-0.19999999999999996,2,15.0,15.0
70380.0,0.41999999999999993,6,31.0,31.0
70385.0,-0.16,2,22.0,22.0
70390.0,0.15,3,24.0,24.0
70395.0,-0.22,8,35.0,35.0
70400.0,-0.13,6,57.0,57.0
70405.0,-0.33999999999999997,8,93.0,93.0
70410.0,-0.33999999999999997,4,87.0,87.0
70415.0,0.24,8,86.0,86.0
70420.0,-0.32999999999999996,5,89.0,89.0
70425.0,0.009999999999999898,7,105.0,105.0
70430.0,-0.35,10,147.0,147.0
70435.0,-0.35,6,126.0,126.0
70440.0,0.020000000000000018,8,160.0,160.0
70445.0,-0.3400000000000001,4,156.0,156.0
70450.0,0.25,5,148.0,148.0
70455.0,-0.25,6,52.0,52.0
70460.0,0.8400000000000001,7,83.0,83.0
70465.0,-0.45999999999999996,14,136.0,136.0
70470.0,-0.45999999999999996,8,95.0,95.0
70475.0,0.17999999999999994,10,128.0,128.0
70480.0,-0.33999999999999986,6,121.0,121.0
70485.0,0.3699999999999999,5,91.0,91.0
70490.0,-0.050000000000000044,6,118.0,118.0
70495.0,-0.050000000000000044,4,22.0,22.0
70500.0,0.8400000000000001,6,49.0,49.0
70505.0,-0.27,2,37.0,37.0
70510.0,0.16999999999999998,4,44.0,44.0
70515.0,-0.2,4,24.0,24.0
70520.0,0.46,0,2.0,2.0
70525.0,0.039999999999999994,2,4.0,4.0
70530.0,0.039999999999999994,0,0.0,0.0
70535.0,0.02,3,7.0,7.0
70540.0,-0.13,4,28.0,28.0
70545.0,-0.22999999999999998,4,44.0,44.0
70550.0,-0.28,8,80.0,80.0
70555.0,-0.28,4,60.0,60.0
70560.0,0.040000000000000036,6,85.0,85.0
70565.0,-0.25,2,73.0,73.0
70570.0,0.15000000000000002,4,82.0,82.0
70575.0,-0.24,6,107.0,107.0
70580.0,-0.30000000000000004,6,130.0,130.0
70585.0,-0.3700000000000001,10,171.0,171.0
70590.0,-0.3700000000000001,4,144.0,144.0
70595.0,0.13000000000000012,5,150.0,150.0
70600.0,-0.08000000000000007,6,180.0,180.0
70605.0,-0.30000000000000004,3,162.0,162.0
70610.0,0.28,10,178.0,178.0
70615.0,-0.5,11,229.0,229.0
70620.0,-0.5,10,86.0,86.0
70625.0,1.2200000000000002,10,136.0,136.0
70630.0,-0.5000000000000001,7,146.0,146.0
70635.0,-0.010000000000000009,8,155.0,155.0
70640.0,-0.33999999999999986,8,155.0,155.0
70645.0,0.11999999999999988,7,166.0,166.0
70650.0,-0.4099999999999999,10,210.0,210.0
70655.0,-0.4099999999999999,4,110.0,110.0
70660.0,1.3,6,44.0,44.0
70665.0,0.19999999999999996,3,37.0,37.0
70670.0,0.14,4,44.0,44.0
70675.0,-0.20000000000000007,4,64.0,64.0
70680.0,-0.20000000000000007,5,6.0,6.0
70685.0,0.5,8,45.0,45.0
70690.0,-0.39,5,62.0,62.0
70695.0,-0.14999999999999997,8,84.0,84.0
70700.0,-0.4,7,84.0,84.0
70705.0,0.17000000000000004,6,87.0,87.0
70710.0,-0.27000000000000013,6,116.0,116.0
70715.0,-0.27000000000000013,4,76.0,76.0
70720.0,0.29000000000000004,7,106.0,106.0
70725.0,-0.32999999999999985,4,120.0,120.0
70730.0,-0.010000000000000009,5,125.0,125.0
70735.0,-0.30000000000000004,7,159.0,159.0
70740.0,-0.30000000000000004,6,182.0,182.0
70745.0,-0.3700000000000001,8,220.0,220.0
70750.0,-0.3800000000000001,8,120.0,120.0
70755.0,0.8200000000000003,12,173.0,173.0
70760.0,-0.5900000000000001,13,235.0,235.0
70765.0,-0.6799999999999999,14,222.0,222.0
70770.0,0.76,6,171.0,171.0
70775.0,0.5499999999999998,7,123.0,123.0
70780.0,0.5499999999999998,6,76.0,76.0
70785.0,0.7600000000000001,9,90.0,90.0
70790.0,-0.42000000000000004,8,82.0,82.0
70795.0,0.30000000000000004,6,71.0,71.0
70800.0,-0.19000000000000006,6,101.0,101.0
70805.0,-0.19000000000000006,0,29.0,29.0
70810.0,0.6000000000000001,1,1.0,1.0
70815.0,0.27999999999999997,3,13.0,13.0
70820.0,-0.18,3,28.0,28.0
70825.0,-0.18,9,62.0,62.0
70830.0,-0.43000000000000005,7,67.0,67.0
70835.0,0.06000000000000005,7,81.0,81.0
70840.0,-0.3500000000000001,7,116.0,116.0
70845.0,-0.3500000000000001,3,82.0,82.0
70850.0,0.42000000000000004,4,66.0,66.0
70855.0,-0.029999999999999916,5,87.0,87.0
70860.0,-0.3600000000000001,8,122.0,122.0
70865.0,-0.4099999999999999,10,167.0,167.0
70870.0,-0.4099999999999999,6,144.0,144.0
70875.0,0.030000000000000027,8,177.0,177.0
70880.0,-0.33000000000000007,2,160.0,160.0
70885.0,0.41999999999999993,3,133.0,133.0
70890.0,-0.05999999999999983,4,153.0,153.0
70895.0,-0.20000000000000018,6,155.0,155.0
70900.0,-0.2799999999999998,10,199.0,199.0
70905.0,-0.51,11,251.0,251.0
70910.0,-0.51,8,99.0,99.0
70915.0,1.3299999999999998,9,140.0,140.0
70920.0,-0.42999999999999994,8,138.0,138.0
70925.0,0.3400000000000001,10,134.0,134.0
70930.0,-0.48,11,186.0,186.0
70935.0,-0.48,4,97.0,97.0
70940.0,0.6699999999999999,5,63.0,63.0
70945.0,0.33999999999999997,1,36.0,36.0
70950.0,0.51,3,11.0,11.0
70955.0,-0.05000000000000002,4,27.0,27.0
70960.0,-0.37,7,61.0,61.0
70965.0,-0.35,8,97.0,97.0
70970.0,-0.35,8,104.0,104.0
70975.0,0.07999999999999996,8,91.0,91.0
70980.0,-0.17999999999999994,8,88.0,88.0
70985.0,0.20999999999999996,6,85.0,85.0
70990.0,-0.25,8,119.0,119.0
70995.0,-0.25,4,48.0,48.0
71000.0,0.55,6,72.0,72.0
71005.0,-0.24,3,45.0,45.0
71010.0,0.49,4,23.0,23.0
71015.0,-0.07999999999999999,4,24.0,24.0
71020.0,0.010000000000000009,4,34.0,34.0
71025.0,-0.2,4,54.0,54.0
71030.0,-0.20999999999999996,5,76.0,76.0
71035.0,-0.20999999999999996,2,65.0,65.0
71040.0,0.07999999999999996,9,81.0,81.0
71045.0,-0.27,6,45.0,45.0
71050.0,0.43000000000000005,8,52.0,52.0
71055.0,-0.29000000000000004,8,92.0,92.0
71060.0,-0.29000000000000004,5,68.0,68.0
71065.0,0.07999999999999996,6,95.0,95.0
71070.0,-0.2699999999999999,2,80.0,80.0
71075.0,0.26,5,78.0,78.0
71080.0,-0.2300000000000001,8,116.0,116.0
71085.0,-0.4,7,135.0,135.0
71090.0,-0.07999999999999985,6,146.0,146.0
71095.0,-0.3500000000000001,8,183.0,183.0
71100.0,-0.3500000000000001,5,145.0,145.0
71105.0,0.25,6,171.0,171.0
71110.0,-0.27,6,167.0,167.0
71115.0,0.030000000000000027,9,192.0,192.0
71120.0,-0.44999999999999996,9,237.0,237.0
71125.0,-0.44999999999999996,9,270.0,270.0
71130.0,-0.5100000000000002,9,315.0,315.0
71135.0,-0.44999999999999973,8,168.0,168.0
71140.0,1.7799999999999998,9,164.0,164.0
71145.0,-0.45999999999999996,10,145.0,145.0
71150.0,0.7000000000000002,9,122.0,122.0
71155.0,-0.4900000000000002,11,173.0,173.0
71160.0,-0.4900000000000002,6,117.0,117.0
71165.0,0.3900000000000001,6,114.0,114.0
71170.0,0.030000000000000027,4,74.0,74.0
71175.0,0.8699999999999999,3,14.0,14.0
71180.0,0.14,3,25.0,25.0
71185.0,0.14,5,16.0,16.0
71190.0,0.03,7,48.0,48.0
71195.0,-0.31999999999999995,6,70.0,70.0
71200.0,-0.33000000000000007,6,99.0,99.0
71205.0,-0.30000000000000004,5,87.0,87.0
71210.0,0.4800000000000001,4,67.0,67.0
71215.0,-0.22999999999999998,6,92.0,92.0
71220.0,-0.22999999999999998,8,124.0,124.0
71225.0,-0.4600000000000001,10,170.0,170.0
71230.0,-0.48,6,167.0,167.0
71235.0,0.31000000000000005,5,143.0,143.0
71240.0,-0.09000000000000008,5,168.0,168.0
71245.0,-0.09000000000000008,5,147.0,147.0
71250.0,0.1100000000000001,7,182.0,182.0
71255.0,-0.3500000000000001,10,78.0,78.0
71260.0,0.81,12,137.0,137.0
71265.0,-0.6000000000000001,12,160.0,160.0
71270.0,-0.16999999999999993,10,188.0,188.0
71275.0,-0.47,10,235.0,235.0
71280.0,-0.54,12,291.0,291.0
71285.0,-0.6000000000000001,12,351.0,351.0
71290.0,-0.6000000000000001,7,221.0,221.0
71295.0,1.12,7,161.0,161.0
71300.0,0.5900000000000001,9,182.0,182.0
71305.0,-0.22999999999999998,5,124.0,124.0
71310.0,1.19,4,49.0,49.0
71315.0,0.25999999999999995,6,56.0,56.0
71320.0,0.25999999999999995,2,13.0,13.0
71325.0,0.33,2,22.0,22.0
71330.0,-0.09,5,20.0,20.0
71335.0,-0.06999999999999998,6,47.0,47.0
71340.0,-0.31,6,55.0,55.0
71345.0,0.10999999999999999,4,53.0,53.0
71350.0,-0.21999999999999997,7,78.0,78.0
71355.0,-0.21999999999999997,4,70.0,70.0
71360.0,0.010000000000000009,4,86.0,86.0
71365.0,-0.20000000000000007,5,86.0,86.0
71370.0,-0.10999999999999999,8,116.0,116.0
71375.0,-0.3899999999999999,8,156.0,156.0
71380.0,-0.3899999999999999,8,94.0,94.0
71385.0,0.45999999999999996,8,134.0,134.0
71390.0,-0.40000000000000013,8,132.0,132.0
71395.0,0.3400000000000001,8,124.0,124.0
71400.0,-0.42999999999999994,12,119.0,119.0
71405.0,0.34999999999999987,7,115.0,115.0
71410.0,0.040000000000000036,9,113.0,113.0
71415.0,0.040000000000000036,3,58.0,58.0
71420.0,0.43000000000000005,3,63.0,63.0
71425.0,-0.050000000000000044,4,60.0,60.0
71430.0,-0.05999999999999994,6,82.0,82.0
71435.0,-0.28,8,115.0,115.0
71440.0,-0.28,5,101.0,101.0
71445.0,-0.010000000000000009,5,126.0,126.0
71450.0,-0.25,3,123.0,123.0
71455.0,-0.010000000000000009,5,142.0,142.0
71460.0,-0.25,5,167.0,167.0
71465.0,-0.29000000000000004,5,173.0,173.0
71470.0,0.050000000000000044,5,181.0,181.0
71475.0,-0.44999999999999996,11,232.0,232.0
71480.0,-0.44999999999999996,7,104.0,104.0
71485.0,1.0899999999999999,11,153.0,153.0
71490.0,-0.5199999999999998,7,131.0,131.0
71495.0,0.48,10,116.0,116.0
71500.0,-0.30000000000000004,10,166.0,166.0
71505.0,-0.30000000000000004,6,101.0,101.0
71510.0,0.44999999999999996,9,121.0,121.0
71515.0,-0.19999999999999996,6,106.0,106.0
71520.0,0.52,6,56.0,56.0
71525.0,0.04999999999999993,4,45.0,45.0
71530.0,0.43000000000000005,2,23.0,23.0
71535.0,-0.18000000000000002,6,45.0,45.0
71540.0,-0.18000000000000002,2,13.0,13.0
71545.0,0.23,9,42.0,42.0
71550.0,-0.36,6,76.0,76.0
71555.0,-0.33999999999999997,9,104.0,104.0
71560.0,-0.4800000000000001,10,154.0,154.0
71565.0,-0.4800000000000001,5,94.0,94.0
71570.0,0.40000000000000013,6,101.0,101.0
71575.0,-0.07000000000000006,3,86.0,86.0
71580.0,0.26,6,90.0,90.0
71585.0,-0.29000000000000004,7,113.0,113.0
71590.0,-0.16999999999999993,5,126.0,126.0
71595.0,-0.32000000000000006,8,161.0,161.0
71600.0,-0.32000000000000006,4,141.0,141.0
71605.0,0.08000000000000007,6,163.0,163.0
71610.0,-0.24,2,153.0,153.0
71615.0,0.24,6,157.0,157.0
71620.0,-0.40000000000000013,10,205.0,205.0
71625.0,-0.40000000000000013,7,64.0,64.0
71630.0,1.21,10,111.0,111.0
71635.0,-0.4700000000000001,6,113.0,113.0
71640.0,0.18000000000000005,10,122.0,122.0
71645.0,-0.4899999999999999,10,118.0,118.0
71650.0,0.41999999999999993,7,107.0,107.0
71655.0,-0.1499999999999999,10,125.0,125.0
71660.0,-0.1499999999999999,4,77.0,77.0
71665.0,0.5299999999999999,4,59.0,59.0
71670.0,-0.010000000000000009,2,42.0,42.0
71675.0,0.51,3,17.0,17.0
71680.0,-0.18,6,42.0,42.0
71685.0,-0.18,4,51.0,51.0
71690.0,-0.21000000000000002,10,89.0,89.0
71695.0,-0.38,6,86.0,86.0
71700.0,0.21999999999999997,8,75.0,75.0
71705.0,-0.24,6,82.0,82.0
71710.0,0.21000000000000008,6,76.0,76.0
71715.0,-0.3600000000000001,8,114.0,114.0
71720.0,-0.3600000000000001,6,100.0,100.0
71725.0,0.050000000000000044,9,133.0,133.0
71730.0,-0.41999999999999993,8,148.0,148.0
71735.0,-0.010000000000000009,6,148.0,148.0
71740.0,-0.27,8,187.0,187.0
71745.0,-0.27,4,138.0,138.0
71750.0,0.33000000000000007,8,170.0,170.0
71755.0,-0.32000000000000006,6,71.0,71.0
71760.0,0.86,13,116.0,116.0
71765.0,-0.59,12,126.0,126.0
71770.0,0.17999999999999994,10,119.0,119.0
71775.0,-0.33000000000000007,10,168.0,168.0
71780.0,-0.33000000000000007,4,127.0,127.0
71785.0,0.48,6,112.0,112.0
71790.0,-0.07999999999999985,3,76.0,76.0
71795.0,0.8799999999999999,6,41.0,41.0
71800.0,-0.29,7,72.0,72.0
71805.0,-0.29,4,41.0,41.0
71810.0,0.18,5,63.0,63.0
71815.0,-0.22000000000000003,0,35.0,35.0
71820.0,0.54,2,4.0,4.0
71825.0,0.009999999999999995,0,0.0,0.0
71830.0,0.06,2,4.0,4.0
71835.0,-0.27999999999999997,8,38.0,38.0
71840.0,-0.27999999999999997,4,46.0,46.0
71845.0,-0.16000000000000003,8,75.0,75.0
71850.0,-0.36999999999999994,4,72.0,72.0
71855.0,0.14,6,80.0,80.0
71860.0,-0.29000000000000004,6,110.0,110.0
71865.0,-0.29000000000000004,2,70.0,70.0
71870.0,0.28,6,89.0,89.0
71875.0,-0.19000000000000006,4,105.0,105.0
71880.0,-0.15000000000000002,6,119.0,119.0
71885.0,-0.28,6,44.0,44.0
71890.0,0.64,6,74.0,74.0
71895.0,-0.4,10,118.0,118.0
71900.0,-0.4,4,86.0,86.0
71905.0,0.29000000000000004,12,110.0,110.0
71910.0,-0.42999999999999994,8,105.0,105.0
71915.0,0.37,8,80.0,80.0
71920.0,-0.19000000000000006,8,120.0,120.0
71925.0,-0.19000000000000006,6,75.0,75.0
71930.0,0.29000000000000004,8,112.0,112.0
71935.0,-0.3700000000000001,4,110.0,110.0
71940.0,0.14000000000000012,9,114.0,114.0
71945.0,-0.3400000000000001,9,126.0,126.0
71950.0,-0.07999999999999985,7,147.0,147.0
71955.0,-0.3500000000000001,7,182.0,182.0
71960.0,-0.3500000000000001,5,158.0,158.0
71965.0,0.27,7,174.0,174.0
71970.0,-0.3400000000000001,7,80.0,80.0
71975.0,0.8,12,124.0,124.0
71980.0,-0.6399999999999999,15,196.0,196.0
71985.0,-0.6399999999999999,8,145.0,145.0
71990.0,0.20999999999999996,10,158.0,158.0
71995.0,-0.13000000000000012,4,135.0,135.0
72000.0,0.5,6,109.0,109.0
72005.0,-0.1299999999999999,4,76.0,76.0
72010.0,0.8799999999999999,5,38.0,38.0
72015.0,-0.25999999999999995,6,65.0,65.0
72020.0,-0.25999999999999995,2,34.0,34.0
72025.0,0.33999999999999997,4,35.0,35.0
72030.0,-0.14,0,14.0,14.0
72035.0,0.39,0,0.0,0.0
72040.0,-0.01,2,5.0,5.0
72045.0,-0.01,2,15.0,15.0
72050.0,-0.13999999999999999,9,44.0,44.0
72055.0,-0.29000000000000004,6,54.0,54.0
72060.0,-0.11000000000000004,8,78.0,78.0
72065.0,-0.3899999999999999,6,82.0,82.0
72070.0,0.2599999999999999,8,76.0,76.0
72075.0,-0.4,8,116.0,116.0
72080.0,-0.4,4,67.0,67.0
72085.0,0.56,8,60.0,60.0
72090.0,-0.16000000000000003,6,60.0,60.0
72095.0,0.20000000000000007,6,53.0,53.0
72100.0,-0.22999999999999998,6,83.0,83.0
72105.0,-0.22999999999999998,2,23.0,23.0
72110.0,0.48,4,42.0,42.0
72115.0,-0.18999999999999997,2,25.0,25.0
72120.0,0.24999999999999997,8,37.0,37.0
72125.0,-0.39,8,71.0,71.0
72130.0,-0.30999999999999994,9,96.0,96.0
72135.0,-0.4800000000000001,10,145.0,145.0
72140.0,-0.4800000000000001,4,92.0,92.0
72145.0,0.3800000000000001,6,100.0,100.0
72150.0,-0.09000000000000008,3,86.0,86.0
72155.0,0.26,6,91.0,91.0
72160.0,-0.32000000000000006,8,128.0,128.0
72165.0,-0.32000000000000006,7,135.0,135.0
72170.0,-0.22999999999999998,9,175.0,175.0
72175.0,-0.3999999999999999,4,168.0,168.0
72180.0,0.19999999999999996,6,165.0,165.0
72185.0,-0.21999999999999997,4,155.0,155.0
72190.0,0.30000000000000004,4,151.0,151.0
72195.0,-0.3600000000000001,10,193.0,193.0
72200.0,-0.3600000000000001,6,56.0,56.0
72205.0,1.2000000000000002,10,101.0,101.0
72210.0,-0.4800000000000001,6,107.0,107.0
72215.0,0.15000000000000013,10,115.0,115.0
72220.0,-0.49,10,165.0,165.0
72225.0,-0.49,5,96.0,96.0
72230.0,0.49,10,115.0,115.0
72235.0,-0.18999999999999995,6,98.0,98.0
72240.0,0.43999999999999995,6,72.0,72.0
72245.0,-0.14,6,69.0,69.0
72250.0,0.36,5,54.0,54.0
72255.0,-0.29000000000000004,8,86.0,86.0
72260.0,-0.29000000000000004,2,45.0,45.0
72265.0,0.46,10,52.0,52.0
72270.0,-0.3,6,81.0,81.0
72275.0,-0.24,9,103.0,103.0
72280.0,-0.4700000000000001,10,153.0,153.0
72285.0,-0.4700000000000001,6,87.0,87.0
72290.0,0.4600000000000001,6,102.0,102.0
72295.0,-0.15000000000000002,2,85.0,85.0
72300.0,0.31000000000000005,4,81.0,81.0
72305.0,-0.21000000000000008,8,115.0,115.0
72310.0,-0.39,8,139.0,139.0
72315.0,-0.1499999999999999,7,153.0,153.0
72320.0,-0.3900000000000001,8,193.0,193.0
72325.0,-0.3900000000000001,6,154.0,154.0
72330.0,0.25,6,179.0,179.0
72335.0,-0.25,7,176.0,176.0
72340.0,0.06000000000000005,9,195.0,195.0
72345.0,-0.43000000000000016,9,240.0,240.0
72350.0,-0.43000000000000016,9,274.0,274.0
72355.0,-0.52,9,319.0,319.0
72360.0,-0.44999999999999973,7,174.0,174.0
72365.0,1.78,8,164.0,164.0
72370.0,-0.3900000000000001,10,136.0,136.0
72375.0,0.8500000000000001,7,102.0,102.0
72380.0,-0.3800000000000001,9,142.0,142.0
72385.0,-0.3800000000000001,5,87.0,87.0
72390.0,0.5700000000000001,4,55.0,55.0
72395.0,0.17000000000000004,3,32.0,32.0
72400.0,0.42999999999999994,3,15.0,15.0
72405.0,-0.07999999999999999,3,30.0,30.0
72410.0,-0.07999999999999999,9,66.0,66.0
72415.0,-0.42000000000000004,9,111.0,111.0
72420.0,-0.45000000000000007,9,136.0,136.0
72425.0,-0.22999999999999998,10,162.0,162.0
72430.0,-0.49,9,145.0,145.0
72435.0,0.74,3,96.0,96.0
72440.0,0.4800000000000001,3,64.0,64.0
72445.0,0.4800000000000001,5,20.0,20.0
72450.0,0.35,8,56.0,56.0
72455.0,-0.38,8,96.0,96.0
72460.0,-0.4,6,102.0,102.0
72465.0,0.13,6,103.0,103.0
72470.0,-0.33999999999999997,10,145.0,145.0
72475.0,-0.33999999999999997,2,69.0,69.0
72480.0,0.56,8,47.0,47.0
72485.0,0.21999999999999997,7,56.0,56.0
72490.0,-0.14,9,87.0,87.0
72495.0,-0.4600000000000001,8,104.0,104.0
72500.0,0.06000000000000005,8,109.0,109.0
72505.0,-0.4099999999999999,10,152.0,152.0
72510.0,-0.4099999999999999,10,141.0,141.0
72515.0,-0.09000000000000008,13,195.0,195.0
72520.0,-0.5700000000000001,14,240.0,240.0
72525.0,-0.6299999999999999,14,299.0,299.0
72530.0,-0.71,16,374.0,374.0
72535.0,-0.71,6,252.0,252.0
72540.0,0.8999999999999999,6,166.0,166.0
72545.0,0.8600000000000001,6,136.0,136.0
72550.0,0.2999999999999998,7,142.0,142.0
72555.0,-0.25,13,200.0,200.0
72560.0,-0.6499999999999997,11,175.0,175.0
72565.0,1.0099999999999998,9,134.0,134.0
72570.0,-0.020000000000000018,10,137.0,137.0
72575.0,-0.020000000000000018,6,98.0,98.0
72580.0,0.22999999999999998,6,108.0,108.0
72585.0,-0.09999999999999987,2,89.0,89.0
72590.0,0.31999999999999995,6,94.0,94.0
72595.0,-0.31999999999999995,8,130.0,130.0
72600.0,-0.31999999999999995,6,119.0,119.0
72605.0,-0.050000000000000044,8,156.0,156.0
72610.0,-0.3700000000000001,5,157.0,157.0
72615.0,0.0,6,174.0,174.0
72620.0,-0.30000000000000004,5,161.0,161.0
72625.0,0.2300000000000002,9,170.0,170.0
72630.0,-0.45999999999999996,10,219.0,219.0
72635.0,-0.45999999999999996,8,240.0,240.0
72640.0,-0.2200000000000002,10,271.0,271.0
72645.0,-0.5,9,135.0,135.0
72650.0,1.6,10,141.0,141.0
72655.0,-0.53,12,198.0,198.0
72660.0,-0.53,14,262.0,262.0
72665.0,-0.8800000000000001,16,337.0,337.0
72670.0,-0.75,11,322.0,322.0
72675.0,0.6699999999999999,8,242.0,242.0
72680.0,0.4900000000000002,6,139.0,139.0
72685.0,1.3399999999999999,2,66.0,66.0
72690.0,0.5800000000000001,4,30.0,30.0
72695.0,0.5800000000000001,10,63.0,63.0
72700.0,-0.44,11,117.0,117.0
72705.0,-0.55,8,122.0,122.0
72710.0,0.19999999999999996,7,98.0,98.0
72715.0,-0.08999999999999986,7,131.0,131.0
72720.0,-0.3600000000000001,9,171.0,171.0
72725.0,-0.3600000000000001,2,90.0,90.0
72730.0,0.63,5,83.0,83.0
72735.0,0.07000000000000006,6,98.0,98.0
72740.0,-0.27000000000000013,6,128.0,128.0
72745.0,-0.31999999999999984,6,136.0,136.0
72750.0,0.11999999999999988,6,136.0,136.0
72755.0,-0.30000000000000004,7,167.0,167.0
72760.0,-0.30000000000000004,8,77.0,77.0
72765.0,0.7500000000000001,8,117.0,117.0
72770.0,-0.43000000000000005,12,126.0,126.0
72775.0,0.0,12,141.0,141.0
72780.0,-0.49,12,201.0,201.0
72785.0,-0.49,4,121.0,121.0
72790.0,0.56,4,90.0,90.0
72795.0,0.30999999999999994,3,61.0,61.0
72800.0,0.7,5,35.0,35.0
72805.0,-0.26,7,66.0,66.0
72810.0,-0.51,9,106.0,106.0
72815.0,-0.47,11,155.0,155.0
72820.0,-0.47,6,123.0,123.0
72825.0,0.1499999999999999,8,142.0,142.0
72830.0,-0.20999999999999996,4,101.0,101.0
72835.0,1.01,0,15.0,15.0
72840.0,0.49,3,3.0,3.0
72845.0,-0.23,8,39.0,39.0
72850.0,-0.23,6,41.0,41.0
72855.0,-0.17999999999999997,8,80.0,80.0
72860.0,-0.39000000000000007,4,79.0,79.0
72865.0,0.10000000000000009,6,87.0,87.0
72870.0,-0.29000000000000004,4,78.0,78.0
72875.0,0.26,3,76.0,76.0
72880.0,-0.26,9,108.0,108.0
72885.0,-0.26,5,124.0,124.0
72890.0,-0.27,9,157.0,157.0
72895.0,-0.3999999999999999,5,159.0,159.0
72900.0,0.1399999999999999,6,157.0,157.0
72905.0,-0.22999999999999998,6,187.0,187.0
72910.0,-0.22999999999999998,3,142.0,142.0
72915.0,0.33000000000000007,10,183.0,183.0
72920.0,-0.41000000000000014,7,69.0,69.0
72925.0,1.11,10,102.0,102.0
72930.0,-0.5,9,114.0,114.0
72935.0,0.1399999999999999,10,118.0,118.0
72940.0,-0.5,10,168.0,168.0
72945.0,-0.5,5,103.0,103.0
72950.0,0.5,10,112.0,112.0
72955.0,-0.1399999999999999,6,93.0,93.0
72960.0,0.57,4,52.0,52.0
72965.0,0.020000000000000018,4,71.0,71.0
72970.0,0.020000000000000018,3,11.0,11.0
72975.0,0.52,6,36.0,36.0
72980.0,-0.25,2,32.0,32.0
72985.0,0.07,9,52.0,52.0
72990.0,-0.42,8,87.0,87.0
72995.0,-0.3500000000000001,10,116.0,116.0
73000.0,-0.5,10,166.0,166.0
73005.0,-0.5,6,120.0,120.0
73010.0,0.52,6,107.0,107.0
73015.0,-0.08999999999999986,4,95.0,95.0
73020.0,0.32999999999999985,8,91.0,91.0
73025.0,-0.34999999999999987,8,131.0,131.0
73030.0,-0.34999999999999987,4,123.0,123.0
73035.0,-0.08000000000000007,7,154.0,154.0
73040.0,-0.31000000000000005,4,145.0,145.0
73045.0,0.16999999999999993,4,149.0,149.0
73050.0,-0.22999999999999998,4,147.0,147.0
73055.0,0.1200000000000001,6,154.0,154.0
73060.0,-0.42999999999999994,10,201.0,201.0
73065.0,-0.42999999999999994,7,61.0,61.0
73070.0,1.22,10,109.0,109.0
73075.0,-0.5,6,116.0,116.0
73080.0,0.1499999999999999,10,124.0,124.0
73085.0,-0.5,11,175.0,175.0
73090.0,-0.5,6,109.0,109.0
73095.0,0.44999999999999996,12,135.0,135.0
73100.0,-0.26,6,119.0,119.0
73105.0,0.5000000000000001,6,72.0,72.0
73110.0,0.13,4,51.0,51.0
73115.0,0.47,4,29.0,29.0
73120.0,-0.21999999999999997,6,53.0,53.0
73125.0,-0.21999999999999997,2,14.0,14.0
73130.0,0.29,10,54.0,54.0
73135.0,-0.46,6,83.0,83.0
73140.0,-0.25,10,108.0,108.0
73145.0,-0.4899999999999999,10,158.0,158.0
73150.0,-0.4899999999999999,10,169.0,169.0
73155.0,-0.31000000000000005,12,228.0,228.0
73160.0,-0.5899999999999999,8,205.0,205.0
73165.0,0.7199999999999998,10,141.0,141.0
73170.0,0.25,8,98.0,98.0
73175.0,0.41000000000000003,8,98.0,98.0
73180.0,-0.22000000000000008,9,121.0,121.0
73185.0,-0.22000000000000008,4,100.0,100.0
73190.0,0.07000000000000006,6,120.0,120.0
73195.0,-0.20999999999999996,2,81.0,81.0
73200.0,1.0,7,37.0,37.0
73205.0,-0.35,8,77.0,77.0
73210.0,-0.35,6,49.0,49.0
73215.0,0.12,6,79.0,79.0
73220.0,-0.30000000000000004,2,63.0,63.0
73225.0,0.32000000000000006,4,59.0,59.0
73230.0,-0.20000000000000007,2,63.0,63.0
73235.0,-0.039999999999999925,2,73.0,73.0
73240.0,-0.20000000000000007,7,98.0,98.0
73245.0,-0.20000000000000007,4,104.0,104.0
73250.0,-0.17000000000000004,7,134.0,134.0
73255.0,-0.32999999999999985,6,155.0,155.0
73260.0,-0.32000000000000006,6,185.0,185.0
73265.0,-0.3599999999999999,8,225.0,225.0
73270.0,-0.3599999999999999,8,124.0,124.0
73275.0,0.8499999999999999,14,190.0,190.0
73280.0,-0.6599999999999999,12,238.0,238.0
73285.0,-0.5900000000000003,14,289.0,289.0
73290.0,-0.6799999999999997,14,261.0,261.0
73295.0,0.98,6,225.0,225.0
73300.0,0.75,6,120.0,120.0
73305.0,0.10999999999999988,9,142.0,142.0
73310.0,0.10999999999999988,3,78.0,78.0
73315.0,0.77,6,36.0,36.0
73320.0,0.14000000000000007,3,38.0,38.0
73325.0,0.14999999999999997,5,36.0,36.0
73330.0,-0.24,6,63.0,63.0
73335.0,-0.24,3,28.0,28.0
73340.0,0.22999999999999998,3,42.0,42.0
73345.0,-0.13999999999999996,7,40.0,40.0
73350.0,0.03999999999999998,7,55.0,55.0
73355.0,-0.30999999999999994,6,66.0,66.0
73360.0,0.05999999999999994,5,68.0,68.0
73365.0,-0.28,7,98.0,98.0
73370.0,-0.28,7,133.0,133.0
73375.0,-0.4899999999999999,9,175.0,175.0
73380.0,-0.44000000000000017,8,158.0,158.0
73385.0,0.47,6,123.0,123.0
73390.0,0.06000000000000005,6,143.0,143.0
73395.0,0.06000000000000005,4,117.0,117.0
73400.0,0.14000000000000012,6,145.0,145.0
73405.0,-0.28,7,55.0,55.0
73410.0,0.74,8,95.0,95.0
73415.0,-0.40000000000000013,9,105.0,105.0
73420.0,-0.1299999999999999,10,134.0,134.0
73425.0,-0.48,11,183.0,183.0
73430.0,-0.48,4,100.0,100.0
73435.0,0.6799999999999999,4,80.0,80.0
73440.0,0.20000000000000007,2,54.0,54.0
73445.0,0.7,2,18.0,18.0
73450.0,-0.14999999999999997,5,38.0,38.0
73455.0,-0.2700000000000001,8,70.0,70.0
73460.0,-0.2700000000000001,2,27.0,27.0
73465.0,0.29000000000000004,4,35.0,35.0
73470.0,-0.07999999999999996,0,10.0,10.0
73475.0,0.35,0,0.0,0.0
73480.0,-0.02,2,8.0,8.0
73485.0,-0.14,2,18.0,18.0
73490.0,-0.27,8,51.0,51.0
73495.0,-0.27,4,35.0,35.0
73500.0,0.03999999999999998,5,58.0,58.0
73505.0,-0.25,2,50.0,50.0
73510.0,0.18,4,54.0,54.0
73515.0,-0.2,4,74.0,74.0
73520.0,-0.2,6,99.0,99.0
73525.0,-0.32999999999999996,8,136.0,136.0
73530.0,-0.3700000000000001,4,131.0,131.0
73535.0,0.18000000000000016,5,129.0,129.0
73540.0,-0.22999999999999998,4,122.0,122.0
73545.0,0.24,2,119.0,119.0
73550.0,-0.13000000000000012,4,134.0,134.0
73555.0,-0.13000000000000012,2,15.0,15.0
73560.0,1.12,9,43.0,43.0
73565.0,-0.35000000000000003,6,75.0,75.0
73570.0,-0.33999999999999997,8,103.0,103.0
73575.0,-0.44000000000000006,10,151.0,151.0
73580.0,-0.44000000000000006,4,87.0,87.0
73585.0,0.44000000000000006,6,92.0,92.0
73590.0,-0.050000000000000044,1,50.0,50.0
73595.0,0.72,3,13.0,13.0
73600.0,-0.009999999999999981,6,20.0,20.0
73605.0,-0.12000000000000002,5,38.0,38.0
73610.0,-0.27999999999999997,6,67.0,67.0
73615.0,-0.27999999999999997,2,34.0,34.0
73620.0,0.39,4,33.0,33.0
73625.0,-0.15,2,18.0,18.0
73630.0,0.24,2,17.0,17.0
73635.0,-0.27,10,60.0,60.0
73640.0,-0.27,7,76.0,76.0
73645.0,-0.36,10,124.0,124.0
73650.0,-0.48,10,174.0,174.0
73655.0,-0.5,8,163.0,163.0
73660.0,0.44999999999999996,6,117.0,117.0
73665.0,0.08000000000000007,5,92.0,92.0
73670.0,0.33999999999999997,6,93.0,93.0
73675.0,-0.37,9,133.0,133.0
73680.0,-0.37,5,130.0,130.0
73685.0,-0.1100000000000001,7,162.0,162.0
73690.0,-0.33999999999999986,3,151.0,151.0
73695.0,0.33999999999999986,4,134.0,134.0
73700.0,-0.10999999999999988,5,155.0,155.0
73705.0,-0.10999999999999988,8,167.0,167.0
73710.0,-0.20999999999999996,10,217.0,217.0
73715.0,-0.5,8,101.0,101.0
73720.0,1.23,9,121.0,121.0
73725.0,-0.44999999999999996,9,159.0,159.0
73730.0,-0.6000000000000001,10,209.0,209.0
73735.0,-0.55,12,266.0,266.0
73740.0,-0.55,7,194.0,194.0
73745.0,0.5300000000000002,8,190.0,190.0
73750.0,0.029999999999999805,9,231.0,231.0
73755.0,-0.6400000000000001,13,287.0,287.0
73760.0,-0.6399999999999997,13,352.0,352.0
73765.0,-0.6399999999999997,7,169.0,169.0
73770.0,1.5699999999999998,9,119.0,119.0
73775.0,0.5,10,126.0,126.0
73780.0,0.0,11,144.0,144.0
73785.0,-0.43999999999999995,10,130.0,130.0
73790.0,0.5299999999999998,6,116.0,116.0
73795.0,0.050000000000000044,7,112.0,112.0
73800.0,0.050000000000000044,6,77.0,77.0
73805.0,0.21000000000000008,8,113.0,113.0
73810.0,-0.38,5,117.0,117.0
73815.0,0.010000000000000009,9,134.0,134.0
73820.0,-0.40000000000000013,9,179.0,179.0
73825.0,-0.40000000000000013,5,144.0,144.0
73830.0,0.17000000000000015,7,170.0,170.0
73835.0,-0.26,7,195.0,195.0
73840.0,-0.3899999999999999,7,230.0,230.0
73845.0,-0.3500000000000001,7,199.0,199.0
73850.0,0.43000000000000016,10,211.0,211.0
73855.0,-0.5,10,261.0,261.0
73860.0,-0.5,10,125.0,125.0
73865.0,1.1599999999999997,10,175.0,175.0
73870.0,-0.5,10,161.0,161.0
73875.0,0.52,7,118.0,118.0
73880.0,-0.010000000000000009,8,150.0,150.0
73885.0,-0.010000000000000009,4,56.0,56.0
73890.0,0.78,5,35.0,35.0
73895.0,0.21000000000000008,3,34.0,34.0
73900.0,0.11999999999999997,5,34.0,34.0
73905.0,-0.21,4,48.0,48.0
73910.0,-0.24000000000000005,5,73.0,73.0
73915.0,-0.25,5,98.0,98.0
73920.0,-0.35,11,139.0,139.0
73925.0,-0.35,6,71.0,71.0
73930.0,0.51,8,72.0,72.0
73935.0,-0.030000000000000027,6,76.0,76.0
73940.0,-0.1399999999999999,7,107.0,107.0
73945.0,-0.3700000000000001,10,151.0,151.0
73950.0,-0.3700000000000001,7,79.0,79.0
73955.0,0.52,10,122.0,122.0
73960.0,-0.42999999999999994,6,108.0,108.0
73965.0,0.41999999999999993,5,74.0,74.0
73970.0,0.0,5,44.0,44.0
73975.0,0.6100000000000001,2,21.0,21.0
73980.0,0.01999999999999999,2,19.0,19.0
73985.0,0.01999999999999999,4,38.0,38.0
73990.0,-0.24999999999999997,6,62.0,62.0
73995.0,-0.27999999999999997,6,59.0,59.0
74000.0,0.25999999999999995,4,43.0,43.0
74005.0,-0.12999999999999995,6,69.0,69.0
74010.0,-0.12999999999999995,2,39.0,39.0
74015.0,0.17999999999999994,4,55.0,55.0
74020.0,-0.16000000000000003,4,75.0,75.0
74025.0,-0.29999999999999993,6,103.0,103.0
74030.0,-0.31999999999999995,6,105.0,105.0
74035.0,0.1299999999999999,4,108.0,108.0
74040.0,-0.21999999999999997,6,132.0,132.0
74045.0,-0.21999999999999997,4,115.0,115.0
74050.0,0.07000000000000006,4,135.0,135.0
74055.0,-0.19999999999999996,4,31.0,31.0
74060.0,0.96,4,51.0,51.0
74065.0,-0.26999999999999996,11,92.0,92.0
74070.0,-0.26999999999999996,6,54.0,54.0
74075.0,0.15999999999999992,7,74.0,74.0
74080.0,-0.19999999999999996,4,73.0,73.0
74085.0,0.19999999999999996,5,67.0,67.0
74090.0,-0.27,6,49.0,49.0
74095.0,0.51,4,34.0,34.0
74100.0,-0.16000000000000003,6,52.0,52.0
74105.0,-0.16000000000000003,4,28.0,28.0
74110.0,0.14,5,48.0,48.0
74115.0,-0.22000000000000003,2,39.0,39.0
74120.0,0.37,2,21.0,21.0
74125.0,-0.11999999999999997,5,38.0,38.0
74130.0,-0.11999999999999997,2,11.0,11.0
74135.0,0.18,6,29.0,29.0
74140.0,-0.18,8,60.0,60.0
74145.0,-0.47000000000000003,9,101.0,101.0
74150.0,-0.48,10,109.0,109.0
74155.0,0.19999999999999996,6,104.0,104.0
74160.0,-0.19999999999999996,8,132.0,132.0
74165.0,-0.19999999999999996,4,118.0,118.0
74170.0,0.010000000000000009,8,149.0,149.0
74175.0,-0.3400000000000001,7,114.0,114.0
74180.0,1.05,4,48.0,48.0
74185.0,0.0,6,63.0,63.0
74190.0,0.0,2,14.0,14.0
74195.0,0.38,4,28.0,28.0
74200.0,-0.14,0,11.0,11.0
74205.0,0.28,1,1.0,1.0
74210.0,-0.06,5,19.0,19.0
74215.0,-0.27,4,37.0,37.0
74220.0,-0.26999999999999996,7,67.0,67.0
74225.0,-0.26999999999999996,4,52.0,52.0
74230.0,0.039999999999999925,4,72.0,72.0
74235.0,-0.20999999999999996,2,67.0,67.0
74240.0,0.09999999999999998,3,73.0,73.0
74245.0,-0.19999999999999996,7,100.0,100.0
74250.0,-0.19999999999999996,6,119.0,119.0
74255.0,-0.31999999999999995,8,153.0,153.0
74260.0,-0.3400000000000001,4,149.0,149.0
74265.0,0.17999999999999994,5,145.0,145.0
74270.0,-0.19999999999999996,6,173.0,173.0
74275.0,-0.30000000000000004,4,159.0,159.0
74280.0,0.25,9,168.0,168.0
74285.0,-0.43999999999999995,10,214.0,214.0
74290.0,-0.43999999999999995,7,80.0,80.0
74295.0,1.24,10,119.0,119.0
74300.0,-0.49,7,122.0,122.0
74305.0,0.14000000000000012,10,135.0,135.0
74310.0,-0.5,12,188.0,188.0
74315.0,-0.5,7,119.0,119.0
74320.0,0.45999999999999996,10,131.0,131.0
74325.0,-0.1200000000000001,6,111.0,111.0
74330.0,0.55,5,70.0,70.0
74335.0,-0.030000000000000027,5,56.0,56.0
74340.0,0.47000000000000003,5,37.0,37.0
74345.0,-0.33,7,72.0,72.0
74350.0,-0.33,4,40.0,40.0
74355.0,0.26,10,68.0,68.0
74360.0,-0.39,7,99.0,99.0
74365.0,-0.33000000000000007,9,129.0,129.0
74370.0,-0.44999999999999996,9,174.0,174.0
74375.0,-0.44999999999999996,11,179.0,179.0
74380.0,-0.22999999999999998,12,235.0,235.0
74385.0,-0.56,10,208.0,208.0
74390.0,0.79,9,123.0,123.0
74395.0,0.26,12,160.0,160.0
74400.0,-0.8499999999999999,15,230.0,230.0
74405.0,-0.79,16,310.0,310.0
74410.0,-0.79,9,258.0,258.0
74415.0,0.52,9,205.0,205.0
74420.0,0.3799999999999999,7,168.0,168.0
74425.0,0.71,13,158.0,158.0
74430.0,-0.6399999999999999,13,223.0,223.0
74435.0,-0.6399999999999999,8,138.0,138.0
74440.0,0.5900000000000001,8,129.0,129.0
74445.0,0.08999999999999986,4,115.0,115.0
74450.0,0.48,4,68.0,68.0
74455.0,0.09000000000000008,4,84.0,84.0
74460.0,-0.21000000000000008,7,91.0,91.0
74465.0,-0.15000000000000002,7,115.0,115.0
74470.0,-0.3899999999999999,8,155.0,155.0
74475.0,-0.3899999999999999,6,131.0,131.0
74480.0,0.09999999999999987,6,161.0,161.0
74485.0,-0.2999999999999998,5,156.0,156.0
74490.0,0.20999999999999996,4,151.0,151.0
74495.0,-0.16999999999999993,10,179.0,179.0
74500.0,-0.16999999999999993,8,69.0,69.0
74505.0,0.94,9,110.0,110.0
74510.0,-0.41000000000000014,6,108.0,108.0
74515.0,0.18000000000000005,6,102.0,102.0
74520.0,-0.23999999999999988,8,140.0,140.0
74525.0,-0.40000000000000013,7,118.0,118.0
74530.0,0.7300000000000001,7,90.0,90.0
74535.0,-0.39,9,131.0,131.0
74540.0,-0.39,2,77.0,77.0
74545.0,0.65,4,39.0,39.0
74550.0,0.13999999999999996,0,15.0,15.0
74555.0,0.43,0,0.0,0.0
74560.0,-0.02,2,6.0,6.0
74565.0,-0.02,3,17.0,17.0
74570.0,-0.15000000000000002,8,44.0,44.0
74575.0,-0.27,4,44.0,44.0
74580.0,0.04999999999999999,6,57.0,57.0
74585.0,-0.29999999999999993,4,49.0,49.0
74590.0,0.26999999999999996,3,45.0,45.0
74595.0,-0.19,4,65.0,65.0
74600.0,-0.19,6,91.0,91.0
74605.0,-0.36,8,129.0,129.0
74610.0,-0.40000000000000013,6,130.0,130.0
74615.0,0.19000000000000017,6,124.0,124.0
74620.0,-0.24,6,154.0,154.0
74625.0,-0.24,2,113.0,113.0
74630.0,0.29000000000000004,4,125.0,125.0
74635.0,-0.1200000000000001,2,12.0,12.0
74640.0,1.09,8,33.0,33.0
74645.0,-0.36,8,69.0,69.0
74650.0,-0.33999999999999997,9,95.0,95.0
74655.0,-0.4700000000000001,10,143.0,143.0
74660.0,-0.4700000000000001,4,88.0,88.0
74665.0,0.4,6,92.0,92.0
74670.0,-0.04999999999999993,4,58.0,58.0
74675.0,0.71,2,13.0,13.0
74680.0,0.0,6,39.0,39.0
74685.0,0.0,5,43.0,43.0
74690.0,-0.15999999999999998,5,68.0,68.0
74695.0,-0.25000000000000006,2,48.0,48.0
74700.0,0.41000000000000003,4,29.0,29.0
74705.0,-0.09999999999999998,2,13.0,13.0
74710.0,0.36,2,3.0,3.0
74715.0,-0.19999999999999998,8,29.0,29.0
74720.0,-0.19999999999999998,4,48.0,48.0
74725.0,-0.26,8,79.0,79.0
74730.0,-0.4,5,79.0,79.0
74735.0,0.10999999999999999,5,85.0,85.0
74740.0,-0.27,6,115.0,115.0
74745.0,-0.27,4,78.0,78.0
74750.0,0.25,8,112.0,112.0
74755.0,-0.3400000000000001,6,138.0,138.0
74760.0,-0.2699999999999998,7,160.0,160.0
74765.0,-0.3800000000000001,8,162.0,162.0
74770.0,0.24,5,158.0,158.0
74775.0,-0.17999999999999994,6,177.0,177.0
74780.0,-0.17999999999999994,2,153.0,153.0
74785.0,0.26,10,170.0,170.0
74790.0,-0.3500000000000001,6,55.0,55.0
74795.0,1.1800000000000002,10,81.0,81.0
74800.0,-0.4900000000000001,10,131.0,131.0
74805.0,-0.4900000000000001,9,96.0,96.0
74810.0,0.15000000000000013,10,144.0,144.0
74815.0,-0.48,6,133.0,133.0
74820.0,0.45999999999999996,8,95.0,95.0
74825.0,-0.09000000000000008,8,74.0,74.0
74830.0,0.53,4,49.0,49.0
74835.0,-0.029999999999999916,4,61.0,61.0
74840.0,-0.029999999999999916,2,9.0,9.0
74845.0,0.45999999999999996,6,26.0,26.0
74850.0,-0.21000000000000002,2,25.0,25.0
74855.0,0.12,6,32.0,32.0
74860.0,-0.36000000000000004,10,76.0,76.0
74865.0,-0.36000000000000004,6,58.0,58.0
74870.0,-0.019999999999999907,8,94.0,94.0
74875.0,-0.36,6,118.0,118.0
74880.0,-0.3600000000000001,8,154.0,154.0
74885.0,-0.3999999999999999,6,135.0,135.0
74890.0,0.7,7,107.0,107.0
74895.0,-0.3799999999999999,9,147.0,147.0
74900.0,-0.3799999999999999,6,136.0,136.0
74905.0,0.019999999999999796,6,160.0,160.0
74910.0,-0.30999999999999983,4,152.0,152.0
74915.0,0.3799999999999999,3,125.0,125.0
74920.0,-0.08000000000000007,4,145.0,145.0
74925.0,-0.08000000000000007,3,145.0,145.0
74930.0,-0.07999999999999985,10,183.0,183.0
74935.0,-0.3800000000000001,6,65.0,65.0
74940.0,1.21,10,91.0,91.0
74945.0,-0.4900000000000001,8,103.0,103.0
74950.0,0.14000000000000012,10,107.0,107.0
74955.0,-0.5,10,157.0,157.0
74960.0,-0.5,4,93.0,93.0
74965.0,0.5,9,100.0,100.0
74970.0,-0.13000000000000012,7,84.0,84.0
74975.0,0.5200000000000001,5,53.0,53.0
74980.0,-0.10000000000000009,6,79.0,79.0
74985.0,-0.10000000000000009,3,27.0,27.0
74990.0,0.41000000000000003,5,49.0,49.0
74995.0,-0.21999999999999997,2,36.0,36.0
75000.0,0.24,8,37.0,37.0
75005.0,-0.31999999999999995,8,53.0,53.0
75010.0,-0.06000000000000005,7,70.0,70.0
75015.0,-0.43000000000000005,13,119.0,119.0
75020.0,-0.43000000000000005,12,169.0,169.0
75025.0,-0.72,14,225.0,225.0
75030.0,-0.6199999999999999,16,304.0,304.0
75035.0,-0.8000000000000003,18,390.0,390.0
75040.0,-1.2699999999999996,19,485.0,485.0
75045.0,-1.0100000000000007,22,592.0,592.0
75050.0,-1.1099999999999994,25,708.0,708.0
75055.0,-1.1099999999999994,20,614.0,614.0
75060.0,0.4500000000000002,15,514.0,514.0
75065.0,1.0,13,560.0,560.0
75070.0,-0.5500000000000007,20,623.0,623.0
75075.0,-0.96,22,658.0,658.0
75080.0,-0.09999999999999964,14,689.0,689.0
75085.0,-0.17999999999999972,17,705.0,705.0
75090.0,-0.17999999999999972,22,800.0,800.0
75095.0,-1.290000000000001,24,914.0,914.0
75100.0,-1.1600000000000001,24,1014.0,1014.0
75105.0,-1.4799999999999986,24,1134.0,1134.0
75110.0,-1.3100000000000005,28,1273.0,1273.0
75115.0,-1.3100000000000005,29,1415.0,1415.0
75120.0,-1.9800000000000004,32,1571.0,1571.0
75125.0,-1.5600000000000005,28,1474.0,1474.0
75130.0,2.6500000000000004,21,1175.0,1175.0
75135.0,2.67,13,997.0,997.0
75140.0,-0.22999999999999865,19,1081.0,1081.0
75145.0,-1.0500000000000007,27,1194.0,1194.0
75150.0,-1.5099999999999998,33,1351.0,1351.0
75155.0,-1.6799999999999997,36,1522.0,1522.0
75160.0,-1.8500000000000014,38,1709.0,1709.0
75165.0,-1.8500000000000014,39,1895.0,1895.0
75170.0,-2.6499999999999986,41,2100.0,2100.0
75175.0,-2.0500000000000007,43,2308.0,2308.0
75180.0,-2.9899999999999984,45,2530.0,2530.0
75185.0,-2.270000000000003,47,2760.0,2760.0
75190.0,-2.349999999999998,49,3000.0,3000.0
75195.0,-2.460000000000001,50,3248.0,3248.0
75200.0,-2.5299999999999976,53,3507.0,3507.0
75205.0,-2.5299999999999976,45,3223.0,3223.0
75210.0,1.7800000000000011,37,2984.0,2984.0
75215.0,2.389999999999997,34,3070.0,3070.0
75220.0,-1.5500000000000007,39,3250.0,3250.0
75225.0,-1.8999999999999986,46,3465.0,3465.0
75230.0,-2.3299999999999983,54,3720.0,3720.0
75235.0,-2.690000000000005,58,4004.0,4004.0
75240.0,-2.9199999999999946,58,3991.0,3991.0
75245.0,2.1399999999999935,50,3959.0,3959.0
75250.0,3.25,43,3627.0,3627.0
75255.0,3.25,38,3779.0,3779.0
75260.0,-2.319999999999993,39,3962.0,3962.0
75265.0,-1.8600000000000065,41,3889.0,3889.0
75270.0,2.480000000000004,41,3596.0,3596.0
75275.0,2.5899999999999963,41,3466.0,3466.0
75280.0,2.5899999999999963,34,3613.0,3613.0
75285.0,-1.1799999999999997,41,3804.0,3804.0
75290.0,-1.9099999999999966,43,3807.0,3807.0
75295.0,1.1000000000000014,40,3639.0,3639.0
75300.0,1.8900000000000006,37,3621.0,3621.0
75305.0,-2.6200000000000045,42,3809.0,3809.0
75310.0,-2.239999999999995,47,4038.0,4038.0
75315.0,-2.239999999999995,47,3555.0,3555.0
75320.0,3.8999999999999986,43,3136.0,3136.0
75325.0,4.239999999999998,31,2857.0,2857.0
75330.0,3.9299999999999997,20,2694.0,2694.0
75335.0,2.030000000000001,13,2547.0,2547.0
75340.0,0.8099999999999987,22,2502.0,2502.0
75345.0,-0.05999999999999872,31,2567.0,2567.0
75350.0,-0.05999999999999872,29,2102.0,2102.0
75355.0,4.039999999999999,26,1720.0,1720.0
75360.0,3.8200000000000003,19,1185.0,1185.0
75365.0,5.35,12,1208.0,1208.0
75370.0,-0.040000000000000924,18,1239.0,1239.0
75375.0,-0.9100000000000001,27,1353.0,1353.0
75380.0,-1.33,33,1360.0,1360.0
75385.0,-0.7399999999999984,36,1523.0,1523.0
75390.0,-1.8000000000000025,36,1703.0,1703.0
75395.0,-1.9099999999999966,40,1898.0,1898.0
75400.0,-1.9099999999999966,32,1616.0,1616.0
75405.0,2.1099999999999994,26,1386.0,1386.0
75410.0,2.369999999999999,18,1337.0,1337.0
75415.0,1.4900000000000002,18,1180.0,1180.0
75420.0,1.459999999999999,18,1098.0,1098.0
75425.0,1.459999999999999,28,1217.0,1217.0
75430.0,-1.0199999999999996,36,1378.0,1378.0
75435.0,-1.6099999999999994,37,1517.0,1517.0
75440.0,-1.6900000000000013,38,1659.0,1659.0
75445.0,-1.9000000000000004,39,1722.0,1722.0
75450.0,-0.2099999999999973,35,1793.0,1793.0
75455.0,0.04999999999999716,32,1749.0,1749.0
75460.0,-0.21999999999999886,32,1807.0,1807.0
75465.0,-0.21999999999999886,32,1917.0,1917.0
75470.0,-1.620000000000001,37,2079.0,2079.0
75475.0,-1.7899999999999991,34,2212.0,2212.0
75480.0,-1.6900000000000013,32,2334.0,2334.0
75485.0,-1.3999999999999986,37,2495.0,2495.0
75490.0,-1.3999999999999986,36,2658.0,2658.0
75495.0,-2.3299999999999983,36,2838.0,2838.0
75500.0,-1.8000000000000007,34,2687.0,2687.0
75505.0,3.9800000000000004,24,2234.0,2234.0
75510.0,4.129999999999999,19,1961.0,1961.0
75515.0,-0.03999999999999915,16,2047.0,2047.0
75520.0,-0.8300000000000018,24,2138.0,2138.0
75525.0,-0.8300000000000018,27,2260.0,2260.0
75530.0,-1.7300000000000004,36,2421.0,2421.0
75535.0,-1.7099999999999973,37,2521.0,2521.0
75540.0,-0.9200000000000017,32,2557.0,2557.0
75545.0,-0.6799999999999997,32,2661.0,2661.0
75550.0,-0.6799999999999997,26,2203.0,2203.0
75555.0,4.149999999999999,21,1767.0,1767.0
75560.0,4.359999999999999,16,1605.0,1605.0
75565.0,1.370000000000001,12,1667.0,1667.0
75570.0,-0.6400000000000006,18,1495.0,1495.0
75575.0,3.740000000000002,14,1225.0,1225.0
75580.0,4.209999999999999,16,915.0,915.0
75585.0,4.209999999999999,13,982.0,982.0
75590.0,-0.9700000000000006,21,1069.0,1069.0
75595.0,-0.9599999999999991,25,1101.0,1101.0
75600.0,0.0600000000000005,24,1063.0,1063.0
75605.0,0.0,27,1139.0,1139.0
75610.0,0.0,32,1281.0,1281.0
75615.0,-1.950000000000001,35,1453.0,1453.0
75620.0,-1.7199999999999989,37,1574.0,1574.0
75625.0,-1.950000000000001,37,1759.0,1759.0
75630.0,-1.8599999999999994,39,1868.0,1868.0
75635.0,-1.1900000000000013,33,1964.0,1964.0
75640.0,-0.7699999999999996,33,2049.0,2049.0
75645.0,-0.7699999999999996,30,1687.0,1687.0
75650.0,3.1400000000000006,23,1385.0,1385.0
75655.0,3.08,14,1340.0,1340.0
75660.0,0.7900000000000009,13,1355.0,1355.0
75665.0,-0.8100000000000005,23,1455.0,1455.0
75670.0,-1.2300000000000004,30,1592.0,1592.0
75675.0,-1.2300000000000004,37,1743.0,1743.0
75680.0,-2.0999999999999996,39,1930.0,1930.0
75685.0,-1.870000000000001,41,2135.0,2135.0
75690.0,-2.870000000000001,43,2342.0,2342.0
75695.0,-2.129999999999999,45,2565.0,2565.0
75700.0,-2.25,46,2791.0,2791.0
75705.0,-2.3200000000000003,47,2752.0,2752.0
75710.0,2.2600000000000016,38,2590.0,2590.0
75715.0,2.8900000000000006,32,2195.0,2195.0
75720.0,2.8900000000000006,28,2338.0,2338.0
75725.0,0.0799999999999983,28,2472.0,2472.0
75730.0,-1.370000000000001,35,2633.0,2633.0
75735.0,-1.6999999999999993,44,2835.0,2835.0
75740.0,-2.099999999999998,51,3077.0,3077.0
75745.0,-2.490000000000002,51,3122.0,3122.0
75750.0,0.7200000000000024,44,2951.0,2951.0
75755.0,1.6599999999999966,35,2801.0,2801.0
75760.0,1.6599999999999966,36,2976.0,2976.0
75765.0,-0.8399999999999999,43,3175.0,3175.0
75770.0,-1.9899999999999984,45,3232.0,3232.0
75775.0,0.03999999999999915,46,3122.0,3122.0
75780.0,0.620000000000001,38,2868.0,2868.0
75785.0,4.079999999999998,34,2735.0,2735.0
75790.0,4.100000000000001,32,2323.0,2323.0
75795.0,4.100000000000001,29,2359.0,2359.0
75800.0,-0.9499999999999993,28,2500.0,2500.0
75805.0,-1.4400000000000013,34,2550.0,2550.0
75810.0,-0.2799999999999976,34,2553.0,2553.0
75815.0,-0.4200000000000017,38,2650.0,2650.0
75820.0,-0.4200000000000017,36,2648.0,2648.0
75825.0,-0.4800000000000004,43,2807.0,2807.0
75830.0,-1.5899999999999999,40,2702.0,2702.0
75835.0,3.280000000000001,35,2302.0,2302.0
75840.0,3.719999999999999,28,2194.0,2194.0
75845.0,-1.9400000000000013,28,2329.0,2329.0
75850.0,-1.3499999999999979,30,2466.0,2466.0
75855.0,-1.3499999999999979,30,2095.0,2095.0
75860.0,3.120000000000001,25,1790.0,1790.0
75865.0,4.09,23,1591.0,1591.0
75870.0,1.9799999999999986,13,1420.0,1420.0
75875.0,2.08,13,1292.0,1292.0
75880.0,2.08,25,1386.0,1386.0
75885.0,-0.7699999999999996,37,1546.0,1546.0
75890.0,-1.6000000000000014,42,1746.0,1746.0
75895.0,-2.0,44,1958.0,1958.0
75900.0,-2.1199999999999974,46,2188.0,2188.0
75905.0,-2.3000000000000007,47,2419.0,2419.0
75910.0,-2.3100000000000023,50,2667.0,2667.0
75915.0,-2.4800000000000004,51,2918.0,2918.0
75920.0,-2.509999999999998,54,3183.0,3183.0
75925.0,-2.6499999999999986,56,3455.0,3455.0
75930.0,-2.719999999999999,51,3429.0,3429.0
75935.0,2.039999999999999,45,3131.0,3131.0
75940.0,2.6999999999999993,39,3100.0,3100.0
75945.0,-2.6800000000000033,37,3286.0,3286.0
75950.0,-1.9899999999999949,43,3491.0,3491.0
75955.0,-2.3000000000000043,52,3730.0,3730.0
75960.0,-2.3000000000000043,51,3522.0,3522.0
75965.0,1.0700000000000003,46,3363.0,3363.0
75970.0,1.6300000000000026,41,3497.0,3497.0
75975.0,-2.0500000000000043,41,3694.0,3694.0
75980.0,-2.1400000000000006,49,3923.0,3923.0
75985.0,-2.1400000000000006,52,3763.0,3763.0
75990.0,0.6400000000000006,64,4020.0,4020.0
75995.0,-2.5700000000000003,64,4340.0,4340.0
76000.0,-3.1999999999999957,60,4443.0,4443.0
76005.0,-0.17999999999999972,52,4326.0,4326.0
76010.0,1.0799999999999983,43,3951.0,3951.0
76015.0,4.869999999999997,36,3644.0,3644.0
76020.0,5.680000000000003,34,3089.0,3089.0
76025.0,5.680000000000003,38,3271.0,3271.0
76030.0,-1.1600000000000001,40,3469.0,3469.0
76035.0,-1.990000000000002,47,3688.0,3688.0
76040.0,-2.259999999999998,54,3946.0,3946.0
76045.0,-2.6600000000000037,58,4122.0,4122.0
76050.0,-1.7999999999999972,57,4245.0,4245.0
76055.0,-1.8900000000000006,59,4489.0,4489.0
76060.0,-1.8900000000000006,52,4130.0,4130.0
76065.0,2.4100000000000037,46,3786.0,3786.0
76070.0,3.4399999999999977,35,3462.0,3462.0
76075.0,5.049999999999997,25,3134.0,3134.0
76080.0,2.980000000000004,23,2926.0,2926.0
76085.0,-0.4200000000000017,27,3052.0,3052.0
76090.0,-1.5100000000000016,36,3212.0,3212.0
76095.0,-2.0599999999999987,47,3429.0,3429.0
76100.0,-2.0599999999999987,49,3369.0,3369.0
76105.0,0.5499999999999972,43,3169.0,3169.0
76110.0,1.1700000000000017,39,3278.0,3278.0
76115.0,-1.7899999999999991,40,3467.0,3467.0
76120.0,-2.039999999999999,46,3684.0,3684.0
76125.0,-2.039999999999999,43,3243.0,3243.0
76130.0,3.5,42,2876.0,2876.0
76135.0,3.669999999999998,37,2885.0,2885.0
76140.0,0.9300000000000033,26,2626.0,2626.0
76145.0,1.8099999999999987,22,2439.0,2439.0
76150.0,0.6799999999999997,28,2562.0,2562.0
76155.0,-1.6999999999999993,41,2745.0,2745.0
76160.0,-1.6999999999999993,47,2866.0,2866.0
76165.0,-2.1000000000000014,53,3123.0,3123.0
76170.0,-2.620000000000001,52,3051.0,3051.0
76175.0,2.9800000000000004,45,2670.0,2670.0
76180.0,3.6099999999999994,38,2594.0,2594.0
76185.0,3.6099999999999994,29,2431.0,2431.0
76190.0,0.860000000000003,22,2297.0,2297.0
76195.0,1.3399999999999999,24,2411.0,2411.0
76200.0,-1.6900000000000013,35,2565.0,2565.0
76205.0,-1.7800000000000011,43,2642.0,2642.0
76210.0,-0.5899999999999999,42,2745.0,2745.0
76215.0,0.10999999999999943,37,2641.0,2641.0
76220.0,0.5200000000000031,36,2622.0,2622.0
76225.0,-0.6900000000000013,36,2745.0,2745.0
76230.0,-0.6900000000000013,31,2288.0,2288.0
76235.0,3.91,26,1915.0,1915.0
76240.0,3.789999999999999,23,1883.0,1883.0
76245.0,-0.08999999999999986,20,1989.0,1989.0
76250.0,-1.0899999999999999,28,2111.0,2111.0
76255.0,-1.0899999999999999,30,2054.0,2054.0
76260.0,0.030000000000001137,39,2234.0,2234.0
76265.0,-1.8000000000000007,41,2436.0,2436.0
76270.0,-2.0199999999999996,39,2559.0,2559.0
76275.0,-1.1400000000000006,32,2570.0,2570.0
76280.0,-0.25,35,2349.0,2349.0
76285.0,3.8500000000000014,30,2220.0,2220.0
76290.0,3.75,27,1729.0,1729.0
76295.0,3.75,17,1783.0,1783.0
76300.0,0.29999999999999716,20,1859.0,1859.0
76305.0,-0.9499999999999993,22,1882.0,1882.0
76310.0,0.030000000000001137,21,1868.0,1868.0
76315.0,-0.35999999999999943,35,1953.0,1953.0
76320.0,-1.3399999999999999,36,2119.0,2119.0
76325.0,-1.3399999999999999,28,1743.0,1743.0
76330.0,3.039999999999999,22,1399.0,1399.0
76335.0,3.4399999999999995,12,1339.0,1339.0
76340.0,0.8000000000000007,14,1359.0,1359.0
76345.0,-0.7400000000000002,19,1387.0,1387.0
76350.0,-0.9199999999999999,29,1514.0,1514.0
76355.0,-1.5999999999999996,37,1682.0,1682.0
76360.0,-1.5999999999999996,35,1832.0,1832.0
76365.0,-2.2300000000000004,39,2022.0,2022.0
76370.0,-1.9299999999999997,35,1943.0,1943.0
76375.0,2.669999999999998,28,1623.0,1623.0
76380.0,2.9700000000000006,22,1456.0,1456.0
76385.0,2.9700000000000006,19,1553.0,1553.0
76390.0,-0.5599999999999987,27,1670.0,1670.0
76395.0,-1.17,27,1669.0,1669.0
76400.0,0.75,26,1563.0,1563.0
76405.0,0.6799999999999997,28,1485.0,1485.0
76410.0,0.20999999999999908,26,1340.0,1340.0
76415.0,2.790000000000001,22,1249.0,1249.0
76420.0,2.5199999999999996,16,991.0,991.0
76425.0,2.5199999999999996,16,1059.0,1059.0
76430.0,-0.9700000000000006,21,1145.0,1145.0
76435.0,-0.9599999999999991,28,1275.0,1275.0
76440.0,-1.370000000000001,34,1436.0,1436.0
76445.0,-1.6600000000000001,37,1616.0,1616.0
76450.0,-1.8200000000000003,39,1806.0,1806.0
76455.0,-1.9199999999999982,43,2016.0,2016.0
76460.0,-2.1400000000000006,40,2074.0,2074.0
76465.0,-1.25,43,2270.0,2270.0
76470.0,-2.1499999999999986,44,2486.0,2486.0
76475.0,-2.1499999999999986,47,2719.0,2719.0
76480.0,-3.200000000000003,48,2955.0,2955.0
76485.0,-2.3599999999999994,51,3206.0,3206.0
76490.0,-2.5100000000000016,47,3164.0,3164.0
76495.0,2.150000000000002,42,2873.0,2873.0
76500.0,2.7399999999999984,34,2607.0,2607.0
76505.0,-0.22999999999999687,32,2772.0,2772.0
76510.0,-1.7200000000000024,39,2951.0,2951.0
76515.0,-1.7200000000000024,37,2829.0,2829.0
76520.0,1.4299999999999997,36,2553.0,2553.0
76525.0,1.8000000000000007,29,2570.0,2570.0
76530.0,-0.129999999999999,36,2672.0,2672.0
76535.0,-1.9000000000000021,45,2880.0,2880.0
76540.0,-1.9000000000000021,39,2773.0,2773.0
76545.0,0.19000000000000128,37,2727.0,2727.0
76550.0,0.46000000000000085,34,2703.0,2703.0
76555.0,0.23999999999999844,38,2855.0,2855.0
76560.0,-2.3299999999999983,45,3066.0,3066.0
76565.0,-2.210000000000001,46,3238.0,3238.0
76570.0,-2.1400000000000006,38,3381.0,3381.0
76575.0,-1.3800000000000026,38,3531.0,3531.0
76580.0,-1.3800000000000026,41,3728.0,3728.0
76585.0,-2.6199999999999974,43,3943.0,3943.0
76590.0,-2.1499999999999986,42,3784.0,3784.0
76595.0,4.439999999999998,32,3262.0,3262.0
76600.0,5.110000000000003,29,2944.0,2944.0
76605.0,5.110000000000003,22,2911.0,2911.0
76610.0,1.1999999999999993,23,3021.0,3021.0
76615.0,-1.1000000000000014,24,3073.0,3073.0
76620.0,-0.3299999999999983,27,3040.0,3040.0
76625.0,-0.4299999999999997,31,3118.0,3118.0
76630.0,-1.0100000000000016,35,3233.0,3233.0
76635.0,-1.7499999999999964,35,3408.0,3408.0
76640.0,-1.8000000000000043,39,3592.0,3592.0
76645.0,-1.8000000000000043,31,3184.0,3184.0
76650.0,5.100000000000001,26,2486.0,2486.0
76655.0,5.329999999999998,18,2419.0,2419.0
76660.0,0.41000000000000014,18,2505.0,2505.0
76665.0,-0.9199999999999982,23,2606.0,2606.0
76670.0,-0.9199999999999982,21,2099.0,2099.0
76675.0,4.620000000000001,25,1688.0,1688.0
76680.0,4.109999999999999,21,1551.0,1551.0
76685.0,0.9399999999999995,26,1667.0,1667.0
76690.0,-1.2799999999999994,33,1817.0,1817.0
76695.0,-1.6300000000000026,37,1949.0,1949.0
76700.0,-1.7699999999999996,41,2103.0,2103.0
76705.0,-2.09,42,2313.0,2313.0
76710.0,-2.09,39,2198.0,2198.0
76715.0,0.3500000000000014,31,2105.0,2105.0
76720.0,1.009999999999998,29,2063.0,2063.0
76725.0,1.1000000000000014,32,2149.0,2149.0
76730.0,-2.25,36,2321.0,2321.0
76735.0,-1.8999999999999986,43,2525.0,2525.0
76740.0,-1.8999999999999986,40,2644.0,2644.0
76745.0,-2.0400000000000027,44,2860.0,2860.0
76750.0,-2.16,46,3090.0,3090.0
76755.0,-2.299999999999997,42,2952.0,2952.0
76760.0,4.109999999999999,35,2460.0,2460.0
76765.0,4.559999999999999,26,1898.0,1898.0
76770.0,3.5599999999999987,14,1881.0,1881.0
76775.0,1.0800000000000018,10,1696.0,1696.0
76780.0,1.0199999999999996,19,1676.0,1676.0
76785.0,1.0199999999999996,28,1793.0,1793.0
76790.0,-1.6600000000000001,36,1965.0,1965.0
76795.0,-1.7800000000000011,35,1878.0,1878.0
76800.0,2.6400000000000006,26,1574.0,1574.0
76805.0,2.8400000000000016,21,1406.0,1406.0
76810.0,2.8400000000000016,16,1497.0,1497.0
76815.0,-0.4400000000000013,25,1602.0,1602.0
76820.0,-1.049999999999999,34,1752.0,1752.0
76825.0,-1.5,42,1946.0,1946.0
76830.0,-1.9400000000000013,37,1923.0,1923.0
76835.0,1.6700000000000017,31,1680.0,1680.0
76840.0,2.17,23,1564.0,1564.0
76845.0,-1.0299999999999994,27,1692.0,1692.0
76850.0,-1.4700000000000024,33,1845.0,1845.0
76855.0,-1.8399999999999999,44,2040.0,2040.0
76860.0,-1.8399999999999999,38,1919.0,1919.0
76865.0,0.40000000000000213,30,1812.0,1812.0
76870.0,1.1499999999999986,29,1894.0,1894.0
76875.0,-1.4699999999999989,34,2056.0,2056.0
76880.0,-1.8000000000000007,42,2250.0,2250.0
76885.0,-2.1700000000000017,48,2479.0,2479.0
76890.0,-2.3999999999999986,49,2723.0,2723.0
76895.0,-2.3999999999999986,43,2495.0,2495.0
76900.0,1.3000000000000007,34,2310.0,2310.0
76905.0,1.8499999999999979,31,2471.0,2471.0
76910.0,-2.259999999999998,35,2639.0,2639.0
76915.0,-1.7699999999999996,43,2838.0,2838.0
76920.0,-2.1400000000000006,50,3072.0,3072.0
76925.0,-2.5100000000000016,53,3123.0,3123.0
76930.0,0.5500000000000007,45,3073.0,3073.0
76935.0,1.1999999999999993,38,2963.0,2963.0
76940.0,1.1999999999999993,35,3137.0,3137.0
76945.0,-1.7099999999999973,42,3338.0,3338.0
76950.0,-2.080000000000002,50,3571.0,3571.0
76955.0,-2.4099999999999966,56,3843.0,3843.0
76960.0,-2.770000000000003,60,4136.0,4136.0
76965.0,-2.960000000000001,64,4448.0,4448.0
76970.0,-3.1599999999999966,64,4768.0,4768.0
76975.0,-3.200000000000003,67,5096.0,5096.0
76980.0,-3.3200000000000003,68,5436.0,5436.0
76985.0,-3.4099999999999966,71,5786.0,5786.0
76990.0,-3.530000000000001,72,6146.0,6146.0
76995.0,-3.6000000000000014,74,6512.0,6512.0
77000.0,-3.6799999999999997,75,6886.0,6886.0
77005.0,-3.75,73,6741.0,6741.0
77010.0,3.9000000000000057,70,6471.0,6471.0
77015.0,-0.15000000000000568,72,6730.0,6730.0
77020.0,-0.15000000000000568,62,6302.0,6302.0
77025.0,2.8399999999999963,55,5901.0,5901.0
77030.0,4.010000000000005,44,5684.0,5684.0
77035.0,4.169999999999995,38,5331.0,5331.0
77040.0,3.530000000000001,34,4746.0,4746.0
77045.0,5.359999999999999,33,4404.0,4404.0
77050.0,3.030000000000001,32,4135.0,4135.0
77055.0,2.3900000000000006,37,3905.0,3905.0
77060.0,1.740000000000002,37,3893.0,3893.0
77065.0,-1.6899999999999977,42,4090.0,4090.0
77070.0,-2.260000000000005,50,4324.0,4324.0
77075.0,-2.260000000000005,44,4399.0,4399.0
77080.0,-1.6899999999999977,47,4593.0,4593.0
77085.0,-1.9699999999999989,48,4832.0,4832.0
77090.0,-2.3999999999999986,46,4629.0,4629.0
77095.0,5.43,37,4013.0,4013.0
77100.0,6.089999999999996,29,3787.0,3787.0
77105.0,6.089999999999996,28,3932.0,3932.0
77110.0,-2.039999999999999,30,4071.0,4071.0
77115.0,-1.3900000000000006,31,3846.0,3846.0
77120.0,5.32,29,3101.0,3101.0
77125.0,5.300000000000001,29,2785.0,2785.0
77130.0,1.1999999999999993,27,2916.0,2916.0
77135.0,-1.5,33,3072.0,3072.0
77140.0,-1.7899999999999991,42,3260.0,3260.0
77145.0,-1.7899999999999991,41,3024.0,3024.0
77150.0,1.5500000000000007,36,2849.0,2849.0
77155.0,1.7899999999999991,29,2740.0,2740.0
77160.0,2.1999999999999993,26,2423.0,2423.0
77165.0,5.0,21,1899.0,1899.0
77170.0,4.870000000000001,22,1572.0,1572.0
77175.0,4.870000000000001,22,1677.0,1677.0
77180.0,0.0,28,1809.0,1809.0
77185.0,-1.3200000000000003,32,1806.0,1806.0
77190.0,-0.48999999999999844,39,1971.0,1971.0
77195.0,-1.9700000000000024,44,2185.0,2185.0
77200.0,-3.0599999999999987,44,2405.0,2405.0
77205.0,-2.3000000000000007,48,2639.0,2639.0
77210.0,-2.3000000000000007,48,2879.0,2879.0
77215.0,-3.3900000000000006,56,3148.0,3148.0
77220.0,-2.7399999999999984,53,3220.0,3220.0
77225.0,0.18999999999999773,44,3105.0,3105.0
77230.0,1.0500000000000007,39,3029.0,3029.0
77235.0,1.6600000000000001,35,2886.0,2886.0
77240.0,0.6600000000000001,37,2922.0,2922.0
77245.0,0.6600000000000001,32,2392.0,2392.0
77250.0,4.559999999999999,34,2000.0,2000.0
77255.0,3.9200000000000017,23,2061.0,2061.0
77260.0,-0.21999999999999886,22,2069.0,2069.0
77265.0,-0.7600000000000016,27,1902.0,1902.0
77270.0,3.219999999999999,24,1800.0,1800.0
77275.0,3.610000000000001,26,1344.0,1344.0
77280.0,3.610000000000001,20,1456.0,1456.0
77285.0,-0.6199999999999992,26,1571.0,1571.0
77290.0,-1.2100000000000009,33,1722.0,1722.0
77295.0,-1.5799999999999983,41,1906.0,1906.0
77300.0,-1.9200000000000017,40,1918.0,1918.0
77305.0,0.9499999999999993,34,1755.0,1755.0
77310.0,1.6500000000000021,25,1666.0,1666.0
77315.0,1.6500000000000021,29,1796.0,1796.0
77320.0,-1.0800000000000018,37,1960.0,1960.0
77325.0,-1.6400000000000006,40,1955.0,1955.0
77330.0,1.1700000000000017,33,1778.0,1778.0
77335.0,1.620000000000001,27,1690.0,1690.0
77340.0,-1.2300000000000004,32,1836.0,1836.0
77345.0,-1.6600000000000001,37,2007.0,2007.0
77350.0,-1.6600000000000001,38,1964.0,1964.0
77355.0,0.4299999999999997,31,1822.0,1822.0
77360.0,0.7399999999999984,31,1706.0,1706.0
77365.0,1.2800000000000011,36,1797.0,1797.0
77370.0,-1.879999999999999,42,1997.0,1997.0
77375.0,-1.879999999999999,37,1738.0,1738.0
77380.0,1.75,30,1543.0,1543.0
77385.0,1.9499999999999993,24,1521.0,1521.0
77390.0,-0.2599999999999998,30,1654.0,1654.0
77395.0,-1.5099999999999998,38,1754.0,1754.0
77400.0,-1.1000000000000014,40,1862.0,1862.0
77405.0,-1.8099999999999987,44,2055.0,2055.0
77410.0,-1.8099999999999987,39,1937.0,1937.0
77415.0,0.370000000000001,29,1851.0,1851.0
77420.0,0.9299999999999997,25,1748.0,1748.0
77425.0,1.4800000000000004,27,1694.0,1694.0
77430.0,0.3999999999999986,27,1554.0,1554.0
77435.0,2.789999999999999,23,1251.0,1251.0
77440.0,2.880000000000001,19,1164.0,1164.0
77445.0,2.880000000000001,19,1253.0,1253.0
77450.0,-1.2699999999999996,25,1361.0,1361.0
77455.0,-1.08,28,1444.0,1444.0
77460.0,-0.9299999999999997,36,1556.0,1556.0
77465.0,-1.7600000000000016,37,1741.0,1741.0
77470.0,-2.6799999999999997,43,1941.0,1941.0
77475.0,-2.1499999999999986,43,2156.0,2156.0
77480.0,-2.1499999999999986,45,2353.0,2353.0
77485.0,-2.8500000000000014,45,2578.0,2578.0
77490.0,-2.25,43,2522.0,2522.0
77495.0,2.370000000000001,35,2218.0,2218.0
77500.0,2.8599999999999994,30,2066.0,2066.0
77505.0,2.8599999999999994,31,2219.0,2219.0
77510.0,-1.1900000000000013,39,2390.0,2390.0
77515.0,-1.7099999999999973,41,2560.0,2560.0
77520.0,-2.280000000000001,49,2761.0,2761.0
77525.0,-2.4299999999999997,50,3011.0,3011.0
77530.0,-3.5799999999999983,54,3273.0,3273.0
77535.0,-2.700000000000003,56,3545.0,3545.0
77540.0,-2.700000000000003,54,3353.0,3353.0
77545.0,0.8400000000000034,44,3181.0,3181.0
77550.0,1.8200000000000003,36,3261.0,3261.0
77555.0,-1.1600000000000037,37,3412.0,3412.0
77560.0,-1.9099999999999966,42,3614.0,3614.0
77565.0,-1.9099999999999966,41,3437.0,3437.0
77570.0,0.9299999999999997,39,3326.0,3326.0
77575.0,1.1099999999999994,38,3514.0,3514.0
77580.0,-2.6300000000000026,42,3713.0,3713.0
77585.0,-2.1199999999999974,48,3795.0,3795.0
77590.0,-0.5200000000000031,44,3853.0,3853.0
77595.0,-0.240000000000002,39,3891.0,3891.0
77600.0,-0.3999999999999986,38,3955.0,3955.0
77605.0,-0.3999999999999986,34,3753.0,3753.0
77610.0,4.910000000000004,35,2882.0,2882.0
77615.0,5.109999999999999,31,2442.0,2442.0
77620.0,7.199999999999999,20,2265.0,2265.0
77625.0,-1.0100000000000016,23,2340.0,2340.0
77630.0,-1.1899999999999977,28,2469.0,2469.0
77635.0,-1.1899999999999977,26,2047.0,2047.0
77640.0,3.6799999999999997,24,1704.0,1704.0
77645.0,3.4299999999999997,22,1706.0,1706.0
77650.0,-0.5,27,1833.0,1833.0
77655.0,-1.370000000000001,34,1990.0,1990.0
77660.0,-1.75,39,1955.0,1955.0
77665.0,1.8300000000000018,33,1916.0,1916.0
77670.0,2.1799999999999997,24,1614.0,1614.0
77675.0,2.1799999999999997,30,1745.0,1745.0
77680.0,-1.110000000000003,37,1916.0,1916.0
77685.0,-1.7799999999999976,44,2121.0,2121.0
77690.0,-2.1099999999999994,46,2348.0,2348.0
77695.0,-2.2900000000000027,44,2405.0,2405.0
77700.0,-1.1099999999999994,46,2597.0,2597.0
77705.0,-2.3299999999999983,48,2834.0,2834.0
77710.0,-2.3299999999999983,50,3076.0,3076.0
77715.0,-3.3800000000000026,52,3334.0,3334.0
77720.0,-2.580000000000002,46,3358.0,3358.0
77725.0,0.8400000000000034,40,3195.0,3195.0
77730.0,0.9299999999999997,35,3156.0,3156.0
77735.0,-1.4799999999999969,41,3346.0,3346.0
77740.0,-2.1700000000000017,46,3568.0,3568.0
77745.0,-2.4399999999999977,51,3817.0,3817.0
77750.0,-2.6200000000000045,55,4083.0,4083.0
77755.0,-2.789999999999999,56,4363.0,4363.0
77760.0,-2.789999999999999,50,3979.0,3979.0
77765.0,2.799999999999997,40,3578.0,3578.0
77770.0,4.1100000000000065,34,3604.0,3604.0
77775.0,-0.8700000000000045,30,3765.0,3765.0
77780.0,-1.519999999999996,35,3922.0,3922.0
77785.0,-1.8400000000000034,42,4122.0,4122.0
77790.0,-1.8400000000000034,40,3935.0,3935.0
77795.0,1.0399999999999991,39,3796.0,3796.0
77800.0,1.3900000000000006,33,3624.0,3624.0
77805.0,4.480000000000004,30,2959.0,2959.0
77810.0,6.189999999999998,25,2637.0,2637.0
77815.0,-0.10000000000000142,26,2765.0,2765.0
77820.0,-1.4100000000000001,33,2913.0,2913.0
77825.0,-1.8000000000000007,40,3100.0,3100.0
77830.0,-2.1700000000000017,49,3326.0,3326.0
77835.0,-2.5799999999999983,53,3588.0,3588.0
77840.0,-2.5799999999999983,52,3662.0,3662.0
77845.0,-1.6599999999999966,54,3914.0,3914.0
77850.0,-2.6799999999999997,51,3846.0,3846.0
77855.0,2.9099999999999966,43,3472.0,3472.0
77860.0,3.5600000000000023,39,3401.0,3401.0
77865.0,3.5600000000000023,35,3581.0,3581.0
77870.0,-2.5900000000000034,40,3770.0,3770.0
77875.0,-1.8900000000000006,42,3698.0,3698.0
77880.0,2.5500000000000043,38,3387.0,3387.0
77885.0,3.7699999999999996,36,3249.0,3249.0
77890.0,-2.580000000000002,38,3434.0,3434.0
77895.0,-2.030000000000001,45,3644.0,3644.0
77900.0,-2.509999999999998,57,3907.0,3907.0
77905.0,-2.509999999999998,57,4173.0,4173.0
77910.0,-3.770000000000003,62,4466.0,4466.0
77915.0,-3.009999999999998,58,4400.0,4400.0
77920.0,3.0700000000000003,52,3998.0,3998.0
77925.0,3.950000000000003,44,3618.0,3618.0
77930.0,3.950000000000003,29,3340.0,3340.0
77935.0,4.859999999999999,23,3134.0,3134.0
77940.0,2.0599999999999987,23,2849.0,2849.0
77945.0,2.8500000000000014,26,2969.0,2969.0
77950.0,-1.7900000000000027,40,3137.0,3137.0
77955.0,-1.9399999999999977,46,3311.0,3311.0
77960.0,-2.3400000000000034,51,3507.0,3507.0
77965.0,-2.6199999999999974,54,3772.0,3772.0
77970.0,-2.6199999999999974,53,3827.0,3827.0
77975.0,-0.990000000000002,46,3837.0,3837.0
77980.0,-0.0799999999999983,39,3965.0,3965.0
77985.0,-2.539999999999999,45,4167.0,4167.0
77990.0,-2.289999999999999,52,4411.0,4411.0
77995.0,-2.289999999999999,50,3892.0,3892.0
78000.0,4.159999999999997,40,3420.0,3420.0
78005.0,4.719999999999999,34,3294.0,3294.0
78010.0,2.010000000000005,21,3173.0,3173.0
78015.0,1.0399999999999991,19,3096.0,3096.0
78020.0,-0.4299999999999997,28,3186.0,3186.0
78025.0,-1.6900000000000048,41,3368.0,3368.0
78030.0,-1.6900000000000048,39,3210.0,3210.0
78035.0,4.180000000000003,34,2435.0,2435.0
78040.0,4.41,30,2591.0,2591.0
78045.0,-2.1499999999999986,32,2748.0,2748.0
78050.0,-1.7000000000000028,38,2928.0,2928.0
78055.0,-1.9800000000000004,47,3143.0,3143.0
78060.0,-1.9800000000000004,49,3160.0,3160.0
78065.0,-1.0899999999999999,52,3414.0,3414.0
78070.0,-2.539999999999999,54,3679.0,3679.0
78075.0,-2.6499999999999986,51,3606.0,3606.0
78080.0,2.8399999999999963,47,3251.0,3251.0
78085.0,3.230000000000004,40,3080.0,3080.0
78090.0,-1.6099999999999994,40,3273.0,3273.0
78095.0,-2.1099999999999994,47,3491.0,3491.0
78100.0,-2.490000000000002,53,3746.0,3746.0
78105.0,-2.490000000000002,57,3941.0,3941.0
78110.0,-2.799999999999997,59,4209.0,4209.0
78115.0,-2.960000000000001,59,4243.0,4243.0
78120.0,1.1899999999999977,51,4003.0,4003.0
78125.0,3.509999999999998,44,3772.0,3772.0
78130.0,3.509999999999998,41,3982.0,3982.0
78135.0,-1.8299999999999983,41,4183.0,4183.0
78140.0,-2.009999999999998,42,4067.0,4067.0
78145.0,3.4200000000000017,39,3677.0,3677.0
78150.0,3.5,41,3612.0,3612.0
78155.0,-2.780000000000001,41,3810.0,3810.0
78160.0,-2.1600000000000037,47,4032.0,4032.0
78165.0,-2.1600000000000037,46,3716.0,3716.0
78170.0,2.230000000000004,44,3443.0,3443.0
78175.0,2.759999999999998,42,3533.0,3533.0
78180.0,-1.730000000000004,40,3739.0,3739.0
78185.0,-2.0899999999999963,49,3964.0,3964.0
78190.0,-2.509999999999998,57,4232.0,4232.0
78195.0,-2.509999999999998,59,4336.0,4336.0
78200.0,-2.1700000000000017,65,4652.0,4652.0
78205.0,-3.1600000000000037,61,4690.0,4690.0
78210.0,1.0300000000000011,52,4258.0,4258.0
78215.0,2.8999999999999986,45,4123.0,4123.0
78220.0,2.0700000000000003,40,4104.0,4104.0
78225.0,-2.239999999999995,46,4322.0,4322.0
78230.0,-2.3999999999999986,52,4568.0,4568.0
78235.0,-2.3999999999999986,52,4055.0,4055.0
78240.0,4.099999999999994,46,3634.0,3634.0
78245.0,4.260000000000005,36,3652.0,3652.0
78250.0,-0.2700000000000031,36,3780.0,3780.0
78255.0,-1.7999999999999972,40,3966.0,3966.0
78260.0,-1.7999999999999972,39,3786.0,3786.0
78265.0,1.009999999999998,37,3660.0,3660.0
78270.0,1.259999999999998,33,3487.0,3487.0
78275.0,1.730000000000004,33,3611.0,3611.0
78280.0,-1.9200000000000017,37,3788.0,3788.0
78285.0,-1.8999999999999986,47,4004.0,4004.0
78290.0,-2.3100000000000023,50,3875.0,3875.0
78295.0,3.8299999999999983,47,3576.0,3576.0
78300.0,4.600000000000001,38,3132.0,3132.0
78305.0,4.600000000000001,30,3263.0,3263.0
78310.0,-0.259999999999998,31,3404.0,3404.0
78315.0,-1.5500000000000043,36,3260.0,3260.0
78320.0,3.770000000000003,31,2846.0,2846.0
78325.0,5.09,34,2619.0,2619.0
78330.0,5.09,28,2379.0,2379.0
78335.0,1.7300000000000004,24,2191.0,2191.0
78340.0,1.879999999999999,26,2219.0,2219.0
78345.0,-0.8399999999999999,37,2376.0,2376.0
78350.0,-1.7899999999999991,43,2580.0,2580.0
78355.0,-2.1700000000000017,48,2754.0,2754.0
78360.0,-2.25,50,2946.0,2946.0
78365.0,-2.5500000000000007,52,3203.0,3203.0
78370.0,-2.5500000000000007,46,2832.0,2832.0
78375.0,2.740000000000002,38,2511.0,2511.0
78380.0,3.289999999999999,34,2560.0,2560.0
78385.0,-1.1499999999999986,36,2733.0,2733.0
78390.0,-1.8200000000000003,43,2928.0,2928.0
78395.0,-1.8200000000000003,50,3165.0,3165.0
78400.0,-3.1999999999999993,58,3435.0,3435.0
78405.0,-2.700000000000003,59,3724.0,3724.0
78410.0,-4.019999999999996,60,4015.0,4015.0
78415.0,-2.990000000000002,60,4065.0,4065.0
78420.0,0.769999999999996,52,3921.0,3921.0
78425.0,1.8000000000000043,43,3835.0,3835.0
78430.0,1.8000000000000043,34,3553.0,3553.0
78435.0,4.380000000000003,32,3021.0,3021.0
78440.0,3.8799999999999955,30,3039.0,3039.0
78445.0,-0.7199999999999989,30,3186.0,3186.0
78450.0,-1.5200000000000031,35,3344.0,3344.0
78455.0,-1.5200000000000031,32,2983.0,2983.0
78460.0,2.940000000000005,30,2686.0,2686.0
78465.0,2.969999999999999,30,2733.0,2733.0
78470.0,-1.0800000000000018,34,2891.0,2891.0
78475.0,-1.7099999999999973,44,3089.0,3089.0
78480.0,-2.16,50,3329.0,3329.0
78485.0,-2.5400000000000027,53,3569.0,3569.0
78490.0,-3.539999999999999,56,3845.0,3845.0
78495.0,-2.8200000000000003,58,4129.0,4129.0
78500.0,-2.8200000000000003,52,3906.0,3906.0
78505.0,1.1499999999999986,44,3694.0,3694.0
78510.0,2.190000000000005,39,3807.0,3807.0
78515.0,-1.8300000000000054,40,4000.0,4000.0
78520.0,-2.1099999999999994,47,4225.0,4225.0
78525.0,-2.1099999999999994,44,4052.0,4052.0
78530.0,0.7899999999999991,39,3943.0,3943.0
78535.0,1.0900000000000034,40,4063.0,4063.0
78540.0,-2.020000000000003,45,4276.0,4276.0
78545.0,-2.259999999999998,52,4155.0,4155.0
78550.0,3.8400000000000034,45,3864.0,3864.0
78555.0,4.659999999999997,38,3413.0,3413.0
78560.0,4.659999999999997,37,3594.0,3594.0
78565.0,-1.0899999999999963,34,3765.0,3765.0
78570.0,-1.6900000000000048,37,3621.0,3621.0
78575.0,3.770000000000003,33,3201.0,3201.0
78580.0,3.919999999999998,37,3101.0,3101.0
78585.0,3.919999999999998,33,3264.0,3264.0
78590.0,-2.34,40,3449.0,3449.0
78595.0,-1.8500000000000014,42,3374.0,3374.0
78600.0,2.5500000000000007,41,3082.0,3082.0
78605.0,2.5700000000000003,30,2595.0,2595.0
78610.0,4.580000000000002,26,2505.0,2505.0
78615.0,2.6999999999999993,26,2137.0,2137.0
78620.0,2.6999999999999993,26,2265.0,2265.0
78625.0,-0.8000000000000007,32,2408.0,2408.0
78630.0,-1.5199999999999996,39,2588.0,2588.0
78635.0,-1.879999999999999,48,2808.0,2808.0
78640.0,-2.280000000000001,53,3063.0,3063.0
78645.0,-2.6000000000000014,56,3335.0,3335.0
78650.0,-2.739999999999995,58,3620.0,3620.0
78655.0,-2.8700000000000045,54,3681.0,3681.0
78660.0,-0.8999999999999986,58,3884.0,3884.0
78665.0,-2.8999999999999986,58,4174.0,4174.0
78670.0,-2.8999999999999986,52,3942.0,3942.0
78675.0,1.1599999999999966,43,3718.0,3718.0
78680.0,2.240000000000002,38,3412.0,3412.0
78685.0,3.0600000000000023,32,3479.0,3479.0
78690.0,-1.3400000000000034,39,3656.0,3656.0
78695.0,-1.9399999999999977,44,3678.0,3678.0
78700.0,0.6599999999999966,40,3714.0,3714.0
78705.0,0.9699999999999989,39,3498.0,3498.0
78710.0,1.3200000000000003,35,3480.0,3480.0
78715.0,1.3200000000000003,32,2887.0,2887.0
78720.0,5.260000000000002,28,2379.0,2379.0
78725.0,5.130000000000003,27,2415.0,2415.0
78730.0,0.03999999999999915,18,2373.0,2373.0
78735.0,0.2699999999999996,20,2413.0,2413.0
78740.0,0.2699999999999996,21,1917.0,1917.0
78745.0,4.579999999999998,24,1575.0,1575.0
78750.0,3.4200000000000017,18,1522.0,1522.0
78755.0,0.6199999999999992,23,1577.0,1577.0
78760.0,-1.1500000000000004,32,1719.0,1719.0
78765.0,-1.5799999999999983,38,1657.0,1657.0
78770.0,2.01,33,1618.0,1618.0
78775.0,2.24,25,1308.0,1308.0
78780.0,2.24,25,1432.0,1432.0
78785.0,-0.9700000000000006,33,1577.0,1577.0
78790.0,-1.5200000000000014,34,1547.0,1547.0
78795.0,0.14000000000000057,42,1679.0,1679.0
78800.0,-2.1799999999999997,46,1906.0,1906.0
78805.0,-2.3599999999999994,50,2150.0,2150.0
78810.0,-2.5,50,2400.0,2400.0
78815.0,-2.5100000000000016,54,2659.0,2659.0
78820.0,-2.5100000000000016,44,2535.0,2535.0
78825.0,0.16000000000000014,38,2400.0,2400.0
78830.0,1.3500000000000014,31,2417.0,2417.0
78835.0,-0.8599999999999994,41,2606.0,2606.0
78840.0,-2.09,49,2839.0,2839.0
78845.0,-2.460000000000001,53,2999.0,2999.0
78850.0,-1.7100000000000009,52,3148.0,3148.0
78855.0,-1.9700000000000024,53,3362.0,3362.0
78860.0,-1.9700000000000024,56,3636.0,3636.0
78865.0,-3.8299999999999983,57,3917.0,3917.0
78870.0,-2.8200000000000003,60,3891.0,3891.0
78875.0,2.0800000000000054,51,3596.0,3596.0
78880.0,2.729999999999997,45,3584.0,3584.0
78885.0,2.729999999999997,38,3729.0,3729.0
78890.0,-2.3599999999999994,43,3930.0,3930.0
78895.0,-2.009999999999998,44,3880.0,3880.0
78900.0,2.1999999999999957,41,3596.0,3596.0
78905.0,2.480000000000004,43,3206.0,3206.0
78910.0,3.3399999999999963,39,2978.0,2978.0
78915.0,1.870000000000001,38,2943.0,2943.0
78920.0,0.19000000000000128,38,2656.0,2656.0
78925.0,4.140000000000001,32,2540.0,2540.0
78930.0,3.729999999999997,31,2044.0,2044.0
78935.0,4.530000000000001,25,1592.0,1592.0
78940.0,4.530000000000001,16,1545.0,1545.0
78945.0,1.17,25,1658.0,1658.0
78950.0,-1.1899999999999995,29,1685.0,1685.0
78955.0,0.10000000000000142,25,1651.0,1651.0
78960.0,0.029999999999997584,29,1704.0,1704.0
78965.0,0.029999999999997584,22,1359.0,1359.0
78970.0,3.120000000000001,20,1077.0,1077.0
78975.0,2.8200000000000003,15,1077.0,1077.0
78980.0,-0.33000000000000007,23,1173.0,1173.0
78985.0,-1.1300000000000008,28,1146.0,1146.0
78990.0,-0.2400000000000002,32,1279.0,1279.0
78995.0,-1.75,38,1460.0,1460.0
79000.0,-1.75,38,1650.0,1650.0
79005.0,-2.6599999999999984,42,1849.0,1849.0
79010.0,-2.030000000000001,38,1834.0,1834.0
79015.0,1.3399999999999999,34,1655.0,1655.0
79020.0,1.6600000000000001,27,1583.0,1583.0
79025.0,1.6600000000000001,25,1672.0,1672.0
79030.0,-0.8099999999999987,33,1818.0,1818.0
79035.0,-1.4600000000000009,39,2002.0,2002.0
79040.0,-1.8399999999999999,43,2213.0,2213.0
79045.0,-2.1099999999999994,47,2442.0,2442.0
79050.0,-3.25,53,2690.0,2690.0
79055.0,-2.580000000000002,53,2942.0,2942.0
79060.0,-3.379999999999999,53,3187.0,3187.0
79065.0,-2.6900000000000013,55,3458.0,3458.0
79070.0,-2.6900000000000013,48,3290.0,3290.0
79075.0,0.6600000000000037,40,3156.0,3156.0
79080.0,1.4099999999999966,36,3272.0,3272.0
79085.0,-1.8900000000000006,41,3466.0,3466.0
79090.0,-2.1299999999999955,50,3695.0,3695.0
79095.0,-2.5400000000000063,55,3961.0,3961.0
79100.0,-2.5400000000000063,48,3602.0,3602.0
79105.0,2.5,41,3143.0,3143.0
79110.0,4.590000000000003,37,3331.0,3331.0
79115.0,-2.5799999999999983,34,3506.0,3506.0
79120.0,-1.7600000000000051,39,3417.0,3417.0
79125.0,2.5500000000000043,41,3244.0,3244.0
79130.0,3.6099999999999994,38,2898.0,2898.0
79135.0,3.6099999999999994,29,3025.0,3025.0
79140.0,-0.8399999999999999,37,3184.0,3184.0
79145.0,-1.7699999999999996,44,3386.0,3386.0
79150.0,-2.0900000000000034,51,3626.0,3626.0
79155.0,-2.479999999999997,56,3896.0,3896.0
79160.0,-2.730000000000004,58,4182.0,4182.0
79165.0,-2.8799999999999955,60,4474.0,4474.0
79170.0,-4.149999999999999,62,4778.0,4778.0
79175.0,-3.1000000000000014,64,5093.0,5093.0
79180.0,-3.1000000000000014,54,4712.0,4712.0
79185.0,2.530000000000001,47,4358.0,4358.0
79190.0,3.539999999999999,38,4154.0,4154.0
79195.0,4.030000000000001,32,3808.0,3808.0
79200.0,3.1799999999999997,28,3600.0,3600.0
79205.0,-0.7600000000000051,31,3744.0,3744.0
79210.0,-1.6899999999999977,42,3924.0,3924.0
79215.0,-1.6899999999999977,48,4073.0,4073.0
79220.0,-2.3999999999999986,57,4339.0,4339.0
79225.0,-2.759999999999998,58,4387.0,4387.0
79230.0,0.6999999999999957,55,4234.0,4234.0
79235.0,1.259999999999998,48,4213.0,4213.0
79240.0,1.259999999999998,39,4385.0,4385.0
79245.0,-1.8299999999999983,45,4596.0,4596.0
79250.0,-2.1099999999999994,45,4664.0,4664.0
79255.0,-0.01999999999999602,43,4584.0,4584.0
79260.0,0.6099999999999994,39,4450.0,4450.0
79265.0,0.8900000000000006,38,4143.0,4143.0
79270.0,5.479999999999997,37,3937.0,3937.0
79275.0,5.630000000000003,35,3178.0,3178.0
79280.0,5.630000000000003,26,3180.0,3180.0
79285.0,1.3099999999999952,15,3181.0,3181.0
79290.0,0.08000000000000185,17,2879.0,2879.0
79295.0,6.039999999999999,20,2313.0,2313.0
79300.0,6.420000000000002,22,1838.0,1838.0
79305.0,6.420000000000002,16,1790.0,1790.0
79310.0,1.620000000000001,23,1874.0,1874.0
79315.0,-0.8399999999999999,25,1943.0,1943.0
79320.0,-0.5899999999999999,25,1954.0,1954.0
79325.0,-0.28000000000000114,25,1982.0,1982.0
79330.0,-0.629999999999999,27,2103.0,2103.0
79335.0,-1.9100000000000001,30,2245.0,2245.0
79340.0,-1.5500000000000007,33,2403.0,2403.0
79345.0,-1.6900000000000013,35,2574.0,2574.0
79350.0,-1.7899999999999991,36,2754.0,2754.0
79355.0,-1.7899999999999991,34,2715.0,2715.0
79360.0,-0.3200000000000003,36,2894.0,2894.0
79365.0,-1.8000000000000007,40,3082.0,3082.0
79370.0,-2.7200000000000024,40,3282.0,3282.0
79375.0,-2.019999999999996,43,3490.0,3490.0
79380.0,-2.019999999999996,34,2901.0,2901.0
79385.0,5.029999999999998,27,2368.0,2368.0
79390.0,5.330000000000002,16,2198.0,2198.0
79395.0,2.3900000000000006,9,2080.0,2080.0
79400.0,0.8999999999999986,13,1999.0,1999.0
79405.0,0.1999999999999993,22,2079.0,2079.0
79410.0,-1.639999999999997,31,2214.0,2214.0
79415.0,-1.6600000000000001,35,2384.0,2384.0
79420.0,-1.6600000000000001,29,1876.0,1876.0
79425.0,4.459999999999997,21,1418.0,1418.0
79430.0,4.65,16,1387.0,1387.0
79435.0,0.0,17,1473.0,1473.0
79440.0,-0.9399999999999995,24,1578.0,1578.0
79445.0,-1.25,30,1715.0,1715.0
79450.0,-1.25,28,1712.0,1712.0
79455.0,-0.5500000000000007,29,1768.0,1768.0
79460.0,-0.5599999999999987,34,1918.0,1918.0
79465.0,-2.1999999999999993,35,2093.0,2093.0
79470.0,-1.7699999999999996,37,2276.0,2276.0
79475.0,-1.8900000000000006,39,2471.0,2471.0
79480.0,-1.9600000000000009,43,2677.0,2677.0
79485.0,-2.1499999999999986,43,2745.0,2745.0
79490.0,-1.3100000000000023,43,2939.0,2939.0
79495.0,-2.1799999999999997,45,3159.0,3159.0
79500.0,-2.1799999999999997,47,3391.0,3391.0
79505.0,-3.240000000000002,48,3627.0,3627.0
79510.0,-2.3799999999999955,51,3880.0,3880.0
79515.0,-2.5500000000000043,51,4135.0,4135.0
79520.0,-2.559999999999995,50,4012.0,4012.0
79525.0,3.9399999999999977,40,3529.0,3529.0
79530.0,4.740000000000002,34,3388.0,3388.0
79535.0,4.740000000000002,19,3211.0,3211.0
79540.0,1.0799999999999983,12,3049.0,3049.0
79545.0,1.620000000000001,17,2891.0,2891.0
79550.0,1.5799999999999983,26,2971.0,2971.0
79555.0,-1.3900000000000006,41,3144.0,3144.0
79560.0,-1.9899999999999984,42,2997.0,2997.0
79565.0,4.16,34,2847.0,2847.0
79570.0,4.390000000000001,26,2400.0,2400.0
79575.0,4.390000000000001,16,2407.0,2407.0
79580.0,-0.120000000000001,15,2361.0,2361.0
79585.0,0.08999999999999986,19,2379.0,2379.0
79590.0,-0.05999999999999872,27,2435.0,2435.0
79595.0,-1.490000000000002,36,2602.0,2602.0
79600.0,-1.490000000000002,37,2783.0,2783.0
79605.0,-2.509999999999998,40,2981.0,2981.0
79610.0,-1.9800000000000004,35,2831.0,2831.0
79615.0,4.059999999999999,29,2205.0,2205.0
79620.0,4.579999999999998,21,2045.0,2045.0
79625.0,-0.13999999999999702,24,2155.0,2155.0
79630.0,-1.1799999999999997,26,2275.0,2275.0
79635.0,-1.1799999999999997,32,2405.0,2405.0
79640.0,-1.8900000000000006,40,2586.0,2586.0
79645.0,-1.8900000000000006,45,2805.0,2805.0
79650.0,-2.2300000000000004,48,3037.0,3037.0
79655.0,-2.3500000000000014,45,2937.0,2937.0
79660.0,3.4299999999999997,39,2522.0,2522.0
79665.0,3.770000000000003,35,2313.0,2313.0
79670.0,3.770000000000003,21,2098.0,2098.0
79675.0,2.669999999999998,15,1903.0,1903.0
79680.0,1.9499999999999993,19,1688.0,1688.0
79685.0,2.150000000000002,23,1745.0,1745.0
79690.0,-0.6799999999999997,34,1854.0,1854.0
79695.0,-1.7000000000000028,39,2041.0,2041.0
79700.0,-2.8099999999999987,43,2250.0,2250.0
79705.0,-2.1900000000000013,45,2471.0,2471.0
79710.0,-2.1900000000000013,46,2684.0,2684.0
79715.0,-3.049999999999997,48,2923.0,2923.0
79720.0,-2.400000000000002,49,3164.0,3164.0
79725.0,-3.460000000000001,52,3421.0,3421.0
79730.0,-2.6000000000000014,53,3682.0,3682.0
79735.0,-2.6000000000000014,50,3256.0,3256.0
79740.0,3.210000000000001,41,2923.0,2923.0
79745.0,3.330000000000002,30,2834.0,2834.0
79750.0,0.5100000000000016,30,2962.0,2962.0
79755.0,-1.5,36,3126.0,3126.0
79760.0,-1.8000000000000043,42,3324.0,3324.0
79765.0,-3.1399999999999935,52,3568.0,3568.0
79770.0,-2.720000000000006,59,3847.0,3847.0
79775.0,-2.720000000000006,54,3597.0,3597.0
79780.0,1.3900000000000006,46,3377.0,3377.0
79785.0,2.270000000000003,37,3447.0,3447.0
79790.0,-1.0500000000000043,38,3600.0,3600.0
79795.0,-1.9199999999999946,43,3805.0,3805.0
79800.0,-1.9199999999999946,42,3454.0,3454.0
79805.0,2.6499999999999986,44,3184.0,3184.0
79810.0,2.6999999999999993,38,3260.0,3260.0
79815.0,-1.370000000000001,34,3424.0,3424.0
79820.0,-1.759999999999998,42,3618.0,3618.0
79825.0,-2.1000000000000014,47,3603.0,3603.0
79830.0,1.5,44,3601.0,3601.0
79835.0,2.729999999999997,39,3218.0,3218.0
79840.0,2.729999999999997,37,3401.0,3401.0
79845.0,-1.5399999999999991,43,3602.0,3602.0
79850.0,-2.0899999999999963,46,3504.0,3504.0
79855.0,3.210000000000001,43,3126.0,3126.0
79860.0,3.4999999999999964,40,3056.0,3056.0
79865.0,3.4999999999999964,34,3188.0,3188.0
79870.0,-2.1199999999999974,37,3365.0,3365.0
79875.0,-1.7699999999999996,41,3334.0,3334.0
79880.0,1.5300000000000011,40,3043.0,3043.0
79885.0,2.519999999999996,37,3058.0,3058.0
79890.0,-2.2099999999999973,38,3219.0,3219.0
79895.0,-2.0000000000000036,44,3425.0,3425.0
79900.0,-2.0000000000000036,49,3659.0,3659.0
79905.0,-3.289999999999999,57,3934.0,3934.0
79910.0,-2.8200000000000003,56,4034.0,4034.0
79915.0,-0.37999999999999545,53,3993.0,3993.0
79920.0,0.20999999999999375,45,3983.0,3983.0
79925.0,0.9500000000000028,41,3913.0,3913.0
79930.0,-0.5499999999999972,41,3999.0,3999.0
79935.0,-0.5499999999999972,33,3397.0,3397.0
79940.0,5.719999999999999,31,2875.0,2875.0
79945.0,5.219999999999999,24,2156.0,2156.0
79950.0,7.190000000000001,22,1561.0,1561.0
79955.0,5.949999999999999,17,1572.0,1572.0
79960.0,0.379999999999999,23,1567.0,1567.0
79965.0,-0.75,27,1574.0,1574.0
79970.0,0.07000000000000028,25,1616.0,1616.0
79975.0,0.41000000000000014,20,1541.0,1541.0
79980.0,0.41000000000000014,24,1653.0,1653.0
79985.0,-1.3000000000000007,33,1803.0,1803.0
79990.0,-1.5700000000000003,36,1963.0,1963.0
79995.0,-2.34,36,2143.0,2143.0
80000.0,-1.8000000000000007,38,2326.0,2326.0
80005.0,-1.8000000000000007,30,1925.0,1925.0
80010.0,3.2600000000000016,23,1573.0,1573.0
80015.0,3.5199999999999996,13,1444.0,1444.0
80020.0,2.120000000000001,13,1311.0,1311.0
80025.0,1.2699999999999996,18,1196.0,1196.0
80030.0,0.3100000000000005,23,1246.0,1246.0
80035.0,-1.1600000000000001,27,1346.0,1346.0
80040.0,-1.42,29,1490.0,1490.0
80045.0,-1.42,23,1565.0,1565.0
80050.0,-1.17,25,1655.0,1655.0
80055.0,-1.0000000000000018,27,1781.0,1781.0
80060.0,-1.8699999999999974,29,1923.0,1923.0
80065.0,-1.5100000000000016,31,2078.0,2078.0
80070.0,-1.5100000000000016,31,2206.0,2206.0
80075.0,-1.8999999999999986,35,2374.0,2374.0
80080.0,-1.6799999999999997,29,2212.0,2212.0
80085.0,4.16,22,1736.0,1736.0
80090.0,4.499999999999998,15,1416.0,1416.0
80095.0,0.40000000000000036,15,1483.0,1483.0
80100.0,-0.8300000000000001,19,1570.0,1570.0
80105.0,-0.8300000000000001,20,1515.0,1515.0
80110.0,0.16000000000000014,23,1519.0,1519.0
80115.0,-0.07000000000000028,26,1613.0,1613.0
80120.0,-0.9700000000000006,28,1747.0,1747.0
80125.0,-1.9199999999999982,29,1888.0,1888.0
80130.0,-1.4400000000000013,34,2041.0,2041.0
80135.0,-1.4400000000000013,26,1644.0,1644.0
80140.0,3.3099999999999987,19,1290.0,1290.0
80145.0,3.540000000000001,8,1130.0,1130.0
80150.0,1.6899999999999995,12,1153.0,1153.0
80155.0,-0.5899999999999999,19,1232.0,1232.0
80160.0,-0.9699999999999989,29,1355.0,1355.0
80165.0,-2.0500000000000007,36,1518.0,1518.0
80170.0,-1.9600000000000009,41,1719.0,1719.0
80175.0,-1.9600000000000009,39,1893.0,1893.0
80180.0,-2.549999999999997,42,2095.0,2095.0
80185.0,-2.0400000000000027,39,2039.0,2039.0
80190.0,2.3800000000000026,30,1737.0,1737.0
80195.0,2.75,26,1585.0,1585.0
80200.0,2.75,24,1705.0,1705.0
80205.0,-0.8100000000000023,30,1842.0,1842.0
80210.0,-1.370000000000001,32,1855.0,1855.0
80215.0,0.6900000000000013,30,1684.0,1684.0
80220.0,1.379999999999999,27,1662.0,1662.0
80225.0,-1.4299999999999997,33,1811.0,1811.0
80230.0,-1.7699999999999996,41,1996.0,1996.0
80235.0,-1.7699999999999996,37,1981.0,1981.0
80240.0,-0.629999999999999,34,2021.0,2021.0
80245.0,-0.379999999999999,32,1914.0,1914.0
80250.0,2.84,27,1611.0,1611.0
80255.0,2.8999999999999986,22,1335.0,1335.0
80260.0,2.8999999999999986,17,1336.0,1336.0
80265.0,1.4600000000000009,23,1438.0,1438.0
80270.0,-1.0200000000000014,30,1570.0,1570.0
80275.0,-1.3199999999999985,39,1749.0,1749.0
80280.0,-1.7899999999999991,38,1850.0,1850.0
80285.0,-0.8900000000000006,29,1859.0,1859.0
80290.0,-0.14000000000000057,33,1946.0,1946.0
80295.0,-2.34,38,2124.0,2124.0
80300.0,-1.9800000000000004,42,2326.0,2326.0
80305.0,-1.9800000000000004,36,2147.0,2147.0
80310.0,2.25,34,1858.0,1858.0
80315.0,2.8000000000000007,24,1876.0,1876.0
80320.0,-1.5300000000000011,25,1980.0,1980.0
80325.0,-1.3299999999999983,32,2127.0,2127.0
80330.0,-1.3299999999999983,31,2047.0,2047.0
80335.0,0.17999999999999972,30,2033.0,2033.0
80340.0,0.14000000000000057,29,1839.0,1839.0
80345.0,2.6999999999999993,36,1868.0,1868.0
80350.0,-1.8399999999999999,40,2056.0,2056.0
80355.0,-2.5600000000000023,40,2243.0,2243.0
80360.0,-2.009999999999998,42,2446.0,2446.0
80365.0,-2.009999999999998,36,2104.0,2104.0
80370.0,2.66,28,1780.0,1780.0
80375.0,3.3200000000000003,22,1505.0,1505.0
80380.0,4.509999999999998,17,1297.0,1297.0
80385.0,1.1900000000000013,13,1172.0,1172.0
80390.0,1.0299999999999994,18,1166.0,1166.0
80395.0,1.0299999999999994,28,1278.0,1278.0
80400.0,-1.4499999999999993,37,1445.0,1445.0
80405.0,-1.67,36,1581.0,1581.0
80410.0,-1.5899999999999999,38,1717.0,1717.0
80415.0,-1.9000000000000021,41,1916.0,1916.0
80420.0,-2.0599999999999987,42,2003.0,2003.0
80425.0,-0.46999999999999886,34,1990.0,1990.0
80430.0,0.03999999999999915,30,2017.0,2017.0
80435.0,0.03999999999999915,32,2135.0,2135.0
80440.0,-1.25,37,2309.0,2309.0
80445.0,-1.7899999999999991,40,2505.0,2505.0
80450.0,-2.8100000000000023,42,2712.0,2712.0
80455.0,-2.129999999999999,46,2932.0,2932.0
80460.0,-2.129999999999999,36,2527.0,2527.0
80465.0,3.1400000000000006,30,2158.0,2158.0
80470.0,3.6900000000000013,24,2180.0,2180.0
80475.0,-0.7200000000000024,25,2306.0,2306.0
80480.0,-1.3000000000000007,32,2452.0,2452.0
80485.0,-1.5700000000000003,39,2631.0,2631.0
80490.0,-1.9799999999999969,49,2857.0,2857.0
80495.0,-2.4200000000000017,51,2826.0,2826.0
80500.0,2.080000000000002,41,2790.0,2790.0
80505.0,2.729999999999997,37,2309.0,2309.0
80510.0,2.729999999999997,30,2470.0,2470.0
80515.0,-0.23999999999999844,35,2630.0,2630.0
80520.0,-1.6600000000000001,38,2600.0,2600.0
80525.0,1.6000000000000014,38,2395.0,2395.0
80530.0,1.6699999999999982,36,2254.0,2254.0
80535.0,2.66,32,2021.0,2021.0
80540.0,0.5599999999999987,33,2003.0,2003.0
80545.0,0.22000000000000242,34,2063.0,2063.0
80550.0,0.22000000000000242,38,2119.0,2119.0
80555.0,-1.240000000000002,41,2320.0,2320.0
80560.0,-2.009999999999998,41,2460.0,2460.0
80565.0,-1.5300000000000011,41,2591.0,2591.0
80570.0,-1.9699999999999989,41,2479.0,2479.0
80575.0,3.349999999999998,33,2220.0,2220.0
80580.0,3.8200000000000003,25,1850.0,1850.0
80585.0,3.8200000000000003,20,1961.0,1961.0
80590.0,-0.29999999999999716,23,2073.0,2073.0
80595.0,-1.1500000000000021,30,2212.0,2212.0
80600.0,-1.4899999999999984,35,2262.0,2262.0
80605.0,0.0,31,2207.0,2207.0
80610.0,0.4399999999999977,31,2183.0,2183.0
80615.0,0.3500000000000014,31,2200.0,2200.0
80620.0,-1.1400000000000006,31,2343.0,2343.0
80625.0,-1.1400000000000006,24,1899.0,1899.0
80630.0,3.830000000000002,17,1515.0,1515.0
80635.0,3.839999999999998,14,1484.0,1484.0
80640.0,0.07000000000000028,13,1544.0,1544.0
80645.0,-0.6699999999999999,19,1604.0,1604.0
80650.0,-1.1600000000000001,26,1717.0,1717.0
80655.0,-1.5,34,1875.0,1875.0
80660.0,-1.5,37,2051.0,2051.0
80665.0,-2.4800000000000004,39,2245.0,2245.0
80670.0,-1.9499999999999993,38,2165.0,2165.0
80675.0,2.7699999999999996,29,1820.0,1820.0
80680.0,3.3500000000000014,23,1719.0,1719.0
80685.0,3.3500000000000014,20,1827.0,1827.0
80690.0,-1.5500000000000007,26,1937.0,1937.0
80695.0,-1.1000000000000014,27,1945.0,1945.0
80700.0,0.5700000000000003,25,1818.0,1818.0
80705.0,0.5399999999999991,33,1814.0,1814.0
80710.0,-0.2799999999999976,34,1944.0,1944.0
80715.0,-2.120000000000001,36,2102.0,2102.0
80720.0,-1.8500000000000014,39,2290.0,2290.0
80725.0,-1.8500000000000014,33,1904.0,1904.0
80730.0,3.16,25,1573.0,1573.0
80735.0,3.3900000000000006,17,1501.0,1501.0
80740.0,0.46000000000000085,19,1586.0,1586.0
80745.0,-0.9899999999999984,27,1701.0,1701.0
80750.0,-1.4000000000000021,33,1853.0,1853.0
80755.0,-1.4000000000000021,37,1982.0,1982.0
80760.0,-1.9299999999999997,43,2188.0,2188.0
80765.0,-2.0599999999999987,38,2141.0,2141.0
80770.0,2.1099999999999994,30,1854.0,1854.0
80775.0,2.599999999999998,28,1800.0,1800.0
80780.0,-1.9899999999999984,30,1946.0,1946.0
80785.0,-1.5899999999999999,35,2110.0,2110.0
80790.0,-1.9200000000000017,44,2311.0,2311.0
80795.0,-1.9200000000000017,47,2489.0,2489.0
80800.0,-2.5299999999999976,49,2713.0,2713.0
80805.0,-2.4299999999999997,48,2727.0,2727.0
80810.0,1.2699999999999996,39,2510.0,2510.0
80815.0,1.9100000000000001,36,2433.0,2433.0
80820.0,1.9100000000000001,32,2580.0,2580.0
80825.0,-1.3500000000000014,37,2756.0,2756.0
80830.0,-1.759999999999998,41,2716.0,2716.0
80835.0,1.9199999999999982,36,2455.0,2455.0
80840.0,3.469999999999999,32,2056.0,2056.0
80845.0,2.5400000000000027,26,1838.0,1838.0
80850.0,1.759999999999998,30,1826.0,1826.0
80855.0,-1.5899999999999999,34,1980.0,1980.0
80860.0,-1.8399999999999999,41,2171.0,2171.0
80865.0,-1.8399999999999999,38,2005.0,2005.0
80870.0,2.080000000000002,29,1641.0,1641.0
80875.0,2.539999999999999,25,1683.0,1683.0
80880.0,-0.879999999999999,24,1803.0,1803.0
80885.0,-1.3100000000000023,33,1952.0,1952.0
80890.0,-1.3100000000000023,29,1734.0,1734.0
80895.0,1.5300000000000011,28,1573.0,1573.0
80900.0,1.6099999999999994,24,1633.0,1633.0
80905.0,-1.129999999999999,32,1780.0,1780.0
80910.0,-1.629999999999999,38,1961.0,1961.0
80915.0,-1.9300000000000033,45,2038.0,2038.0
80920.0,-1.7999999999999972,46,2268.0,2268.0
80925.0,-2.41,51,2514.0,2514.0
80930.0,-2.41,49,2739.0,2739.0
80935.0,-3.2600000000000016,51,2993.0,2993.0
80940.0,-2.5599999999999987,49,2988.0,2988.0
80945.0,1.5799999999999983,41,2749.0,2749.0
80950.0,2.3000000000000007,34,2727.0,2727.0
80955.0,2.3000000000000007,32,2891.0,2891.0
80960.0,-2.34,38,3064.0,3064.0
80965.0,-1.7300000000000004,38,3053.0,3053.0
80970.0,1.2800000000000011,34,2772.0,2772.0
80975.0,2.5599999999999987,33,2578.0,2578.0
80980.0,1.5399999999999991,30,2477.0,2477.0
80985.0,0.5500000000000007,30,2247.0,2247.0
80990.0,3.8599999999999994,25,1984.0,1984.0
80995.0,3.710000000000001,27,1517.0,1517.0
81000.0,3.710000000000001,17,1529.0,1529.0
81005.0,1.700000000000001,15,1551.0,1551.0
81010.0,-0.23000000000000043,18,1416.0,1416.0
81015.0,2.92,19,1223.0,1223.0
81020.0,2.6400000000000006,17,958.0,958.0
81025.0,2.6400000000000006,14,918.0,918.0
81030.0,0.9299999999999997,22,1007.0,1007.0
81035.0,-0.8900000000000006,22,942.0,942.0
81040.0,1.8399999999999999,19,747.0,747.0
81045.0,1.54,15,675.0,675.0
81050.0,-0.7599999999999998,22,767.0,767.0
81055.0,-1.2000000000000002,29,894.0,894.0
81060.0,-1.2000000000000002,32,910.0,910.0
81065.0,-0.7799999999999994,37,1084.0,1084.0
81070.0,-1.7800000000000011,36,1256.0,1256.0
81075.0,-2.3599999999999994,37,1431.0,1431.0
81080.0,-1.8599999999999994,39,1621.0,1621.0
81085.0,-1.8599999999999994,31,1491.0,1491.0
81090.0,0.5199999999999996,23,1345.0,1345.0
81095.0,1.4600000000000009,23,1392.0,1392.0
81100.0,-0.9700000000000006,30,1525.0,1525.0
81105.0,-1.4499999999999993,37,1692.0,1692.0
81110.0,-1.820000000000002,40,1888.0,1888.0
81115.0,-2.009999999999998,40,1943.0,1943.0
81120.0,0.09999999999999787,34,1994.0,1994.0
81125.0,0.5200000000000031,26,1934.0,1934.0
81130.0,0.5200000000000031,24,1701.0,1701.0
81135.0,2.789999999999999,22,1347.0,1347.0
81140.0,2.59,20,1287.0,1287.0
81145.0,0.27999999999999936,24,1388.0,1388.0
81150.0,-1.2400000000000002,29,1522.0,1522.0
81155.0,-1.2400000000000002,26,1317.0,1317.0
81160.0,1.4900000000000002,24,1146.0,1146.0
81165.0,1.709999999999999,25,1264.0,1264.0
81170.0,-1.6799999999999997,32,1402.0,1402.0
81175.0,-1.5700000000000003,36,1504.0,1504.0
81180.0,-1.8399999999999999,41,1696.0,1696.0
81185.0,-2.09,42,1906.0,1906.0
81190.0,-2.129999999999999,45,2122.0,2122.0
81195.0,-2.129999999999999,38,2034.0,2034.0
81200.0,0.9600000000000009,32,1795.0,1795.0
81205.0,1.5599999999999987,27,1939.0,1939.0
81210.0,-2.0,31,2087.0,2087.0
81215.0,-1.6499999999999986,40,2268.0,2268.0
81220.0,-2.0500000000000007,46,2486.0,2486.0
81225.0,-2.0500000000000007,50,2695.0,2695.0
81230.0,-3.0,50,2945.0,2945.0
81235.0,-2.5,47,2987.0,2987.0
81240.0,0.5599999999999987,38,2836.0,2836.0
81245.0,1.4499999999999993,35,2569.0,2569.0
81250.0,2.200000000000003,34,2493.0,2493.0
81255.0,0.31999999999999673,34,2564.0,2564.0
81260.0,-2.169999999999998,41,2750.0,2750.0
81265.0,-2.1499999999999986,45,2969.0,2969.0
81270.0,-2.1499999999999986,41,2563.0,2563.0
81275.0,3.2099999999999973,33,2207.0,2207.0
81280.0,3.6300000000000026,27,2184.0,2184.0
81285.0,0.46999999999999886,26,2236.0,2236.0
81290.0,-1.2199999999999989,30,2374.0,2374.0
81295.0,-1.2199999999999989,27,2025.0,2025.0
81300.0,2.8999999999999986,27,1658.0,1658.0
81305.0,3.6700000000000017,25,1780.0,1780.0
81310.0,-1.7800000000000011,29,1920.0,1920.0
81315.0,-1.4699999999999989,37,2089.0,2089.0
81320.0,-1.870000000000001,43,2297.0,2297.0
81325.0,-2.1700000000000017,48,2528.0,2528.0
81330.0,-2.3999999999999986,49,2676.0,2676.0
81335.0,-2.469999999999999,52,2926.0,2926.0
81340.0,-2.6000000000000014,52,3186.0,3186.0
81345.0,-2.6000000000000014,55,3454.0,3454.0
81350.0,-3.7600000000000016,58,3736.0,3736.0
81355.0,-2.8399999999999963,57,3790.0,3790.0
81360.0,0.759999999999998,48,3600.0,3600.0
81365.0,1.8500000000000014,42,3432.0,3432.0
81370.0,1.8500000000000014,38,3629.0,3629.0
81375.0,-0.9600000000000009,43,3830.0,3830.0
81380.0,-2.009999999999998,51,4069.0,4069.0
81385.0,-2.3900000000000006,59,4344.0,4344.0
81390.0,-2.75,63,4649.0,4649.0
81395.0,-3.0500000000000043,63,4874.0,4874.0
81400.0,-3.509999999999998,63,5189.0,5189.0
81405.0,-3.1499999999999986,64,5249.0,5249.0
81410.0,0.6799999999999997,54,5301.0,5301.0
81415.0,1.6400000000000006,48,5039.0,5039.0
81420.0,1.6400000000000006,42,5262.0,5262.0
81425.0,-2.210000000000001,48,5486.0,5486.0
81430.0,-2.3200000000000003,53,5551.0,5551.0
81435.0,0.0799999999999983,49,5472.0,5472.0
81440.0,0.490000000000002,44,5452.0,5452.0
81445.0,0.490000000000002,33,4745.0,4745.0
81450.0,7.339999999999996,29,3890.0,3890.0
81455.0,8.550000000000004,27,4030.0,4030.0
81460.0,-1.9699999999999989,29,4177.0,4177.0
81465.0,-1.5399999999999991,35,3965.0,3965.0
81470.0,4.949999999999996,33,3450.0,3450.0
81475.0,6.449999999999999,30,2992.0,2992.0
81480.0,6.449999999999999,31,3141.0,3141.0
81485.0,-0.6999999999999993,35,3307.0,3307.0
81490.0,-1.7199999999999989,42,3503.0,3503.0
81495.0,-2.039999999999999,50,3738.0,3738.0
81500.0,-2.4299999999999997,57,4012.0,4012.0
81505.0,-2.789999999999999,54,3963.0,3963.0
81510.0,2.6699999999999946,46,3601.0,3601.0
81515.0,3.510000000000005,40,3533.0,3533.0
81520.0,3.510000000000005,42,3735.0,3735.0
81525.0,-2.8400000000000034,49,3968.0,3968.0
81530.0,-2.3299999999999983,57,4238.0,4238.0
81535.0,-2.700000000000003,60,4536.0,4536.0
81540.0,-2.979999999999997,64,4854.0,4854.0
81545.0,-3.1799999999999997,59,4866.0,4866.0
81550.0,1.519999999999996,51,4591.0,4591.0
81555.0,2.75,41,4295.0,4295.0
81560.0,1.0400000000000063,37,4360.0,4360.0
81565.0,-1.8200000000000003,40,4545.0,4545.0
81570.0,-1.8200000000000003,43,4241.0,4241.0
81575.0,4.049999999999997,42,3668.0,3668.0
81580.0,3.9099999999999966,36,3723.0,3723.0
81585.0,-1.019999999999996,39,3889.0,3889.0
81590.0,-2.030000000000001,45,4104.0,4104.0
81595.0,-2.030000000000001,44,3729.0,3729.0
81600.0,2.8500000000000014,42,3408.0,3408.0
81605.0,3.210000000000001,32,3025.0,3025.0
81610.0,5.079999999999998,24,2807.0,2807.0
81615.0,2.129999999999999,18,2333.0,2333.0
81620.0,5.48,16,2030.0,2030.0
81625.0,4.780000000000001,18,1586.0,1586.0
81630.0,4.780000000000001,20,1614.0,1614.0
81635.0,0.4800000000000004,29,1718.0,1718.0
81640.0,-1.3599999999999994,39,1891.0,1891.0
81645.0,-1.8300000000000018,46,2107.0,2107.0
81650.0,-2.2300000000000004,45,2250.0,2250.0
81655.0,-2.1799999999999997,47,2467.0,2467.0
81660.0,-2.3900000000000006,49,2710.0,2710.0
81665.0,-2.3900000000000006,41,2463.0,2463.0
81670.0,1.490000000000002,35,2266.0,2266.0
81675.0,1.9699999999999989,29,2042.0,2042.0
81680.0,2.2399999999999984,32,2017.0,2017.0
81685.0,0.25,29,1909.0,1909.0
81690.0,3.020000000000003,26,1572.0,1572.0
81695.0,2.959999999999999,21,1356.0,1356.0
81700.0,0.33999999999999986,19,1404.0,1404.0
81705.0,-1.0700000000000003,25,1517.0,1517.0
81710.0,-1.4700000000000006,35,1674.0,1674.0
81715.0,-1.9100000000000001,41,1871.0,1871.0
81720.0,-2.120000000000001,45,2087.0,2087.0
81725.0,-2.120000000000001,38,1971.0,1971.0
81730.0,1.370000000000001,32,1671.0,1671.0
81735.0,2.039999999999999,23,1725.0,1725.0
81740.0,-1.0399999999999991,31,1865.0,1865.0
81745.0,-1.5799999999999983,37,2036.0,2036.0
81750.0,-1.9100000000000001,46,2243.0,2243.0
81755.0,-1.9100000000000001,39,2079.0,2079.0
81760.0,0.75,30,1929.0,1929.0
81765.0,1.5,28,2007.0,2007.0
81770.0,-1.3800000000000026,33,2163.0,2163.0
81775.0,-1.6499999999999986,41,2347.0,2347.0
81780.0,-2.0199999999999996,48,2575.0,2575.0
81785.0,-2.3900000000000006,51,2826.0,2826.0
81790.0,-2.5700000000000003,53,2936.0,2936.0
81795.0,-1.9299999999999997,51,3174.0,3174.0
81800.0,-2.66,55,3444.0,3444.0
81805.0,-2.66,55,3719.0,3719.0
81810.0,-3.8500000000000014,57,4001.0,4001.0
81815.0,-2.8500000000000014,59,4294.0,4294.0
81820.0,-2.9399999999999977,62,4596.0,4596.0
81825.0,-3.0600000000000023,60,4652.0,4652.0
81830.0,0.6900000000000048,52,4477.0,4477.0
81835.0,1.7100000000000009,46,4436.0,4436.0
81840.0,1.7100000000000009,42,4641.0,4641.0
81845.0,-2.219999999999999,46,4860.0,4860.0
81850.0,-2.190000000000005,52,5107.0,5107.0
81855.0,-2.469999999999999,60,5389.0,5389.0
81860.0,-2.8200000000000003,65,5709.0,5709.0
81865.0,-3.200000000000003,62,5811.0,5811.0
81870.0,-0.1599999999999966,55,5700.0,5700.0
81875.0,0.9799999999999969,47,5772.0,5772.0
81880.0,-3.3299999999999983,48,6008.0,6008.0
81885.0,-2.479999999999997,52,6260.0,6260.0
81890.0,-2.479999999999997,58,6471.0,6471.0
81895.0,-3.230000000000004,66,6785.0,6785.0
81900.0,-3.2099999999999937,69,7125.0,7125.0
81905.0,-3.4200000000000017,66,7440.0,7440.0
81910.0,-4.240000000000009,68,7753.0,7753.0
81915.0,-3.3899999999999864,68,8093.0,8093.0
81920.0,-3.3899999999999864,59,7398.0,7398.0
81925.0,5.589999999999989,51,6743.0,6743.0
81930.0,6.549999999999997,49,6791.0,6791.0
81935.0,-1.4699999999999989,49,7035.0,7035.0
81940.0,-2.4199999999999875,52,7260.0,7260.0
81945.0,-3.1200000000000045,55,7499.0,7499.0
81950.0,-2.8700000000000045,63,7794.0,7794.0
81955.0,-2.8700000000000045,59,7491.0,7491.0
81960.0,1.8299999999999983,50,7227.0,7227.0
81965.0,3.7700000000000102,43,7206.0,7206.0
81970.0,-1.6300000000000097,40,7415.0,7415.0
81975.0,-2.030000000000001,45,7625.0,7625.0
81980.0,-2.030000000000001,43,6830.0,6830.0
81985.0,7.070000000000007,40,6087.0,6087.0
81990.0,7.43,36,5770.0,5770.0
81995.0,5.079999999999998,24,5422.0,5422.0
82000.0,3.3100000000000023,24,5317.0,5317.0
82005.0,-1.8100000000000023,33,5462.0,5462.0
82010.0,-1.8599999999999994,43,5658.0,5658.0
82015.0,-1.8599999999999994,51,5849.0,5849.0
82020.0,-2.8800000000000026,58,6126.0,6126.0
82025.0,-2.799999999999997,56,6164.0,6164.0
82030.0,0.9799999999999969,48,5954.0,5954.0
82035.0,2.1099999999999994,44,5769.0,5769.0
82040.0,3.190000000000005,40,5487.0,5487.0
82045.0,1.1899999999999977,40,5515.0,5515.0
82050.0,1.1899999999999977,35,4608.0,4608.0
82055.0,8.280000000000001,35,3754.0,3754.0
82060.0,8.54,29,3776.0,3776.0
82065.0,0.07000000000000028,16,3741.0,3741.0
82070.0,0.259999999999998,18,3678.0,3678.0
82075.0,0.14000000000000057,30,3733.0,3733.0
82080.0,-1.6899999999999977,42,3918.0,3918.0
82085.0,-1.6899999999999977,38,3099.0,3099.0
82090.0,7.409999999999997,31,2344.0,2344.0
82095.0,7.620000000000001,21,2423.0,2423.0
82100.0,-1.1600000000000001,22,2535.0,2535.0
82105.0,-1.2199999999999989,28,2667.0,2667.0
82110.0,-1.490000000000002,40,2836.0,2836.0
82115.0,-1.490000000000002,38,2129.0,2129.0
82120.0,6.310000000000002,34,1842.0,1842.0
82125.0,2.8699999999999974,26,1963.0,1963.0
82130.0,-1.5,31,2080.0,2080.0
82135.0,-1.5199999999999996,37,2249.0,2249.0
82140.0,-2.66,44,2454.0,2454.0
82145.0,-2.419999999999998,52,2704.0,2704.0
82150.0,-2.419999999999998,49,2607.0,2607.0
82155.0,1.1400000000000006,40,2320.0,2320.0
82160.0,1.8000000000000007,31,2214.0,2214.0
82165.0,2.599999999999998,23,1960.0,1960.0
82170.0,2.4400000000000013,25,1816.0,1816.0
82175.0,2.4400000000000013,23,1808.0,1808.0
82180.0,0.46000000000000085,33,1954.0,1954.0
82185.0,-1.4600000000000009,36,1947.0,1947.0
82190.0,1.0700000000000003,33,1797.0,1797.0
82195.0,1.2099999999999973,26,1694.0,1694.0
82200.0,-0.7899999999999991,31,1836.0,1836.0
82205.0,-1.620000000000001,37,2004.0,2004.0
82210.0,-2.0299999999999976,45,2215.0,2215.0
82215.0,-2.0299999999999976,42,2203.0,2203.0
82220.0,-0.7300000000000004,37,2250.0,2250.0
82225.0,-0.4299999999999997,36,2352.0,2352.0
82230.0,-0.7100000000000009,37,2469.0,2469.0
82235.0,-1.4899999999999984,37,2637.0,2637.0
82240.0,-2.4700000000000024,39,2831.0,2831.0
82245.0,-2.0,43,3038.0,3038.0
82250.0,-2.0,39,3114.0,3114.0
82255.0,-1.6099999999999994,42,3318.0,3318.0
82260.0,-2.039999999999999,37,3177.0,3177.0
82265.0,3.919999999999998,29,2713.0,2713.0
82270.0,4.350000000000001,22,2299.0,2299.0
82275.0,1.1900000000000013,17,2389.0,2389.0
82280.0,-0.8500000000000014,20,2477.0,2477.0
82285.0,-0.8500000000000014,19,2447.0,2447.0
82290.0,0.28000000000000114,28,2431.0,2431.0
82295.0,-0.3100000000000023,34,2565.0,2565.0
82300.0,-2.1499999999999986,39,2753.0,2753.0
82305.0,-1.9899999999999984,41,2956.0,2956.0
82310.0,-2.110000000000003,43,3171.0,3171.0
82315.0,-2.110000000000003,35,2728.0,2728.0
82320.0,3.5700000000000003,28,2174.0,2174.0
82325.0,5.540000000000003,20,2082.0,2082.0
82330.0,1.25,18,2095.0,2095.0
82335.0,-0.7900000000000027,23,1924.0,1924.0
82340.0,3.740000000000002,22,1776.0,1776.0
82345.0,3.6799999999999997,19,1206.0,1206.0
82350.0,4.43,15,958.0,958.0
82355.0,4.43,17,1038.0,1038.0
82360.0,-1.1600000000000001,29,1158.0,1158.0
82365.0,-1.290000000000001,38,1328.0,1328.0
82370.0,-1.7799999999999994,37,1502.0,1502.0
82375.0,-2.2799999999999994,39,1671.0,1671.0
82380.0,-1.950000000000001,41,1871.0,1871.0
82385.0,-1.950000000000001,32,1695.0,1695.0
82390.0,0.9400000000000013,25,1527.0,1527.0
82395.0,1.6799999999999997,23,1355.0,1355.0
82400.0,1.7199999999999989,28,1310.0,1310.0
82405.0,0.45000000000000107,22,1167.0,1167.0
82410.0,3.0600000000000005,19,897.0,897.0
82415.0,2.249999999999999,11,718.0,718.0
82420.0,0.6200000000000001,13,730.0,730.0
82425.0,-0.7999999999999998,20,817.0,817.0
82430.0,-1.1700000000000008,29,943.0,943.0
82435.0,-1.1700000000000008,31,1094.0,1094.0
82440.0,-2.1099999999999994,35,1258.0,1258.0
82445.0,-1.6799999999999997,34,1419.0,1419.0
82450.0,-2.3200000000000003,38,1601.0,1601.0
82455.0,-1.8999999999999986,38,1791.0,1791.0
82460.0,-1.8999999999999986,30,1724.0,1724.0
82465.0,-0.08999999999999986,25,1673.0,1673.0
82470.0,0.509999999999998,27,1762.0,1762.0
82475.0,-1.4899999999999984,34,1922.0,1922.0
82480.0,-1.7200000000000024,35,1859.0,1859.0
82485.0,2.2900000000000027,29,1686.0,1686.0
82490.0,2.929999999999998,23,1495.0,1495.0
82495.0,2.929999999999998,17,1589.0,1589.0
82500.0,-1.3499999999999996,24,1693.0,1693.0
82505.0,-1.129999999999999,35,1848.0,1848.0
82510.0,-1.6500000000000021,42,2042.0,2042.0
82515.0,-2.009999999999998,43,2111.0,2111.0
82520.0,-0.08999999999999986,36,2054.0,2054.0
82525.0,0.3299999999999983,31,2042.0,2042.0
82530.0,0.6400000000000006,31,2060.0,2060.0
82535.0,0.6400000000000006,38,2232.0,2232.0
82540.0,-2.34,43,2437.0,2437.0
82545.0,-2.0500000000000007,43,2581.0,2581.0
82550.0,-1.4699999999999989,42,2698.0,2698.0
82555.0,-1.8900000000000006,43,2584.0,2584.0
82560.0,3.370000000000001,33,2469.0,2469.0
82565.0,3.780000000000001,27,1964.0,1964.0
82570.0,3.780000000000001,23,2087.0,2087.0
82575.0,-0.5300000000000011,26,2210.0,2210.0
82580.0,-1.2699999999999996,31,2109.0,2109.0
82585.0,2.719999999999999,31,1810.0,1810.0
82590.0,3.4400000000000013,28,1595.0,1595.0
82595.0,3.4400000000000013,19,1413.0,1413.0
82600.0,2.089999999999998,15,1256.0,1256.0
82605.0,1.5700000000000003,20,1290.0,1290.0
82610.0,-0.28999999999999915,31,1371.0,1371.0
82615.0,-1.5199999999999996,36,1352.0,1352.0
82620.0,1.209999999999999,28,1344.0,1344.0
82625.0,1.8399999999999999,21,1028.0,1028.0
82630.0,1.8399999999999999,12,884.0,884.0
82635.0,3.0600000000000005,10,663.0,663.0
82640.0,1.5199999999999996,13,587.0,587.0
82645.0,1.1000000000000005,19,637.0,637.0
82650.0,-1.4000000000000004,26,754.0,754.0
82655.0,-1.3299999999999992,31,897.0,897.0
82660.0,-1.3299999999999992,30,1031.0,1031.0
82665.0,-1.9400000000000013,32,1183.0,1183.0
82670.0,-1.5199999999999996,34,1353.0,1353.0
82675.0,-1.6999999999999993,29,1419.0,1419.0
82680.0,-0.41000000000000014,24,1383.0,1383.0
82685.0,0.08000000000000007,28,1420.0,1420.0
82690.0,-0.8300000000000001,28,1325.0,1325.0
82695.0,2.5299999999999994,19,1145.0,1145.0
82700.0,2.5600000000000005,13,895.0,895.0
82705.0,2.5600000000000005,6,856.0,856.0
82710.0,0.9699999999999989,13,907.0,907.0
82715.0,-0.5800000000000001,20,991.0,991.0
82720.0,-0.9199999999999999,26,935.0,935.0
82725.0,1.8000000000000007,19,726.0,726.0
82730.0,2.51,12,539.0,539.0
82735.0,2.51,14,591.0,591.0
82740.0,-0.08999999999999986,22,682.0,682.0
82745.0,-0.9100000000000001,28,809.0,809.0
82750.0,-1.2699999999999996,31,959.0,959.0
82755.0,-1.5,32,1119.0,1119.0
82760.0,-1.5999999999999996,34,1287.0,1287.0
82765.0,-1.6799999999999997,36,1465.0,1465.0
82770.0,-1.7800000000000011,36,1552.0,1552.0
82775.0,-1.589999999999998,39,1737.0,1737.0
82780.0,-1.9200000000000017,40,1936.0,1936.0
82785.0,-2.8000000000000007,41,2137.0,2137.0
82790.0,-2.16,44,2356.0,2356.0
82795.0,-2.16,38,2196.0,2196.0
82800.0,0.7900000000000027,33,2067.0,2067.0
82805.0,1.3499999999999979,27,1974.0,1974.0
82810.0,1.9000000000000021,29,1890.0,1890.0
82815.0,-0.11000000000000298,25,1723.0,1723.0
82820.0,3.6400000000000006,22,1384.0,1384.0
82825.0,3.0700000000000003,15,1280.0,1280.0
82830.0,3.0700000000000003,13,1344.0,1344.0
82835.0,-0.9599999999999991,21,1433.0,1433.0
82840.0,-0.8900000000000006,25,1460.0,1460.0
82845.0,-0.8399999999999999,34,1615.0,1615.0
82850.0,-1.700000000000001,38,1797.0,1797.0
82855.0,-1.8599999999999994,36,1885.0,1885.0
82860.0,-0.6099999999999994,29,1890.0,1890.0
82865.0,-0.08999999999999986,32,1931.0,1931.0
82870.0,-0.08999999999999986,28,1581.0,1581.0
82875.0,3.34,24,1256.0,1256.0
82880.0,3.3100000000000005,15,1114.0,1114.0
82885.0,1.5099999999999998,16,1157.0,1157.0
82890.0,-0.8399999999999999,22,1253.0,1253.0
82895.0,-1.1600000000000001,30,1385.0,1385.0
82900.0,-1.5600000000000005,36,1554.0,1554.0
82905.0,-1.5600000000000005,38,1661.0,1661.0
82910.0,-1.7799999999999994,38,1851.0,1851.0
82915.0,-1.9000000000000021,40,2048.0,2048.0
82920.0,-2.789999999999999,43,2257.0,2257.0
82925.0,-2.1499999999999986,42,2205.0,2205.0
82930.0,2.3099999999999987,35,2031.0,2031.0
82935.0,3.5100000000000016,33,1796.0,1796.0
82940.0,3.5100000000000016,22,1622.0,1622.0
82945.0,1.1899999999999977,19,1467.0,1467.0
82950.0,1.5800000000000018,20,1425.0,1425.0
82955.0,-0.120000000000001,31,1557.0,1557.0
82960.0,-1.6499999999999986,39,1740.0,1740.0
82965.0,-1.6499999999999986,41,1826.0,1826.0
82970.0,-1.6300000000000026,41,2031.0,2031.0
82975.0,-2.049999999999997,39,2000.0,2000.0
82980.0,1.6999999999999993,29,1747.0,1747.0
82985.0,2.460000000000001,23,1609.0,1609.0
82990.0,-0.8500000000000014,24,1724.0,1724.0
82995.0,-1.4299999999999997,35,1878.0,1878.0
83000.0,-1.8200000000000003,40,2065.0,2065.0
83005.0,-1.8200000000000003,46,2285.0,2285.0
83010.0,-3.0700000000000003,50,2524.0,2524.0
83015.0,-2.419999999999998,48,2558.0,2558.0
83020.0,0.7999999999999972,39,2396.0,2396.0
83025.0,1.5,33,2267.0,2267.0
83030.0,2.2300000000000004,29,2179.0,2179.0
83035.0,2.2300000000000004,24,1831.0,1831.0
83040.0,2.900000000000002,22,1533.0,1533.0
83045.0,2.9799999999999986,20,1486.0,1486.0
83050.0,-0.02999999999999936,29,1617.0,1617.0
83055.0,-1.4000000000000021,36,1778.0,1778.0
83060.0,-1.7699999999999996,39,1937.0,1937.0
83065.0,-2.2099999999999973,45,2119.0,2119.0
83070.0,-2.25,45,2344.0,2344.0
83075.0,-2.34,49,2582.0,2582.0
83080.0,-2.34,51,2829.0,2829.0
83085.0,-3.4700000000000024,56,3098.0,3098.0
83090.0,-2.7399999999999984,56,3378.0,3378.0
83095.0,-2.8000000000000043,55,3432.0,3432.0
83100.0,0.5700000000000003,46,3281.0,3281.0
83105.0,2.200000000000003,39,3163.0,3163.0
83110.0,2.200000000000003,35,3260.0,3260.0
83115.0,-1.0300000000000011,40,3448.0,3448.0
83120.0,-1.8799999999999955,49,3675.0,3675.0
83125.0,-3.2900000000000063,55,3939.0,3939.0
83130.0,-2.759999999999998,56,3891.0,3891.0
83135.0,2.730000000000004,49,3670.0,3670.0
83140.0,4.799999999999997,41,3195.0,3195.0
83145.0,4.799999999999997,36,3383.0,3383.0
83150.0,-1.2000000000000028,36,3565.0,3565.0
83155.0,-1.8299999999999983,43,3762.0,3762.0
83160.0,-2.9200000000000017,49,3993.0,3993.0
83165.0,-2.539999999999999,58,4265.0,4265.0
83170.0,-2.539999999999999,51,4050.0,4050.0
83175.0,0.990000000000002,43,3845.0,3845.0
83180.0,2.049999999999997,41,4048.0,4048.0
83185.0,-2.8399999999999963,41,4250.0,4250.0
83190.0,-2.0799999999999983,50,4136.0,4136.0
83195.0,3.269999999999996,48,4058.0,4058.0
83200.0,3.6600000000000037,45,3689.0,3689.0
83205.0,3.6600000000000037,41,3840.0,3840.0
83210.0,-2.3599999999999994,41,4042.0,4042.0
83215.0,-2.0500000000000043,44,3992.0,3992.0
83220.0,2.1099999999999994,41,3730.0,3730.0
83225.0,2.25,47,3553.0,3553.0
83230.0,2.1200000000000045,42,3360.0,3360.0
83235.0,2.3299999999999983,38,3167.0,3167.0
83240.0,0.879999999999999,40,3196.0,3196.0
83245.0,0.879999999999999,34,2708.0,2708.0
83250.0,4.080000000000002,32,2273.0,2273.0
83255.0,4.349999999999998,28,1678.0,1678.0
83260.0,5.949999999999999,25,1733.0,1733.0
83265.0,-0.3299999999999983,25,1778.0,1778.0
83270.0,-1.1999999999999993,31,1808.0,1808.0
83275.0,0.16999999999999815,27,1841.0,1841.0
83280.0,0.5100000000000016,27,1726.0,1726.0
83285.0,0.5100000000000016,22,1372.0,1372.0
83290.0,3.6999999999999993,20,1086.0,1086.0
83295.0,2.869999999999999,17,958.0,958.0
83300.0,0.9600000000000009,22,1053.0,1053.0
83305.0,-1.2200000000000006,31,1192.0,1192.0
83310.0,-1.5899999999999999,37,1364.0,1364.0
83315.0,-1.5899999999999999,33,1205.0,1205.0
83320.0,0.8599999999999994,24,1094.0,1094.0
83325.0,1.1100000000000012,22,1143.0,1143.0
83330.0,-0.40000000000000036,27,1212.0,1212.0
83335.0,-1.4100000000000001,35,1375.0,1375.0
83340.0,-1.7200000000000006,37,1400.0,1400.0
83345.0,0.6699999999999999,29,1340.0,1340.0
83350.0,2.450000000000001,23,1158.0,1158.0
83355.0,2.450000000000001,23,1266.0,1266.0
83360.0,-1.5500000000000007,30,1397.0,1397.0
83365.0,-1.3699999999999992,37,1568.0,1568.0
83370.0,-2.620000000000001,43,1775.0,1775.0
83375.0,-2.1899999999999977,47,2002.0,2002.0
83380.0,-2.1899999999999977,37,1796.0,1796.0
83385.0,1.1199999999999974,32,1648.0,1648.0
83390.0,1.4800000000000004,22,1611.0,1611.0
83395.0,1.4900000000000002,20,1425.0,1425.0
83400.0,1.4600000000000009,18,1295.0,1295.0
83405.0,0.35999999999999943,26,1342.0,1342.0
83410.0,-1.4399999999999995,34,1495.0,1495.0
83415.0,-1.4399999999999995,32,1301.0,1301.0
83420.0,1.299999999999999,23,1129.0,1129.0
83425.0,1.790000000000001,16,1030.0,1030.0
83430.0,1.9399999999999995,11,882.0,882.0
83435.0,1.3800000000000008,13,766.0,766.0
83440.0,1.0699999999999994,23,759.0,759.0
83445.0,1.0699999999999994,23,860.0,860.0
83450.0,-1.4699999999999998,31,1006.0,1006.0
83455.0,-1.4600000000000009,29,1126.0,1126.0
83460.0,-1.8200000000000003,33,1287.0,1287.0
83465.0,-1.6499999999999986,33,1452.0,1452.0
83470.0,-2.42,37,1632.0,1632.0
83475.0,-1.8500000000000014,37,1817.0,1817.0
83480.0,-1.8500000000000014,40,2011.0,2011.0
83485.0,-2.710000000000001,41,2215.0,2215.0
83490.0,-2.0699999999999967,40,2175.0,2175.0
83495.0,2.0799999999999983,31,1901.0,1901.0
83500.0,2.5199999999999996,25,1771.0,1771.0
83505.0,2.5199999999999996,25,1887.0,1887.0
83510.0,-0.8900000000000006,32,2032.0,2032.0
83515.0,-1.4499999999999993,37,2205.0,2205.0
83520.0,-2.539999999999999,45,2418.0,2418.0
83525.0,-2.240000000000002,47,2649.0,2649.0
83530.0,-3.34,50,2894.0,2894.0
83535.0,-2.5,50,3144.0,3144.0
83540.0,-2.5,54,3408.0,3408.0
83545.0,-3.679999999999996,55,3679.0,3679.0
83550.0,-2.730000000000004,60,3969.0,3969.0
83555.0,-2.9499999999999957,59,4261.0,4261.0
83560.0,-4.0,60,4550.0,4550.0
83565.0,-3.0500000000000043,64,4862.0,4862.0
83570.0,-3.0500000000000043,54,4581.0,4581.0
83575.0,1.5399999999999991,50,4324.0,4324.0
83580.0,2.5700000000000003,43,4424.0,4424.0
83585.0,-1.8699999999999974,48,4653.0,4653.0
83590.0,-2.3900000000000006,51,4889.0,4889.0
83595.0,-3.6000000000000014,59,5169.0,5169.0
83600.0,-3.0700000000000003,63,5480.0,5480.0
83605.0,-3.0700000000000003,58,5093.0,5093.0
83610.0,2.6799999999999997,48,4716.0,4716.0
83615.0,5.43,42,4781.0,4781.0
83620.0,-2.989999999999995,39,4984.0,4984.0
83625.0,-1.9600000000000009,43,5186.0,5186.0
83630.0,-1.9600000000000009,41,4785.0,4785.0
83635.0,3.1599999999999966,40,4466.0,4466.0
83640.0,3.190000000000005,38,4559.0,4559.0
83645.0,-1.6800000000000068,40,4752.0,4752.0
83650.0,-2.029999999999994,45,4605.0,4605.0
83655.0,4.009999999999998,45,4318.0,4318.0
83660.0,4.109999999999999,47,4072.0,4072.0
83665.0,4.109999999999999,43,4271.0,4271.0
83670.0,-2.8900000000000006,43,4488.0,4488.0
83675.0,-2.200000000000003,47,4415.0,4415.0
83680.0,2.730000000000004,44,4081.0,4081.0
83685.0,4.159999999999997,43,3933.0,3933.0
83690.0,4.159999999999997,37,4007.0,4007.0
83695.0,-1.6199999999999974,45,4215.0,4215.0
83700.0,-2.0799999999999983,46,4208.0,4208.0
83705.0,1.3999999999999986,44,4007.0,4007.0
83710.0,1.6700000000000017,39,3750.0,3750.0
83715.0,1.8599999999999994,34,3449.0,3449.0
83720.0,5.030000000000001,30,3073.0,3073.0
83725.0,5.039999999999999,27,2573.0,2573.0
83730.0,5.039999999999999,28,2714.0,2714.0
83735.0,-0.26000000000000156,26,2849.0,2849.0
83740.0,-1.3599999999999994,30,2888.0,2888.0
83745.0,-0.08999999999999986,27,2869.0,2869.0
83750.0,-0.010000000000001563,30,2894.0,2894.0
83755.0,-0.14999999999999858,34,2969.0,2969.0
83760.0,-0.14999999999999858,38,3146.0,3146.0
83765.0,-2.4400000000000013,42,3350.0,3350.0
83770.0,-2.039999999999999,39,3195.0,3195.0
83775.0,4.23,29,2698.0,2698.0
83780.0,4.759999999999998,26,2387.0,2387.0
83785.0,-0.29999999999999716,21,2502.0,2502.0
83790.0,-1.120000000000001,26,2619.0,2619.0
83795.0,-1.3999999999999986,33,2766.0,2766.0
83800.0,-1.8400000000000034,42,2959.0,2959.0
83805.0,-2.219999999999999,48,3187.0,3187.0
83810.0,-2.509999999999998,51,3441.0,3441.0
83815.0,-2.5799999999999983,55,3703.0,3703.0
83820.0,-2.75,55,3978.0,3978.0
83825.0,-2.75,56,4056.0,4056.0
83830.0,-1.6100000000000065,56,4308.0,4308.0
83835.0,-2.799999999999997,57,4590.0,4590.0
83840.0,-4.039999999999999,60,4888.0,4888.0
83845.0,-3.0,62,5191.0,5191.0
83850.0,-3.0,63,5504.0,5504.0
83855.0,-4.359999999999999,65,5822.0,5822.0
83860.0,-3.1799999999999997,59,5906.0,5906.0
83865.0,0.21000000000000085,51,5659.0,5659.0
83870.0,1.4399999999999977,45,5451.0,5451.0
83875.0,2.6199999999999974,44,5349.0,5349.0
83880.0,0.6000000000000014,42,4939.0,4939.0
83885.0,6.960000000000001,36,4246.0,4246.0
83890.0,6.649999999999999,33,3615.0,3615.0
83895.0,6.649999999999999,24,3688.0,3688.0
83900.0,2.8400000000000034,24,3788.0,3788.0
83905.0,-1.230000000000004,28,3528.0,3528.0
83910.0,5.770000000000003,30,2942.0,2942.0
83915.0,6.66,29,2356.0,2356.0
83920.0,5.140000000000001,25,2106.0,2106.0
83925.0,5.140000000000001,25,2166.0,2166.0
83930.0,-1.1000000000000014,32,2314.0,2314.0
83935.0,-1.4800000000000004,40,2499.0,2499.0
83940.0,-1.8499999999999979,45,2713.0,2713.0
83945.0,-2.1400000000000006,47,2944.0,2944.0
83950.0,-2.3100000000000023,47,3027.0,3027.0
83955.0,-1.6499999999999986,47,3250.0,3250.0
83960.0,-2.379999999999999,47,3262.0,3262.0
83965.0,1.2199999999999989,39,3264.0,3264.0
83970.0,1.8599999999999994,32,2913.0,2913.0
83975.0,1.8599999999999994,26,3056.0,3056.0
83980.0,-0.4499999999999993,35,3215.0,3215.0
83985.0,-1.6900000000000013,42,3412.0,3412.0
83990.0,-2.8500000000000014,48,3633.0,3633.0
83995.0,-2.460000000000001,52,3887.0,3887.0
84000.0,-2.460000000000001,45,3412.0,3412.0
84005.0,3.720000000000006,35,2950.0,2950.0
84010.0,4.619999999999997,27,2735.0,2735.0
84015.0,3.6799999999999997,22,2455.0,2455.0
84020.0,2.5199999999999996,26,2118.0,2118.0
84025.0,2.8200000000000003,24,2098.0,2098.0
84030.0,-1.629999999999999,33,2244.0,2244.0
84035.0,-1.8599999999999994,42,2439.0,2439.0
84040.0,-1.8599999999999994,43,2575.0,2575.0
84045.0,-2.2200000000000024,48,2806.0,2806.0
84050.0,-2.349999999999998,49,3047.0,3047.0
84055.0,-3.480000000000004,53,3308.0,3308.0
84060.0,-2.6799999999999997,55,3580.0,3580.0
84065.0,-2.6799999999999997,46,3520.0,3520.0
84070.0,-0.5,41,3489.0,3489.0
84075.0,0.3100000000000023,35,3386.0,3386.0
84080.0,1.0300000000000011,37,3427.0,3427.0
84085.0,-0.4100000000000037,34,3163.0,3163.0
84090.0,6.1200000000000045,36,2449.0,2449.0
84095.0,4.439999999999998,28,2310.0,2310.0
84100.0,-0.3999999999999986,25,2436.0,2436.0
84105.0,-1.2600000000000016,28,2565.0,2565.0
84110.0,-1.2600000000000016,27,2153.0,2153.0
84115.0,3.580000000000002,25,1805.0,1805.0
84120.0,3.5,21,1674.0,1674.0
84125.0,1.6499999999999986,20,1637.0,1637.0
84130.0,-0.4399999999999977,30,1766.0,1766.0
84135.0,-0.4399999999999977,41,1946.0,1946.0
84140.0,-2.3800000000000026,45,2163.0,2163.0
84145.0,-2.169999999999998,48,2398.0,2398.0
84150.0,-2.3500000000000014,43,2381.0,2381.0
84155.0,1.5800000000000018,36,2154.0,2154.0
84160.0,2.0700000000000003,31,2072.0,2072.0
84165.0,-1.5200000000000031,33,2218.0,2218.0
84170.0,-1.6899999999999977,39,2393.0,2393.0
84175.0,-1.6899999999999977,37,2171.0,2171.0
84180.0,1.4600000000000009,34,1995.0,1995.0
84185.0,1.8099999999999987,26,1922.0,1922.0
84190.0,2.3200000000000003,22,1666.0,1666.0
84195.0,2.1899999999999995,21,1545.0,1545.0
84200.0,2.1899999999999995,25,1646.0,1646.0
84205.0,-0.7000000000000011,34,1798.0,1798.0
84210.0,-1.5199999999999996,36,1781.0,1781.0
84215.0,1.3399999999999999,33,1598.0,1598.0
84220.0,1.58,25,1530.0,1530.0
84225.0,-1.2499999999999982,29,1660.0,1660.0
84230.0,-1.5700000000000003,37,1825.0,1825.0
84235.0,-2.0,44,2032.0,2032.0
84240.0,-2.370000000000001,50,2275.0,2275.0
84245.0,-2.5,51,2526.0,2526.0
84250.0,-2.620000000000001,54,2791.0,2791.0
84255.0,-2.6999999999999993,54,3061.0,3061.0
84260.0,-2.780000000000001,58,3343.0,3343.0
84265.0,-2.780000000000001,55,3349.0,3349.0
84270.0,-1.1899999999999977,61,3642.0,3642.0
84275.0,-2.990000000000002,64,3954.0,3954.0
84280.0,-3.1499999999999986,60,4244.0,4244.0
84285.0,-3.8699999999999974,64,4532.0,4532.0
84290.0,-3.190000000000005,64,4852.0,4852.0
84295.0,-3.190000000000005,57,4564.0,4564.0
84300.0,1.6000000000000014,49,4185.0,4185.0
84305.0,3.789999999999999,47,4420.0,4420.0
84310.0,-3.280000000000001,46,4653.0,4653.0
84315.0,-2.3299999999999983,51,4895.0,4895.0
84320.0,-2.5600000000000023,59,5175.0,5175.0
84325.0,-2.9399999999999977,66,5487.0,5487.0
84330.0,-3.269999999999996,68,5495.0,5495.0
84335.0,1.8799999999999955,60,5332.0,5332.0
84340.0,2.8800000000000026,55,5056.0,5056.0
84345.0,2.8800000000000026,49,5231.0,5231.0
84350.0,-1.3299999999999983,47,5472.0,5472.0
84355.0,-2.3900000000000006,50,5390.0,5390.0
84360.0,3.049999999999997,47,5009.0,5009.0
84365.0,4.850000000000001,46,4821.0,4821.0
84370.0,4.850000000000001,42,4921.0,4921.0
84375.0,-1.9200000000000017,42,5122.0,5122.0
84380.0,-2.009999999999998,44,5017.0,5017.0
84385.0,3.229999999999997,43,4634.0,4634.0
84390.0,3.6400000000000006,41,4386.0,4386.0
84395.0,-1.0599999999999952,38,4579.0,4579.0
84400.0,-1.9400000000000048,41,4776.0,4776.0
84405.0,-1.9400000000000048,51,5010.0,5010.0
84410.0,-3.259999999999998,55,5277.0,5277.0
84415.0,-2.730000000000004,64,5583.0,5583.0
84420.0,-3.1399999999999935,63,5538.0,5538.0
84425.0,2.809999999999995,55,5144.0,5144.0
84430.0,3.770000000000003,50,4966.0,4966.0
84435.0,3.770000000000003,45,5199.0,5199.0
84440.0,-2.0900000000000034,46,5427.0,5427.0
84445.0,-2.280000000000001,48,5367.0,5367.0
84450.0,2.3900000000000006,50,5089.0,5089.0
84455.0,2.3400000000000034,48,4685.0,4685.0
84460.0,3.4399999999999977,42,4340.0,4340.0
84465.0,5.039999999999999,37,4143.0,4143.0
84470.0,5.410000000000004,35,3270.0,3270.0
84475.0,7.689999999999998,32,2828.0,2828.0
84480.0,7.689999999999998,21,2601.0,2601.0
84485.0,1.7300000000000004,20,2419.0,2419.0
84490.0,1.8300000000000018,26,2389.0,2389.0
84495.0,0.5899999999999999,31,2423.0,2423.0
84500.0,-1.370000000000001,41,2598.0,2598.0
84505.0,-2.1400000000000006,46,2824.0,2824.0
84510.0,-2.1400000000000006,36,2379.0,2379.0
84515.0,3.530000000000001,31,2054.0,2054.0
84520.0,3.25,24,1989.0,1989.0
84525.0,0.14000000000000057,31,2125.0,2125.0
84530.0,-1.4700000000000024,36,2291.0,2291.0
84535.0,-1.8000000000000007,43,2491.0,2491.0
84540.0,-2.1599999999999966,48,2505.0,2505.0
84545.0,1.2099999999999973,39,2501.0,2501.0
84550.0,2.0700000000000003,33,2191.0,2191.0
84555.0,2.0700000000000003,31,2343.0,2343.0
84560.0,-1.1899999999999977,39,2516.0,2516.0
84565.0,-1.8200000000000003,41,2536.0,2536.0
84570.0,0.6999999999999993,36,2450.0,2450.0
84575.0,0.14999999999999858,32,2495.0,2495.0
84580.0,0.14999999999999858,33,2275.0,2275.0
84585.0,1.9600000000000009,40,2457.0,2457.0
84590.0,-1.8200000000000003,40,2584.0,2584.0
84595.0,-1.4199999999999982,37,2658.0,2658.0
84600.0,-0.9500000000000028,37,2484.0,2484.0
84605.0,3.620000000000001,33,2101.0,2101.0
84610.0,3.460000000000001,28,1780.0,1780.0
84615.0,3.460000000000001,15,1823.0,1823.0
84620.0,1.7100000000000009,15,1816.0,1816.0
84625.0,-0.1700000000000017,18,1649.0,1649.0
84630.0,3.49,21,1299.0,1299.0
84635.0,3.1799999999999997,22,1025.0,1025.0
84640.0,3.1799999999999997,10,916.0,916.0
84645.0,2.49,19,949.0,949.0
84650.0,-0.33000000000000007,24,947.0,947.0
84655.0,-0.5299999999999994,30,1091.0,1091.0
84660.0,-1.5099999999999998,30,1171.0,1171.0
84665.0,-0.5800000000000001,28,1206.0,1206.0
84670.0,-0.45000000000000107,30,1264.0,1264.0
84675.0,-0.45000000000000107,31,1398.0,1398.0
84680.0,-1.7299999999999986,35,1562.0,1562.0
84685.0,-1.6800000000000015,33,1492.0,1492.0
84690.0,2.42,23,1199.0,1199.0
84695.0,2.74,17,959.0,959.0
84700.0,2.74,12,888.0,888.0
84705.0,1.9299999999999997,20,972.0,972.0
84710.0,-0.8399999999999999,21,925.0,925.0
84715.0,1.370000000000001,17,735.0,735.0
84720.0,1.21,15,755.0,755.0
84725.0,-1.1399999999999997,21,849.0,849.0
84730.0,-1.1600000000000001,28,972.0,972.0
84735.0,-1.5600000000000005,34,1134.0,1134.0
84740.0,-1.5600000000000005,34,1301.0,1301.0
84745.0,-2.380000000000001,38,1489.0,1489.0
84750.0,-1.8899999999999988,38,1679.0,1679.0
84755.0,-1.9200000000000017,42,1885.0,1885.0
84760.0,-2.0799999999999983,39,1920.0,1920.0
84765.0,0.6099999999999994,31,1794.0,1794.0
84770.0,0.9800000000000004,27,1774.0,1774.0
84775.0,0.9800000000000004,28,1876.0,1876.0
84780.0,-1.0800000000000018,37,2038.0,2038.0
84785.0,-1.6199999999999974,42,2239.0,2239.0
84790.0,-2.0100000000000016,45,2455.0,2455.0
84795.0,-2.16,46,2684.0,2684.0
84800.0,-3.210000000000001,48,2916.0,2916.0
84805.0,-2.379999999999999,50,3164.0,3164.0
84810.0,-3.5700000000000003,53,3424.0,3424.0
84815.0,-2.6700000000000017,55,3693.0,3693.0
84820.0,-2.6700000000000017,49,3361.0,3361.0
84825.0,2.3000000000000043,42,3039.0,3039.0
84830.0,3.2799999999999976,35,2753.0,2753.0
84835.0,5.080000000000002,30,2693.0,2693.0
84840.0,-2.1099999999999994,32,2846.0,2846.0
84845.0,-1.6700000000000017,38,3025.0,3025.0
84850.0,-1.6700000000000017,37,2765.0,2765.0
84855.0,1.8500000000000014,33,2526.0,2526.0
84860.0,2.389999999999997,31,2686.0,2686.0
84865.0,-2.2399999999999984,37,2859.0,2859.0
84870.0,-1.879999999999999,44,3064.0,3064.0
84875.0,-2.1900000000000013,52,3311.0,3311.0
84880.0,-2.6099999999999994,56,3583.0,3583.0
84885.0,-2.799999999999997,59,3874.0,3874.0
84890.0,-2.950000000000003,60,4173.0,4173.0
84895.0,-3.030000000000001,61,4378.0,4378.0
84900.0,-3.0799999999999983,61,4665.0,4665.0
84905.0,-3.1300000000000026,63,4980.0,4980.0
84910.0,-3.1300000000000026,58,4619.0,4619.0
84915.0,2.4100000000000037,52,4306.0,4306.0
84920.0,3.1899999999999977,48,4425.0,4425.0
84925.0,-2.1199999999999974,44,4658.0,4658.0
84930.0,-2.200000000000003,49,4883.0,4883.0
84935.0,-2.200000000000003,45,4489.0,4489.0
84940.0,3.0,44,4155.0,4155.0
84945.0,3.3400000000000034,41,4310.0,4310.0
84950.0,-1.8000000000000043,42,4459.0,4459.0
84955.0,-2.1199999999999974,48,4366.0,4366.0
84960.0,3.009999999999998,44,4290.0,4290.0
84965.0,3.259999999999998,45,3726.0,3726.0
84970.0,3.259999999999998,41,3935.0,3935.0
84975.0,-0.5399999999999991,40,4132.0,4132.0
84980.0,-2.0,49,4361.0,4361.0
84985.0,-2.3799999999999955,51,4281.0,4281.0
84990.0,2.8799999999999955,52,3941.0,3941.0
84995.0,2.960000000000001,50,3683.0,3683.0
85000.0,2.960000000000001,40,3863.0,3863.0
85005.0,-0.3500000000000014,45,4075.0,4075.0
85010.0,-2.1199999999999974,45,4002.0,4002.0
85015.0,2.710000000000001,43,3535.0,3535.0
85020.0,4.25,42,3504.0,3504.0
85025.0,-2.950000000000003,42,3716.0,3716.0
85030.0,-2.1099999999999994,46,3931.0,3931.0
85035.0,-2.1099999999999994,45,3595.0,3595.0
85040.0,2.460000000000001,44,3323.0,3323.0
85045.0,2.719999999999999,42,3539.0,3539.0
85050.0,-2.969999999999999,44,3750.0,3750.0
85055.0,-2.219999999999999,50,3984.0,3984.0
85060.0,-2.5900000000000034,59,4260.0,4260.0
85065.0,-2.5900000000000034,61,4251.0,4251.0
85070.0,-1.0599999999999952,64,4570.0,4570.0
85075.0,-3.190000000000005,62,4547.0,4547.0
85080.0,2.1400000000000006,52,4084.0,4084.0
85085.0,4.289999999999999,45,4064.0,4064.0
85090.0,-3.1199999999999974,44,4283.0,4283.0
85095.0,-2.1199999999999974,44,4495.0,4495.0
85100.0,-2.1199999999999974,48,4122.0,4122.0
85105.0,2.8200000000000003,45,3828.0,3828.0
85110.0,4.059999999999995,42,3937.0,3937.0
85115.0,-3.1099999999999994,45,4164.0,4164.0
85120.0,-2.269999999999996,50,4401.0,4401.0
85125.0,-2.269999999999996,52,4553.0,4553.0
85130.0,-2.520000000000003,61,4841.0,4841.0
85135.0,-2.8799999999999955,61,4829.0,4829.0
85140.0,1.8699999999999974,52,4419.0,4419.0
85145.0,3.8900000000000006,43,4399.0,4399.0
85150.0,-3.1499999999999986,43,4623.0,4623.0
85155.0,-2.1500000000000057,45,4840.0,4840.0
85160.0,-2.1500000000000057,45,4678.0,4678.0
85165.0,1.9200000000000017,42,4327.0,4327.0
85170.0,2.3000000000000043,46,4443.0,4443.0
85175.0,-2.0500000000000043,48,4673.0,4673.0
85180.0,-2.4499999999999957,55,4931.0,4931.0
85185.0,-2.4499999999999957,56,5149.0,5149.0
85190.0,-3.260000000000005,62,5453.0,5453.0
85195.0,-3.039999999999999,58,5523.0,5523.0
85200.0,0.37000000000000455,49,5364.0,5364.0
85205.0,1.3799999999999955,46,5186.0,5186.0
85210.0,1.3000000000000043,42,5118.0,5118.0
85215.0,0.27999999999999403,40,4743.0,4743.0
85220.0,6.5,33,4503.0,4503.0
85225.0,6.260000000000005,30,3678.0,3678.0
85230.0,6.260000000000005,24,3734.0,3734.0
85235.0,1.1099999999999994,24,3822.0,3822.0
85240.0,-1.1300000000000026,32,3960.0,3960.0
85245.0,-1.4600000000000009,38,4135.0,4135.0
85250.0,-1.8399999999999963,45,4331.0,4331.0
85255.0,-2.9200000000000017,49,4564.0,4564.0
85260.0,-2.460000000000001,50,4814.0,4814.0
85265.0,-2.5,51,5065.0,5065.0
85270.0,-2.5,54,5335.0,5335.0
85275.0,-3.710000000000001,55,5606.0,5606.0
85280.0,-2.710000000000001,53,5726.0,5726.0
85285.0,-0.7100000000000009,45,5677.0,5677.0
85290.0,0.9600000000000009,38,5699.0,5699.0
85295.0,-2.799999999999997,43,5904.0,5904.0
85300.0,-2.299999999999997,51,6142.0,6142.0
85305.0,-2.299999999999997,49,6257.0,6257.0
85310.0,-0.9200000000000017,42,6174.0,6174.0
85315.0,-0.3299999999999983,41,5859.0,5859.0
85320.0,7.5,38,5050.0,5050.0
85325.0,7.739999999999995,36,4766.0,4766.0
85330.0,7.739999999999995,27,4758.0,4758.0
85335.0,-0.6599999999999966,19,4776.0,4776.0
85340.0,-0.17999999999999972,22,4784.0,4784.0
85345.0,-0.10000000000000142,35,4856.0,4856.0
85350.0,-1.4500000000000028,42,5055.0,5055.0
85355.0,-2.1499999999999986,44,4771.0,4771.0
85360.0,7.109999999999999,36,4225.0,4225.0
85365.0,7.6200000000000045,30,3703.0,3703.0
85370.0,7.6200000000000045,24,3832.0,3832.0
85375.0,-1.8200000000000003,29,3961.0,3961.0
85380.0,-1.3500000000000014,33,3983.0,3983.0
85385.0,-1.0500000000000043,44,4181.0,4181.0
85390.0,-2.259999999999998,52,4423.0,4423.0
85395.0,-2.259999999999998,50,4647.0,4647.0
85400.0,-3.259999999999998,54,4908.0,4908.0
85405.0,-2.6099999999999994,48,5014.0,5014.0
85410.0,-0.5200000000000031,40,4945.0,4945.0
85415.0,0.6200000000000045,35,4883.0,4883.0
85420.0,-1.3400000000000034,40,5072.0,5072.0
85425.0,-2.229999999999997,50,5305.0,5305.0
85430.0,-2.229999999999997,47,5308.0,5308.0
85435.0,-0.990000000000002,43,5362.0,5362.0
85440.0,-0.5,39,4975.0,4975.0
85445.0,8.729999999999997,35,4062.0,4062.0
85450.0,8.870000000000005,28,3456.0,3456.0
85455.0,8.870000000000005,24,3452.0,3452.0
85460.0,1.9199999999999946,25,3573.0,3573.0
85465.0,-1.2099999999999937,28,3209.0,3209.0
85470.0,7.919999999999998,24,2504.0,2504.0
85475.0,5.609999999999999,26,2296.0,2296.0
85480.0,-1.7300000000000004,24,2417.0,2417.0
85485.0,-1.4100000000000001,33,2567.0,2567.0
85490.0,-1.7800000000000011,40,2752.0,2752.0
85495.0,-2.1899999999999977,48,2979.0,2979.0
85500.0,-2.1899999999999977,48,3139.0,3139.0
85505.0,-2.5700000000000003,50,3388.0,3388.0
85510.0,-2.5100000000000016,52,3646.0,3646.0
85515.0,-3.6700000000000017,54,3914.0,3914.0
85520.0,-2.710000000000001,58,4191.0,4191.0
85525.0,-2.710000000000001,58,4481.0,4481.0
85530.0,-4.039999999999999,65,4788.0,4788.0
85535.0,-3.0700000000000003,66,5118.0,5118.0
85540.0,-3.299999999999997,68,5451.0,5451.0
85545.0,-3.3299999999999983,66,5756.0,5756.0
85550.0,-4.07,67,6058.0,6058.0
85555.0,-3.3800000000000026,70,6406.0,6406.0
85560.0,-3.509999999999998,69,6468.0,6468.0
85565.0,0.8499999999999943,64,6386.0,6386.0
85570.0,2.0400000000000063,56,6083.0,6083.0
85575.0,2.0400000000000063,46,6303.0,6303.0
85580.0,-0.9100000000000037,46,6537.0,6537.0
85585.0,-2.3599999999999923,47,6250.0,6250.0
85590.0,6.959999999999994,45,5549.0,5549.0
85595.0,5.850000000000001,44,5219.0,5219.0
85600.0,5.850000000000001,35,4890.0,4890.0
85605.0,4.140000000000001,30,4580.0,4580.0
85610.0,3.1000000000000014,24,4581.0,4581.0
85615.0,-0.4100000000000037,34,4712.0,4712.0
85620.0,-1.6199999999999974,43,4694.0,4694.0
85625.0,1.1499999999999986,41,4613.0,4613.0
85630.0,1.1799999999999997,40,4455.0,4455.0
85635.0,1.6199999999999974,35,4372.0,4372.0
85640.0,-0.03999999999999915,41,4433.0,4433.0
85645.0,-0.03999999999999915,40,4618.0,4618.0
85650.0,-2.6400000000000006,48,4837.0,4837.0
85655.0,-2.289999999999999,45,4599.0,4599.0
85660.0,6.130000000000003,38,3915.0,3915.0
85665.0,6.689999999999998,29,3453.0,3453.0
85670.0,6.689999999999998,25,3447.0,3447.0
85675.0,1.5600000000000023,28,3584.0,3584.0
85680.0,-1.3700000000000045,31,3338.0,3338.0
85685.0,5.510000000000005,27,2785.0,2785.0
85690.0,5.159999999999997,26,2413.0,2413.0
85695.0,0.490000000000002,23,2491.0,2491.0
85700.0,-1.3200000000000003,30,2630.0,2630.0
85705.0,-1.3200000000000003,29,2512.0,2512.0
85710.0,0.5700000000000003,32,2439.0,2439.0
85715.0,0.7300000000000004,30,2348.0,2348.0
85720.0,1.3099999999999987,26,2070.0,2070.0
85725.0,5.300000000000001,23,1549.0,1549.0
85730.0,4.8100000000000005,18,1248.0,1248.0
85735.0,4.8100000000000005,10,1180.0,1180.0
85740.0,1.4799999999999986,13,1182.0,1182.0
85745.0,-0.019999999999999574,22,1200.0,1200.0
85750.0,0.08000000000000007,28,1244.0,1244.0
85755.0,-1.2799999999999994,31,1395.0,1395.0
85760.0,-1.5500000000000007,30,1273.0,1273.0
85765.0,3.290000000000001,23,1047.0,1047.0
85770.0,2.639999999999999,14,727.0,727.0
85775.0,2.639999999999999,12,724.0,724.0
85780.0,1.2700000000000005,20,804.0,804.0
85785.0,-0.8999999999999995,25,920.0,920.0
85790.0,-1.6500000000000004,31,1053.0,1053.0
85795.0,-1.5899999999999999,33,1217.0,1217.0
85800.0,-1.5899999999999999,25,1145.0,1145.0
85805.0,0.0600000000000005,21,1088.0,1088.0
85810.0,0.5699999999999985,25,1200.0,1200.0
85815.0,-1.67,33,1349.0,1349.0
85820.0,-1.6199999999999992,35,1450.0,1450.0
85825.0,-0.9800000000000004,27,1521.0,1521.0
85830.0,-0.75,27,1617.0,1617.0
85835.0,-0.75,25,1310.0,1310.0
85840.0,2.5600000000000005,18,1038.0,1038.0
85845.0,2.789999999999999,10,1071.0,1071.0
85850.0,-0.11999999999999922,11,1068.0,1068.0
85855.0,-0.39000000000000057,19,1144.0,1144.0
85860.0,-0.39000000000000057,25,1233.0,1233.0
85865.0,-1.2699999999999996,28,1367.0,1367.0
85870.0,-1.3399999999999999,31,1516.0,1516.0
85875.0,-1.4900000000000002,25,1443.0,1443.0
85880.0,2.290000000000001,19,1160.0,1160.0
85885.0,2.6499999999999986,11,1059.0,1059.0
85890.0,-0.9499999999999993,19,1136.0,1136.0
85895.0,-1.08,28,1253.0,1253.0
85900.0,-1.08,30,1209.0,1209.0
85905.0,-0.14000000000000057,34,1367.0,1367.0
85910.0,-1.629999999999999,35,1542.0,1542.0
85915.0,-1.75,36,1718.0,1718.0
85920.0,-1.7699999999999996,35,1680.0,1680.0
85925.0,1.8899999999999988,30,1435.0,1435.0
85930.0,2.1799999999999997,24,1250.0,1250.0
85935.0,2.1799999999999997,20,1311.0,1311.0
85940.0,0.3600000000000012,25,1428.0,1428.0
85945.0,-1.17,33,1577.0,1577.0
85950.0,-1.4900000000000002,39,1765.0,1765.0
85955.0,-2.6700000000000017,42,1968.0,1968.0
85960.0,-2.099999999999998,44,2183.0,2183.0
85965.0,-3.030000000000001,46,2403.0,2403.0
85970.0,-2.34,47,2638.0,2638.0
85975.0,-2.34,42,2417.0,2417.0
85980.0,1.3399999999999999,34,2231.0,2231.0
85985.0,1.9400000000000013,27,2075.0,2075.0
85990.0,2.8699999999999974,27,1884.0,1884.0
85995.0,1.0100000000000016,29,1878.0,1878.0
86000.0,-0.10999999999999943,30,1743.0,1743.0
86005.0,2.969999999999999,23,1416.0,1416.0
86010.0,4.050000000000001,19,1223.0,1223.0
86015.0,4.050000000000001,11,1220.0,1220.0
86020.0,-0.35999999999999943,19,1293.0,1293.0
86025.0,-0.7300000000000004,24,1405.0,1405.0
86030.0,-1.120000000000001,32,1548.0,1548.0
86035.0,-1.4299999999999997,38,1731.0,1731.0
86040.0,-1.8299999999999983,41,1929.0,1929.0
86045.0,-1.9800000000000004,41,2134.0,2134.0
86050.0,-2.0500000000000007,43,2314.0,2314.0
86055.0,-2.66,43,2529.0,2529.0
86060.0,-2.1499999999999986,47,2753.0,2753.0
86065.0,-3.2600000000000016,47,2988.0,2988.0
86070.0,-2.3900000000000006,50,3230.0,3230.0
86075.0,-2.3900000000000006,43,2887.0,2887.0
86080.0,2.5199999999999996,35,2568.0,2568.0
86085.0,3.2600000000000016,29,2497.0,2497.0
86090.0,0.21999999999999886,29,2637.0,2637.0
86095.0,-1.4899999999999984,34,2797.0,2797.0
86100.0,-1.4899999999999984,42,2997.0,2997.0
86105.0,-2.6799999999999997,51,3232.0,3232.0
86110.0,-2.3500000000000014,53,3278.0,3278.0
86115.0,0.6700000000000017,43,3092.0,3092.0
86120.0,1.7999999999999972,37,2978.0,2978.0
86125.0,-1.0199999999999996,36,3123.0,3123.0
86130.0,-1.9100000000000001,42,3320.0,3320.0
86135.0,-1.9100000000000001,50,3557.0,3557.0
86140.0,-3.3100000000000023,57,3828.0,3828.0
86145.0,-2.779999999999994,58,4119.0,4119.0
86150.0,-3.990000000000002,60,4406.0,4406.0
86155.0,-3.030000000000001,62,4713.0,4713.0
86160.0,-3.030000000000001,54,4307.0,4307.0
86165.0,2.8200000000000003,45,3944.0,3944.0
86170.0,3.6300000000000026,42,4038.0,4038.0
86175.0,-1.75,41,4239.0,4239.0
86180.0,-2.0700000000000003,45,4175.0,4175.0
86185.0,2.4099999999999966,42,4016.0,4016.0
86190.0,2.539999999999999,43,3786.0,3786.0
86195.0,2.539999999999999,38,3950.0,3950.0
86200.0,-1.5799999999999983,45,4160.0,4160.0
86205.0,-2.1700000000000017,49,4065.0,4065.0
86210.0,3.1000000000000014,48,3696.0,3696.0
86215.0,3.3699999999999974,44,3518.0,3518.0
86220.0,3.3699999999999974,37,3694.0,3694.0
86225.0,-1.3499999999999943,36,3867.0,3867.0
86230.0,-1.730000000000004,38,3793.0,3793.0
86235.0,2.450000000000003,35,3377.0,3377.0
86240.0,4.469999999999999,35,3281.0,3281.0
86245.0,-2.4299999999999997,35,3453.0,3453.0
86250.0,-1.9399999999999977,45,3657.0,3657.0
86255.0,-1.9399999999999977,50,3883.0,3883.0
86260.0,-3.220000000000006,56,4151.0,4151.0
86265.0,-2.739999999999995,55,4090.0,4090.0
86270.0,2.8599999999999994,47,3715.0,3715.0
86275.0,3.5899999999999963,40,3381.0,3381.0
86280.0,3.5899999999999963,36,3570.0,3570.0
86285.0,-0.07000000000000028,35,3741.0,3741.0
86290.0,-1.7099999999999937,36,3661.0,3661.0
86295.0,2.6399999999999935,34,3337.0,3337.0
86300.0,2.9700000000000024,35,3178.0,3178.0
86305.0,-1.3499999999999979,35,3350.0,3350.0
86310.0,-1.8999999999999986,42,3547.0,3547.0
86315.0,-1.8999999999999986,50,3781.0,3781.0
86320.0,-3.270000000000003,57,4048.0,4048.0
86325.0,-2.75,59,4340.0,4340.0
86330.0,-4.030000000000001,59,4628.0,4628.0
86335.0,-2.990000000000002,63,4935.0,4935.0
86340.0,-2.990000000000002,53,4713.0,4713.0
86345.0,0.9600000000000009,46,4532.0,4532.0
86350.0,1.8100000000000023,42,4750.0,4750.0
86355.0,-3.020000000000003,47,4970.0,4970.0
86360.0,-2.3599999999999994,53,5019.0,5019.0
86365.0,0.1600000000000037,48,5026.0,5026.0
86370.0,0.5,42,4933.0,4933.0
86375.0,0.759999999999998,38,4966.0,4966.0
86380.0,0.759999999999998,32,4706.0,4706.0
86385.0,6.090000000000003,29,3671.0,3671.0
86390.0,6.189999999999998,28,3815.0,3815.0
86395.0,-2.030000000000001,28,3960.0,3960.0
86400.0,-1.4699999999999989,35,4118.0,4118.0
86405.0,-1.4699999999999989,31,4071.0,4071.0
86410.0,-0.21000000000000085,32,4089.0,4089.0
86415.0,-0.17999999999999972,36,4133.0,4133.0
86420.0,-0.4399999999999977,34,3896.0,3896.0
86425.0,5.729999999999997,31,3288.0,3288.0
86430.0,5.640000000000001,25,2841.0,2841.0
86435.0,1.5100000000000016,18,2858.0,2858.0
86440.0,-0.6999999999999993,22,2937.0,2937.0
86445.0,-0.6999999999999993,20,2356.0,2356.0
86450.0,5.399999999999999,17,1839.0,1839.0
86455.0,5.16,17,1774.0,1774.0
86460.0,0.33999999999999986,20,1863.0,1863.0
86465.0,-1.1000000000000014,29,1991.0,1991.0
86470.0,-1.1000000000000014,35,2140.0,2140.0
86475.0,-2.049999999999997,41,2335.0,2335.0
86480.0,-1.9500000000000028,38,2221.0,2221.0
86485.0,3.3200000000000003,29,1835.0,1835.0
86490.0,3.5400000000000027,21,1548.0,1548.0
86495.0,1.8699999999999992,14,1405.0,1405.0
86500.0,1.9699999999999989,16,1220.0,1220.0
86505.0,1.9699999999999989,27,1329.0,1329.0
86510.0,-0.9100000000000001,36,1488.0,1488.0
86515.0,-1.6799999999999997,41,1681.0,1681.0
86520.0,-2.01,41,1627.0,1627.0
86525.0,2.3499999999999996,32,1414.0,1414.0
86530.0,1.200000000000001,27,1371.0,1371.0
86535.0,1.200000000000001,23,1355.0,1355.0
86540.0,0.14999999999999858,34,1504.0,1504.0
86545.0,-1.4899999999999984,34,1491.0,1491.0
86550.0,1.1199999999999992,28,1334.0,1334.0
86555.0,1.3599999999999994,22,1232.0,1232.0
86560.0,-0.7299999999999986,27,1356.0,1356.0
86565.0,-1.4700000000000006,35,1511.0,1511.0
86570.0,-1.4700000000000006,40,1701.0,1701.0
86575.0,-2.660000000000002,42,1910.0,1910.0
86580.0,-2.099999999999998,41,1937.0,1937.0
86585.0,0.7199999999999989,32,1780.0,1780.0
86590.0,1.7200000000000024,26,1681.0,1681.0
86595.0,1.7200000000000024,28,1807.0,1807.0
86600.0,-0.990000000000002,36,1964.0,1964.0
86605.0,-1.5700000000000003,41,2157.0,2157.0
86610.0,-2.8099999999999987,46,2383.0,2383.0
86615.0,-2.370000000000001,49,2409.0,2409.0
86620.0,0.9699999999999989,40,2425.0,2425.0
86625.0,1.7900000000000027,34,2080.0,2080.0
86630.0,2.7799999999999976,27,1955.0,1955.0
86635.0,1.3900000000000006,26,1770.0,1770.0
86640.0,0.46999999999999886,28,1725.0,1725.0
86645.0,0.46999999999999886,25,1395.0,1395.0
86650.0,3.240000000000002,22,1115.0,1115.0
86655.0,2.8200000000000003,11,981.0,981.0
86660.0,1.5299999999999994,12,991.0,991.0
86665.0,-0.4599999999999991,18,1063.0,1063.0
86670.0,-0.4599999999999991,23,1071.0,1071.0
86675.0,-0.4200000000000017,27,1198.0,1198.0
86680.0,-1.2699999999999996,30,1341.0,1341.0
86685.0,-1.4299999999999997,28,1340.0,1340.0
86690.0,-0.4499999999999993,31,1478.0,1478.0
86695.0,-1.540000000000001,29,1575.0,1575.0
86700.0,-0.9799999999999986,26,1664.0,1664.0
86705.0,-0.9600000000000009,26,1760.0,1760.0
86710.0,-0.9600000000000009,28,1898.0,1898.0
86715.0,-1.9299999999999997,30,2047.0,2047.0
86720.0,-1.5199999999999996,33,2209.0,2209.0
86725.0,-2.2600000000000016,34,2373.0,2373.0
86730.0,-1.6999999999999993,37,2548.0,2548.0
86735.0,-1.6999999999999993,28,2108.0,2108.0
86740.0,3.6700000000000017,20,1716.0,1716.0
86745.0,3.919999999999998,15,1568.0,1568.0
86750.0,1.2300000000000004,17,1635.0,1635.0
86755.0,-0.8399999999999999,25,1743.0,1743.0
86760.0,-1.6600000000000001,32,1875.0,1875.0
86765.0,-1.6999999999999993,38,2051.0,2051.0
86770.0,-1.6999999999999993,34,1731.0,1731.0
86775.0,2.5,24,1464.0,1464.0
86780.0,2.7699999999999996,22,1571.0,1571.0
86785.0,-1.490000000000002,23,1680.0,1680.0
86790.0,-1.2099999999999973,31,1815.0,1815.0
86795.0,-1.2099999999999973,27,1654.0,1654.0
86800.0,1.0199999999999996,24,1546.0,1546.0
86805.0,1.0799999999999983,23,1441.0,1441.0
86810.0,2.7600000000000016,18,1135.0,1135.0
86815.0,2.6799999999999997,17,783.0,783.0
86820.0,2.8999999999999995,14,754.0,754.0
86825.0,-1.2399999999999993,24,860.0,860.0
86830.0,-1.3000000000000007,31,997.0,997.0
86835.0,-1.3000000000000007,28,938.0,938.0
86840.0,0.6699999999999999,20,782.0,782.0
86845.0,0.9800000000000004,23,887.0,887.0
86850.0,-1.58,27,1012.0,1012.0
86855.0,-1.4299999999999997,35,1171.0,1171.0
86860.0,-1.4299999999999997,40,1285.0,1285.0
86865.0,-1.83,41,1486.0,1486.0
86870.0,-2.01,37,1567.0,1567.0
86875.0,-0.5200000000000014,28,1535.0,1535.0
86880.0,0.26000000000000156,29,1567.0,1567.0
86885.0,-1.790000000000001,34,1725.0,1725.0
86890.0,-1.8500000000000014,41,1917.0,1917.0
86895.0,-1.8500000000000014,38,1980.0,1980.0
86900.0,-1.4299999999999997,42,2181.0,2181.0
86905.0,-2.0700000000000003,43,2388.0,2388.0
86910.0,-2.91,43,2603.0,2603.0
86915.0,-2.219999999999999,47,2833.0,2833.0
86920.0,-2.349999999999998,47,3068.0,3068.0
86925.0,-2.349999999999998,51,3321.0,3321.0
86930.0,-3.4700000000000024,51,3576.0,3576.0
86935.0,-2.549999999999997,49,3530.0,3530.0
86940.0,2.3900000000000006,39,3180.0,3180.0
86945.0,3.3699999999999974,35,2982.0,2982.0
86950.0,-1.1499999999999986,31,3146.0,3146.0
86955.0,-1.6499999999999986,38,3318.0,3318.0
86960.0,-1.6499999999999986,37,3108.0,3108.0
86965.0,1.3499999999999979,36,2936.0,2936.0
86970.0,1.7199999999999989,35,3038.0,3038.0
86975.0,-1.7399999999999984,40,3226.0,3226.0
86980.0,-2.030000000000001,46,3441.0,3441.0
86985.0,-2.030000000000001,45,3348.0,3348.0
86990.0,0.020000000000003126,38,3289.0,3289.0
86995.0,0.5899999999999963,34,3311.0,3311.0
87000.0,-0.9600000000000009,42,3506.0,3506.0
87005.0,-2.0899999999999963,51,3738.0,3738.0
87010.0,-3.490000000000002,53,3996.0,3996.0
87015.0,-2.6600000000000037,56,4265.0,4265.0
87020.0,-2.6600000000000037,48,3772.0,3772.0
87025.0,3.9100000000000037,40,3287.0,3287.0
87030.0,4.920000000000002,29,3155.0,3155.0
87035.0,2.2799999999999976,16,3023.0,3023.0
87040.0,1.7600000000000016,17,2879.0,2879.0
87045.0,0.7399999999999984,24,2866.0,2866.0
87050.0,0.7399999999999984,30,2968.0,2968.0
87055.0,-1.1999999999999993,40,3148.0,3148.0
87060.0,-1.8000000000000007,38,2985.0,2985.0
87065.0,4.330000000000002,28,2485.0,2485.0
87070.0,4.729999999999997,23,2317.0,2317.0
87075.0,-1.6099999999999994,21,2424.0,2424.0
87080.0,-1.2300000000000004,30,2556.0,2556.0
87085.0,-1.2300000000000004,34,2633.0,2633.0
87090.0,-1.4299999999999997,43,2832.0,2832.0
87095.0,-2.0700000000000003,46,3058.0,3058.0
87100.0,-3.229999999999997,48,3295.0,3295.0
87105.0,-2.4300000000000033,50,3541.0,3541.0
87110.0,-2.4300000000000033,43,3106.0,3106.0
87115.0,3.360000000000003,41,2750.0,2750.0
87120.0,3.5599999999999987,30,2737.0,2737.0
87125.0,1.3599999999999994,24,2462.0,2462.0
87130.0,2.4299999999999997,18,2327.0,2327.0
87135.0,-0.0799999999999983,27,2406.0,2406.0
87140.0,-1.5899999999999999,40,2578.0,2578.0
87145.0,-1.5899999999999999,40,2581.0,2581.0
87150.0,-0.2699999999999996,37,2532.0,2532.0
87155.0,-0.0400000000000027,33,2636.0,2636.0
87160.0,-1.5899999999999999,37,2802.0,2802.0
87165.0,-1.9699999999999989,46,3015.0,3015.0
87170.0,-1.9699999999999989,36,2535.0,2535.0
87175.0,3.8999999999999986,30,2093.0,2093.0
87180.0,4.420000000000002,25,1949.0,1949.0
87185.0,0.9199999999999982,26,2078.0,2078.0
87190.0,-1.2899999999999991,31,2064.0,2064.0
87195.0,-0.4399999999999977,35,2209.0,2209.0
87200.0,-1.8800000000000026,45,2407.0,2407.0
87205.0,-1.8800000000000026,48,2642.0,2642.0
87210.0,-3.2799999999999976,51,2888.0,2888.0
87215.0,-2.490000000000002,52,3147.0,3147.0
87220.0,-3.6499999999999986,55,3412.0,3412.0
87225.0,-2.8400000000000034,60,3708.0,3708.0
87230.0,-2.8400000000000034,52,3636.0,3636.0
87235.0,-0.4799999999999969,45,3583.0,3583.0
87240.0,0.5300000000000011,39,3414.0,3414.0
87245.0,1.6899999999999977,41,3413.0,3413.0
87250.0,0.00999999999999801,38,3189.0,3189.0
87255.0,5.0000000000000036,37,2720.0,2720.0
87260.0,3.9899999999999984,32,2401.0,2401.0
87265.0,0.9299999999999997,24,2438.0,2438.0
87270.0,-0.8200000000000003,24,2527.0,2527.0
87275.0,-0.8200000000000003,24,2101.0,2101.0
87280.0,3.780000000000001,22,1755.0,1755.0
87285.0,4.559999999999999,18,1634.0,1634.0
87290.0,0.9000000000000021,11,1526.0,1526.0
87295.0,1.0299999999999994,18,1486.0,1486.0
87300.0,1.0299999999999994,21,1145.0,1145.0
87305.0,3.3100000000000005,18,900.0,900.0
87310.0,2.4499999999999993,12,791.0,791.0
87315.0,1.1600000000000001,19,835.0,835.0
87320.0,-0.9499999999999993,25,951.0,951.0
87325.0,-1.2800000000000011,32,967.0,967.0
87330.0,-0.8599999999999994,33,1126.0,1126.0
87335.0,-1.7400000000000002,37,1304.0,1304.0
87340.0,-1.7400000000000002,35,1466.0,1466.0
87345.0,-2.2699999999999996,38,1641.0,1641.0
87350.0,-1.8600000000000012,35,1689.0,1689.0
87355.0,0.19000000000000128,28,1614.0,1614.0
87360.0,0.6600000000000001,24,1557.0,1557.0
87365.0,0.7899999999999991,28,1571.0,1571.0
87370.0,0.7899999999999991,30,1693.0,1693.0
87375.0,-1.7699999999999996,33,1853.0,1853.0
87380.0,-1.6000000000000014,31,1960.0,1960.0
87385.0,-1.25,28,2041.0,2041.0
87390.0,-1.0899999999999999,27,1880.0,1880.0
87395.0,3.8200000000000003,20,1595.0,1595.0
87400.0,5.0,19,1224.0,1224.0
87405.0,5.0,11,1282.0,1282.0
87410.0,-0.8399999999999999,16,1344.0,1344.0
87415.0,-0.7299999999999986,20,1409.0,1409.0
87420.0,-1.2100000000000009,29,1540.0,1540.0
87425.0,-1.5200000000000014,33,1701.0,1701.0
87430.0,-1.6799999999999997,37,1876.0,1876.0
87435.0,-1.8399999999999999,38,2062.0,2062.0
87440.0,-1.8399999999999999,41,2254.0,2254.0
87445.0,-2.669999999999998,41,2459.0,2459.0
87450.0,-2.0500000000000007,43,2670.0,2670.0
87455.0,-2.1099999999999994,39,2763.0,2763.0
87460.0,-0.5899999999999999,32,2737.0,2737.0
87465.0,0.029999999999997584,31,2462.0,2462.0
87470.0,4.380000000000003,26,2314.0,2314.0
87475.0,3.9499999999999993,28,1797.0,1797.0
87480.0,3.9499999999999993,22,1900.0,1900.0
87485.0,-0.3000000000000007,24,2010.0,2010.0
87490.0,-1.120000000000001,28,2109.0,2109.0
87495.0,-1.2699999999999996,34,2229.0,2229.0
87500.0,-1.759999999999998,43,2423.0,2423.0
87505.0,-2.16,44,2642.0,2642.0
87510.0,-2.16,50,2873.0,2873.0
87515.0,-3.1900000000000013,51,3127.0,3127.0
87520.0,-2.539999999999999,53,3387.0,3387.0
87525.0,-2.599999999999998,52,3623.0,3623.0
87530.0,-3.270000000000003,54,3874.0,3874.0
87535.0,-2.6799999999999997,54,3974.0,3974.0
87540.0,-0.36999999999999744,46,4065.0,4065.0
87545.0,0.5399999999999991,43,3894.0,3894.0
87550.0,0.8399999999999963,43,3924.0,3924.0
87555.0,0.8399999999999963,38,3361.0,3361.0
87560.0,4.830000000000005,35,2867.0,2867.0
87565.0,4.979999999999997,29,2315.0,2315.0
87570.0,6.989999999999998,19,2236.0,2236.0
87575.0,-0.4499999999999993,22,2290.0,2290.0
87580.0,-1.1999999999999993,30,2424.0,2424.0
87585.0,-1.1999999999999993,35,2511.0,2511.0
87590.0,-1.4499999999999993,42,2707.0,2707.0
87595.0,-1.9600000000000009,46,2930.0,2930.0
87600.0,-3.1499999999999986,46,3160.0,3160.0
87605.0,-2.3299999999999983,46,3229.0,3229.0
87610.0,0.00999999999999801,39,3293.0,3293.0
87615.0,0.6400000000000006,34,3122.0,3122.0
87620.0,0.889999999999997,38,3139.0,3139.0
87625.0,0.889999999999997,33,2632.0,2632.0
87630.0,4.360000000000003,31,2175.0,2175.0
87635.0,4.59,27,2135.0,2135.0
87640.0,-0.05000000000000071,24,2259.0,2259.0
87645.0,-1.2600000000000016,31,2398.0,2398.0
87650.0,-1.2600000000000016,33,2439.0,2439.0
87655.0,-1.0199999999999996,43,2637.0,2637.0
87660.0,-1.9800000000000004,39,2544.0,2544.0
87665.0,3.0600000000000023,31,2031.0,2031.0
87670.0,4.829999999999998,25,1928.0,1928.0
87675.0,-1.7699999999999996,27,2052.0,2052.0
87680.0,-1.4400000000000013,33,2202.0,2202.0
87685.0,-1.4400000000000013,33,2034.0,2034.0
87690.0,1.0199999999999996,34,1941.0,1941.0
87695.0,0.9200000000000017,32,1895.0,1895.0
87700.0,1.3599999999999994,28,1675.0,1675.0
87705.0,3.4400000000000013,29,1316.0,1316.0
87710.0,2.7799999999999994,23,1097.0,1097.0
87715.0,2.7799999999999994,20,1142.0,1142.0
87720.0,0.75,28,1267.0,1267.0
87725.0,-1.25,31,1350.0,1350.0
87730.0,-0.7599999999999998,37,1441.0,1441.0
87735.0,-1.7200000000000006,38,1491.0,1491.0
87740.0,0.15000000000000036,28,1485.0,1485.0
87745.0,0.8900000000000006,24,1435.0,1435.0
87750.0,0.8900000000000006,19,1141.0,1141.0
87755.0,2.51,17,925.0,925.0
87760.0,2.1899999999999995,15,865.0,865.0
87765.0,0.2599999999999998,19,953.0,953.0
87770.0,-1.0899999999999999,28,1079.0,1079.0
87775.0,-1.5,36,1246.0,1246.0
87780.0,-1.8599999999999994,39,1438.0,1438.0
87785.0,-1.8599999999999994,38,1579.0,1579.0
87790.0,-2.1899999999999995,41,1776.0,1776.0
87795.0,-1.9700000000000024,43,1983.0,1983.0
87800.0,-2.9299999999999997,44,2199.0,2199.0
87805.0,-2.1999999999999993,47,2426.0,2426.0
87810.0,-2.3099999999999987,45,2445.0,2445.0
87815.0,1.0799999999999983,38,2450.0,2450.0
87820.0,1.7600000000000016,30,2266.0,2266.0
87825.0,1.7600000000000016,30,2412.0,2412.0
87830.0,-2.080000000000002,38,2588.0,2588.0
87835.0,-1.8499999999999979,47,2806.0,2806.0
87840.0,-2.2600000000000016,53,3062.0,3062.0
87845.0,-2.599999999999998,55,3332.0,3332.0
87850.0,-2.719999999999999,53,3336.0,3336.0
87855.0,1.509999999999998,44,3090.0,3090.0
87860.0,3.6400000000000006,39,2950.0,2950.0
87865.0,3.6400000000000006,37,3136.0,3136.0
87870.0,-2.6400000000000006,39,3321.0,3321.0
87875.0,-1.8500000000000014,45,3453.0,3453.0
87880.0,-2.25,51,3695.0,3695.0
87885.0,-2.530000000000001,57,3968.0,3968.0
87890.0,-2.8500000000000014,57,3998.0,3998.0
87895.0,1.1600000000000037,49,4017.0,4017.0
87900.0,2.9399999999999977,41,3607.0,3607.0
87905.0,2.469999999999999,39,3406.0,3406.0
87910.0,0.990000000000002,40,3307.0,3307.0
87915.0,0.990000000000002,34,2847.0,2847.0
87920.0,4.470000000000002,33,2439.0,2439.0
87925.0,4.099999999999998,28,2418.0,2418.0
87930.0,0.10999999999999943,28,2516.0,2516.0
87935.0,-1.4299999999999997,33,2668.0,2668.0
87940.0,-1.4299999999999997,35,2597.0,2597.0
87945.0,0.060000000000002274,33,2593.0,2593.0
87950.0,0.03999999999999915,36,2639.0,2639.0
87955.0,-1.240000000000002,44,2845.0,2845.0
87960.0,-2.1999999999999993,47,2751.0,2751.0
87965.0,3.25,40,2363.0,2363.0
87970.0,6.16,32,2028.0,2028.0
87975.0,6.16,26,2031.0,2031.0
87980.0,-0.6199999999999974,28,2161.0,2161.0
87985.0,-1.3400000000000034,37,2331.0,2331.0
87990.0,-1.759999999999998,39,2392.0,2392.0
87995.0,-0.23000000000000043,35,2352.0,2352.0
88000.0,0.3999999999999986,32,2372.0,2372.0
88005.0,0.3999999999999986,29,1960.0,1960.0
88010.0,3.91,23,1602.0,1602.0
88015.0,3.580000000000002,25,1535.0,1535.0
88020.0,0.1899999999999995,26,1657.0,1657.0
88025.0,-1.290000000000001,31,1592.0,1592.0
88030.0,1.9300000000000015,28,1463.0,1463.0
88035.0,2.3200000000000003,28,1315.0,1315.0
88040.0,2.3200000000000003,22,1331.0,1331.0
88045.0,-0.6699999999999999,30,1465.0,1465.0
88050.0,-1.4300000000000015,36,1635.0,1635.0
88055.0,-2.5999999999999996,45,1846.0,1846.0
88060.0,-2.2399999999999984,45,2071.0,2071.0
88065.0,-2.2399999999999984,48,2293.0,2293.0
88070.0,-3.120000000000001,48,2533.0,2533.0
88075.0,-2.3999999999999986,45,2554.0,2554.0
88080.0,1.0199999999999996,36,2352.0,2352.0
88085.0,1.8399999999999999,33,2047.0,2047.0
88090.0,2.7099999999999973,30,2052.0,2052.0
88095.0,-1.8199999999999967,33,2191.0,2191.0
88100.0,-1.7700000000000031,40,2375.0,2375.0
88105.0,-1.7700000000000031,38,2331.0,2331.0
88110.0,1.9700000000000024,33,1879.0,1879.0
88115.0,2.2699999999999996,27,1942.0,1942.0
88120.0,-1.1000000000000014,28,2077.0,2077.0
88125.0,-1.5299999999999976,37,2246.0,2246.0
88130.0,-1.5299999999999976,41,2427.0,2427.0
88135.0,-2.530000000000001,49,2654.0,2654.0
88140.0,-2.2699999999999996,45,2682.0,2682.0
88145.0,0.8299999999999983,37,2419.0,2419.0
88150.0,2.4400000000000013,30,2346.0,2346.0
88155.0,-1.3900000000000006,34,2500.0,2500.0
88160.0,-1.9499999999999993,44,2705.0,2705.0
88165.0,-1.9499999999999993,44,2614.0,2614.0
88170.0,0.030000000000001137,37,2586.0,2586.0
88175.0,0.35999999999999943,34,2728.0,2728.0
88180.0,-1.8100000000000023,40,2882.0,2882.0
88185.0,-2.0700000000000003,48,3105.0,3105.0
88190.0,-2.4399999999999977,51,3356.0,3356.0
88195.0,-2.6600000000000037,55,3630.0,3630.0
88200.0,-2.6600000000000037,47,3235.0,3235.0
88205.0,2.8500000000000014,39,2876.0,2876.0
88210.0,3.59,36,3056.0,3056.0
88215.0,-2.4899999999999984,33,3225.0,3225.0
88220.0,-1.6599999999999966,38,3401.0,3401.0
88225.0,-1.9000000000000057,46,3615.0,3615.0
88230.0,-2.299999999999997,52,3865.0,3865.0
88235.0,-2.6300000000000026,57,3833.0,3833.0
88240.0,2.280000000000001,47,3663.0,3663.0
88245.0,3.0700000000000003,41,3357.0,3357.0
88250.0,3.0700000000000003,34,3429.0,3429.0
88255.0,-0.21999999999999886,34,3595.0,3595.0
88260.0,-1.7199999999999989,39,3530.0,3530.0
88265.0,2.3399999999999963,40,3252.0,3252.0
88270.0,2.330000000000002,42,3146.0,3146.0
88275.0,2.330000000000002,36,3299.0,3299.0
88280.0,-1.3300000000000018,43,3502.0,3502.0
88285.0,-2.030000000000001,45,3529.0,3529.0
88290.0,0.6400000000000006,42,3405.0,3405.0
88295.0,0.8700000000000045,37,3304.0,3304.0
88300.0,0.8599999999999994,37,3045.0,3045.0
88305.0,3.849999999999998,34,2761.0,2761.0
88310.0,4.030000000000001,31,2508.0,2508.0
88315.0,4.030000000000001,29,2612.0,2612.0
88320.0,-1.629999999999999,28,2749.0,2749.0
88325.0,-1.370000000000001,35,2912.0,2912.0
88330.0,-1.7199999999999989,39,2801.0,2801.0
88335.0,3.169999999999998,39,2433.0,2433.0
88340.0,3.3999999999999986,37,2123.0,2123.0
88345.0,3.3999999999999986,27,2109.0,2109.0
88350.0,1.8300000000000018,34,2261.0,2261.0
88355.0,-1.5199999999999996,42,2454.0,2454.0
88360.0,-1.9299999999999997,51,2686.0,2686.0
88365.0,-2.3200000000000003,51,2887.0,2887.0
88370.0,-2.4800000000000004,53,3089.0,3089.0
88375.0,-2.6099999999999994,52,3166.0,3166.0
88380.0,0.00999999999999801,45,3239.0,3239.0
88385.0,1.0400000000000027,36,2979.0,2979.0
88390.0,2.549999999999997,32,2867.0,2867.0
88395.0,2.549999999999997,33,3025.0,3025.0
88400.0,-2.25,39,3210.0,3210.0
88405.0,-1.9099999999999966,43,3272.0,3272.0
88410.0,-0.23000000000000398,45,3250.0,3250.0
88415.0,-0.0799999999999983,40,3285.0,3285.0
88420.0,-0.0799999999999983,33,2746.0,2746.0
88425.0,5.359999999999999,29,2283.0,2283.0
88430.0,4.630000000000003,24,2102.0,2102.0
88435.0,1.75,25,2183.0,2183.0
88440.0,-1.2900000000000027,30,2053.0,2053.0
88445.0,3.210000000000001,30,1946.0,1946.0
88450.0,2.830000000000002,28,1577.0,1577.0
88455.0,2.830000000000002,25,1684.0,1684.0
88460.0,-0.7600000000000016,29,1819.0,1819.0
88465.0,-1.4100000000000001,35,1837.0,1837.0
88470.0,0.4800000000000004,30,1756.0,1756.0
88475.0,0.5799999999999983,28,1756.0,1756.0
88480.0,0.5799999999999983,34,1910.0,1910.0
88485.0,-1.6600000000000001,41,2098.0,2098.0
88490.0,-1.879999999999999,47,2322.0,2322.0
88495.0,-2.2399999999999984,50,2561.0,2561.0
88500.0,-2.3900000000000006,45,2531.0,2531.0
88505.0,1.870000000000001,37,2260.0,2260.0
88510.0,2.539999999999999,31,2113.0,2113.0
88515.0,-1.1000000000000014,30,2260.0,2260.0
88520.0,-1.6499999999999986,37,2432.0,2432.0
88525.0,-1.6499999999999986,38,2370.0,2370.0
88530.0,0.7399999999999984,34,2176.0,2176.0
88535.0,1.120000000000001,34,2342.0,2342.0
88540.0,-2.3500000000000014,37,2518.0,2518.0
88545.0,-1.9699999999999989,47,2733.0,2733.0
88550.0,-2.419999999999998,54,2989.0,2989.0
88555.0,-2.419999999999998,48,2748.0,2748.0
88560.0,1.3499999999999979,42,2572.0,2572.0
88565.0,1.7600000000000016,35,2291.0,2291.0
88570.0,2.8099999999999987,28,2055.0,2055.0
88575.0,3.6000000000000014,34,1987.0,1987.0
88580.0,-1.3000000000000007,39,2125.0,2125.0
88585.0,-2.3500000000000014,45,2341.0,2341.0
88590.0,-2.3299999999999983,47,2576.0,2576.0
88595.0,-2.3599999999999994,50,2815.0,2815.0
88600.0,-2.3599999999999994,51,3070.0,3070.0
88605.0,-3.5600000000000023,54,3328.0,3328.0
88610.0,-2.6199999999999974,55,3603.0,3603.0
88615.0,-3.8599999999999994,56,3881.0,3881.0
88620.0,-2.8700000000000045,59,4174.0,4174.0
88625.0,-2.8700000000000045,56,3889.0,3889.0
88630.0,1.6700000000000017,49,3535.0,3535.0
88635.0,3.539999999999999,39,3732.0,3732.0
88640.0,-2.5799999999999983,40,3910.0,3910.0
88645.0,-2.009999999999998,44,3884.0,3884.0
88650.0,1.7199999999999989,42,3774.0,3774.0
88655.0,2.9200000000000017,39,3569.0,3569.0
88660.0,2.9200000000000017,37,3690.0,3690.0
88665.0,-1.970000000000006,46,3903.0,3903.0
88670.0,-2.229999999999997,51,4148.0,4148.0
88675.0,-2.509999999999998,56,4393.0,4393.0
88680.0,-3.4100000000000037,61,4663.0,4663.0
88685.0,-3.039999999999999,62,4970.0,4970.0
88690.0,-3.1199999999999974,65,5288.0,5288.0
88695.0,-3.1199999999999974,58,4855.0,4855.0
88700.0,3.030000000000001,55,4498.0,4498.0
88705.0,3.5700000000000003,45,4728.0,4728.0
88710.0,-3.0700000000000003,46,4945.0,4945.0
88715.0,-2.3300000000000054,49,4896.0,4896.0
88720.0,2.1799999999999997,48,4868.0,4868.0
88725.0,2.5900000000000034,44,4388.0,4388.0
88730.0,3.6799999999999997,40,4233.0,4233.0
88735.0,3.6799999999999997,35,3706.0,3706.0
88740.0,4.530000000000001,31,3239.0,3239.0
88745.0,6.139999999999997,28,3072.0,3072.0
88750.0,-0.019999999999999574,30,3187.0,3187.0
88755.0,-1.5799999999999983,38,3361.0,3361.0
88760.0,-1.980000000000004,45,3572.0,3572.0
88765.0,-2.3599999999999994,54,3826.0,3826.0
88770.0,-2.799999999999997,61,4120.0,4120.0
88775.0,-3.0600000000000023,63,4432.0,4432.0
88780.0,-3.0600000000000023,55,4076.0,4076.0
88785.0,2.3000000000000043,47,3776.0,3776.0
88790.0,3.0,41,3747.0,3747.0
88795.0,-0.5100000000000051,44,3955.0,3955.0
88800.0,-2.1899999999999977,52,4194.0,4194.0
88805.0,-2.549999999999997,58,4471.0,4471.0
88810.0,-2.8900000000000006,66,4784.0,4784.0
88815.0,-3.280000000000001,65,4796.0,4796.0
88820.0,1.8200000000000003,58,4794.0,4794.0
88825.0,3.0,49,4359.0,4359.0
88830.0,3.0,43,4188.0,4188.0
88835.0,2.0700000000000003,38,4387.0,4387.0
88840.0,-1.9699999999999989,42,4321.0,4321.0
88845.0,2.210000000000001,45,4053.0,4053.0
88850.0,3.289999999999999,42,3961.0,3961.0
88855.0,3.289999999999999,41,4157.0,4157.0
88860.0,-2.8100000000000023,48,4382.0,4382.0
88865.0,-2.25,48,4404.0,4404.0
88870.0,0.8800000000000026,47,4150.0,4150.0
88875.0,2.1299999999999955,43,4018.0,4018.0
88880.0,0.8599999999999994,44,3988.0,3988.0
88885.0,-0.7899999999999991,42,4110.0,4110.0
88890.0,-1.9699999999999989,48,4319.0,4319.0
88895.0,-1.9699999999999989,43,3726.0,3726.0
88900.0,5.039999999999999,35,3193.0,3193.0
88905.0,5.399999999999999,24,2882.0,2882.0
88910.0,3.950000000000003,15,2786.0,2786.0
88915.0,0.490000000000002,18,2799.0,2799.0
88920.0,0.490000000000002,17,2302.0,2302.0
88925.0,4.809999999999999,21,1876.0,1876.0
88930.0,4.259999999999998,16,1910.0,1910.0
88935.0,-0.129999999999999,15,1877.0,1877.0
88940.0,-0.14999999999999858,19,1890.0,1890.0
88945.0,-0.8500000000000014,31,2020.0,2020.0
88950.0,-1.7199999999999989,37,2198.0,2198.0
88955.0,-1.7199999999999989,33,2213.0,2213.0
88960.0,-0.8500000000000014,34,2348.0,2348.0
88965.0,-1.3699999999999974,33,2466.0,2466.0
88970.0,-1.2100000000000009,28,2527.0,2527.0
88975.0,-0.8399999999999999,30,2640.0,2640.0
88980.0,-0.8399999999999999,21,2109.0,2109.0
88985.0,4.789999999999999,21,1618.0,1618.0
88990.0,4.91,11,1549.0,1549.0
88995.0,0.5600000000000005,15,1603.0,1603.0
89000.0,-0.7500000000000018,21,1696.0,1696.0
89005.0,-1.0899999999999999,29,1831.0,1831.0
89010.0,-1.4899999999999984,35,1998.0,1998.0
89015.0,-1.75,36,2121.0,2121.0
89020.0,-1.9600000000000009,37,2303.0,2303.0
89025.0,-2.0100000000000016,43,2510.0,2510.0
89030.0,-2.1899999999999977,45,2731.0,2731.0
89035.0,-2.1899999999999977,43,2908.0,2908.0
89040.0,-2.650000000000002,44,3127.0,3127.0
89045.0,-2.1999999999999993,43,2977.0,2977.0
89050.0,4.190000000000001,34,2499.0,2499.0
89055.0,4.530000000000001,30,2359.0,2359.0
89060.0,4.530000000000001,32,2508.0,2508.0
89065.0,-2.09,35,2673.0,2673.0
89070.0,-1.6500000000000021,38,2830.0,2830.0
89075.0,-2.1499999999999986,46,3022.0,3022.0
89080.0,-2.2900000000000027,52,3268.0,3268.0
89085.0,-3.6199999999999974,54,3533.0,3533.0
89090.0,-2.710000000000001,56,3806.0,3806.0
89095.0,-2.710000000000001,54,3652.0,3652.0
89100.0,0.46000000000000085,46,3524.0,3524.0
89105.0,1.3599999999999994,39,3434.0,3434.0
89110.0,2.1899999999999977,39,3313.0,3313.0
89115.0,-0.030000000000001137,36,3040.0,3040.0
89120.0,5.450000000000003,34,2578.0,2578.0
89125.0,4.219999999999999,29,2317.0,2317.0
89130.0,4.219999999999999,25,2315.0,2315.0
89135.0,0.7000000000000028,24,2426.0,2426.0
89140.0,-1.110000000000003,26,2275.0,2275.0
89145.0,3.6000000000000014,24,1900.0,1900.0
89150.0,4.510000000000002,20,1559.0,1559.0
89155.0,0.9999999999999982,12,1489.0,1489.0
89160.0,0.9500000000000011,15,1403.0,1403.0
89165.0,0.9500000000000011,25,1508.0,1508.0
89170.0,-1.1500000000000004,35,1667.0,1667.0
89175.0,-1.6899999999999995,35,1606.0,1606.0
89180.0,2.1899999999999995,28,1343.0,1343.0
89185.0,2.4299999999999997,18,1280.0,1280.0
89190.0,2.4299999999999997,20,1372.0,1372.0
89195.0,-1.3000000000000007,28,1489.0,1489.0
89200.0,-1.17,36,1653.0,1653.0
89205.0,-1.6400000000000006,38,1705.0,1705.0
89210.0,-0.08999999999999986,30,1617.0,1617.0
89215.0,0.6500000000000004,26,1502.0,1502.0
89220.0,0.20000000000000107,31,1608.0,1608.0
89225.0,-1.6999999999999993,37,1784.0,1784.0
89230.0,-1.6999999999999993,33,1800.0,1800.0
89235.0,-0.8399999999999999,29,1854.0,1854.0
89240.0,-0.5300000000000011,30,1979.0,1979.0
89245.0,-1.870000000000001,35,2139.0,2139.0
89250.0,-1.7300000000000004,39,2319.0,2319.0
89255.0,-1.7300000000000004,29,1924.0,1924.0
89260.0,3.200000000000003,21,1559.0,1559.0
89265.0,3.6499999999999986,17,1447.0,1447.0
89270.0,0.8100000000000005,18,1525.0,1525.0
89275.0,-0.9100000000000001,28,1648.0,1648.0
89280.0,-1.3499999999999996,37,1804.0,1804.0
89285.0,-1.75,41,1972.0,1972.0
89290.0,-2.2699999999999996,43,2149.0,2149.0
89295.0,-2.150000000000002,43,2364.0,2364.0
89300.0,-2.150000000000002,47,2590.0,2590.0
89305.0,-3.16,48,2826.0,2826.0
89310.0,-2.3699999999999974,54,3081.0,3081.0
89315.0,-2.620000000000001,51,3067.0,3067.0
89320.0,1.8099999999999987,43,2801.0,2801.0
89325.0,2.7300000000000004,38,2758.0,2758.0
89330.0,2.7300000000000004,25,2557.0,2557.0
89335.0,1.25,18,2348.0,2348.0
89340.0,2.09,19,2245.0,2245.0
89345.0,1.1999999999999993,32,2314.0,2314.0
89350.0,-1.5799999999999983,41,2236.0,2236.0
89355.0,2.370000000000001,37,2186.0,2186.0
89360.0,2.979999999999997,31,1782.0,1782.0
89365.0,2.979999999999997,19,1673.0,1673.0
89370.0,2.25,14,1462.0,1462.0
89375.0,1.5000000000000018,20,1511.0,1511.0
89380.0,-1.040000000000001,30,1639.0,1639.0
89385.0,-1.6400000000000006,42,1826.0,1826.0
89390.0,-1.6400000000000006,42,1950.0,1950.0
89395.0,-2.0599999999999987,44,2166.0,2166.0
89400.0,-2.16,39,2263.0,2263.0
89405.0,-0.7699999999999996,31,2220.0,2220.0
89410.0,0.28000000000000114,29,2004.0,2004.0
89415.0,3.639999999999997,26,1877.0,1877.0
89420.0,3.160000000000002,28,1459.0,1459.0
89425.0,3.160000000000002,19,1541.0,1541.0
89430.0,-0.2699999999999996,23,1648.0,1648.0
89435.0,-1.1100000000000012,28,1561.0,1561.0
89440.0,2.33,24,1313.0,1313.0
89445.0,2.030000000000001,23,1218.0,1218.0
89450.0,2.030000000000001,23,1325.0,1325.0
89455.0,-0.8800000000000008,29,1458.0,1458.0
89460.0,-1.33,35,1535.0,1535.0
89465.0,-1.5299999999999994,41,1733.0,1733.0
89470.0,-2.039999999999999,43,1942.0,1942.0
89475.0,-3.0500000000000007,45,2165.0,2165.0
89480.0,-2.25,46,2391.0,2391.0
89485.0,-2.25,41,2422.0,2422.0
89490.0,0.5799999999999983,38,2131.0,2131.0
89495.0,1.1700000000000017,33,2235.0,2235.0
89500.0,-1.6799999999999997,37,2412.0,2412.0
89505.0,-1.9499999999999993,45,2622.0,2622.0
89510.0,-2.3100000000000023,50,2864.0,2864.0
89515.0,-2.3100000000000023,51,3024.0,3024.0
89520.0,-2.599999999999998,52,3284.0,3284.0
89525.0,-2.600000000000005,54,3549.0,3549.0
89530.0,-2.6499999999999986,56,3827.0,3827.0
89535.0,-2.780000000000001,52,3800.0,3800.0
89540.0,2.1500000000000057,45,3480.0,3480.0
89545.0,3.029999999999994,38,3312.0,3312.0
89550.0,-1.5,37,3496.0,3496.0
89555.0,-1.9199999999999946,40,3691.0,3691.0
89560.0,-2.1700000000000017,49,3917.0,3917.0
89565.0,-2.6199999999999974,57,4187.0,4187.0
89570.0,-2.6199999999999974,60,4468.0,4468.0
89575.0,-4.0,65,4784.0,4784.0
89580.0,-3.190000000000005,62,4813.0,4813.0
89585.0,1.3800000000000026,54,4554.0,4554.0
89590.0,2.519999999999996,47,4327.0,4327.0
89595.0,4.020000000000003,40,3957.0,3957.0
89600.0,1.3900000000000006,40,3850.0,3850.0
89605.0,1.3900000000000006,39,4015.0,4015.0
89610.0,-0.9699999999999989,46,4228.0,4228.0
89615.0,-2.1300000000000026,45,4094.0,4094.0
89620.0,3.8599999999999994,40,3648.0,3648.0
89625.0,4.260000000000005,33,3344.0,3344.0
89630.0,1.3199999999999932,21,3247.0,3247.0
89635.0,1.8100000000000023,20,3014.0,3014.0
89640.0,1.8100000000000023,22,3101.0,3101.0
89645.0,-0.2099999999999973,35,3252.0,3252.0
89650.0,-1.6600000000000001,44,3424.0,3424.0
89655.0,-2.740000000000002,47,3658.0,3658.0
89660.0,-2.3699999999999974,51,3902.0,3902.0
89665.0,-2.3699999999999974,41,3411.0,3411.0
89670.0,3.8999999999999986,39,2956.0,2956.0
89675.0,4.550000000000001,27,2798.0,2798.0
89680.0,2.539999999999999,17,2567.0,2567.0
89685.0,1.5,17,2445.0,2445.0
89690.0,1.3000000000000007,21,2169.0,2169.0
89695.0,4.579999999999998,23,1987.0,1987.0
89700.0,3.8500000000000014,24,1387.0,1387.0
89705.0,3.8500000000000014,15,1342.0,1342.0
89710.0,2.219999999999999,21,1428.0,1428.0
89715.0,-0.9299999999999997,29,1556.0,1556.0
89720.0,-1.3599999999999994,36,1721.0,1721.0
89725.0,-1.7199999999999989,38,1670.0,1670.0
89730.0,2.139999999999999,29,1389.0,1389.0
89735.0,2.6099999999999994,22,1239.0,1239.0
89740.0,2.6099999999999994,24,1350.0,1350.0
89745.0,-0.6699999999999999,31,1491.0,1491.0
89750.0,-1.4100000000000001,37,1572.0,1572.0
89755.0,-1.6099999999999994,41,1774.0,1774.0
89760.0,-2.0500000000000007,44,1986.0,1986.0
89765.0,-3.09,45,2211.0,2211.0
89770.0,-2.2699999999999996,48,2441.0,2441.0
89775.0,-2.41,49,2683.0,2683.0
89780.0,-2.5100000000000016,53,2938.0,2938.0
89785.0,-2.5100000000000016,52,3185.0,3185.0
89790.0,-3.519999999999996,55,3452.0,3452.0
89795.0,-2.700000000000003,56,3730.0,3730.0
89800.0,-2.789999999999999,53,3742.0,3742.0
89805.0,1.3900000000000006,46,3509.0,3509.0
89810.0,2.219999999999999,42,3509.0,3509.0
89815.0,2.219999999999999,37,3697.0,3697.0
89820.0,-2.719999999999999,43,3900.0,3900.0
89825.0,-2.030000000000001,48,4128.0,4128.0
89830.0,-2.280000000000001,57,4402.0,4402.0
89835.0,-2.740000000000002,57,4440.0,4440.0
89840.0,0.9100000000000037,51,4245.0,4245.0
89845.0,1.7000000000000028,43,4178.0,4178.0
89850.0,-2.0400000000000063,45,4390.0,4390.0
89855.0,-2.279999999999994,49,4622.0,4622.0
89860.0,-2.279999999999994,45,4489.0,4489.0
89865.0,0.37999999999999545,46,4435.0,4435.0
89870.0,0.5500000000000043,39,4434.0,4434.0
89875.0,0.7999999999999972,36,4155.0,4155.0
89880.0,5.210000000000001,31,3593.0,3593.0
89885.0,5.219999999999999,32,3265.0,3265.0
89890.0,5.219999999999999,28,3397.0,3397.0
89895.0,-0.3999999999999986,30,3534.0,3534.0
89900.0,-1.3700000000000045,30,3357.0,3357.0
89905.0,4.380000000000003,28,2873.0,2873.0
89910.0,6.080000000000002,26,2568.0,2568.0
89915.0,-1.8399999999999999,28,2700.0,2700.0
89920.0,-1.6000000000000014,37,2869.0,2869.0
89925.0,-2.009999999999998,45,3078.0,3078.0
89930.0,-2.440000000000005,52,3329.0,3329.0
89935.0,-2.440000000000005,46,3263.0,3263.0
89940.0,-0.29999999999999716,38,3195.0,3195.0
89945.0,0.759999999999998,31,3251.0,3251.0
89950.0,-1.1799999999999997,38,3423.0,3423.0
89955.0,-1.9099999999999966,44,3627.0,3627.0
89960.0,-1.9099999999999966,41,3139.0,3139.0
89965.0,4.009999999999998,35,2719.0,2719.0
89970.0,4.199999999999999,31,2767.0,2767.0
89975.0,-1.129999999999999,35,2932.0,2932.0
89980.0,-1.7699999999999996,41,2868.0,2868.0
89985.0,0.9800000000000004,46,2957.0,2957.0
89990.0,-2.4499999999999993,51,3207.0,3207.0
89995.0,-2.4499999999999993,50,3066.0,3066.0
90000.0,0.41999999999999815,42,2924.0,2924.0
90005.0,1.5,35,2816.0,2816.0
90010.0,2.3200000000000003,30,2825.0,2825.0
90015.0,-1.5700000000000003,35,2958.0,2958.0
90020.0,-1.8200000000000003,43,3155.0,3155.0
90025.0,-1.8200000000000003,38,2645.0,2645.0
90030.0,4.260000000000002,37,2109.0,2109.0
90035.0,5.359999999999999,26,2254.0,2254.0
90040.0,-1.870000000000001,29,2377.0,2377.0
90045.0,-1.4199999999999982,33,2363.0,2363.0
90050.0,1.009999999999998,32,2369.0,2369.0
90055.0,1.9000000000000021,28,2175.0,2175.0
90060.0,1.9000000000000021,31,2326.0,2326.0
90065.0,-2.1099999999999994,39,2505.0,2505.0
90070.0,-1.860000000000003,42,2398.0,2398.0
90075.0,3.240000000000002,37,2065.0,2065.0
90080.0,2.710000000000001,34,2018.0,2018.0
90085.0,2.710000000000001,30,2170.0,2170.0
90090.0,-2.210000000000001,35,2329.0,2329.0
90095.0,-1.5899999999999999,38,2291.0,2291.0
90100.0,1.5999999999999979,38,2018.0,2018.0
90105.0,1.5,32,1966.0,1966.0
90110.0,-0.5899999999999999,33,2111.0,2111.0
90115.0,-1.7899999999999991,40,2297.0,2297.0
90120.0,-1.7899999999999991,46,2400.0,2400.0
90125.0,-1.8999999999999986,49,2639.0,2639.0
90130.0,-2.4200000000000017,52,2893.0,2893.0
90135.0,-3.629999999999999,54,3159.0,3159.0
90140.0,-2.7399999999999984,58,3441.0,3441.0
90145.0,-2.7399999999999984,49,3179.0,3179.0
90150.0,1.4699999999999989,42,2954.0,2954.0
90155.0,2.25,37,3047.0,3047.0
90160.0,-1.6700000000000017,37,3231.0,3231.0
90165.0,-1.8599999999999994,43,3376.0,3376.0
90170.0,-2.549999999999997,50,3612.0,3612.0
90175.0,-2.780000000000001,61,3901.0,3901.0
90180.0,-2.780000000000001,61,4177.0,4177.0
90185.0,-3.980000000000004,61,4482.0,4482.0
90190.0,-3.059999999999995,61,4503.0,4503.0
90195.0,1.3799999999999955,51,4266.0,4266.0
90200.0,2.25,48,4278.0,4278.0
90205.0,2.25,32,3892.0,3892.0
90210.0,2.8900000000000006,37,3554.0,3554.0
90215.0,3.3800000000000026,34,3594.0,3594.0
90220.0,-1.1000000000000014,38,3776.0,3776.0
90225.0,-1.9200000000000017,46,3739.0,3739.0
90230.0,1.8000000000000043,42,3498.0,3498.0
90235.0,2.1400000000000006,41,3427.0,3427.0
90240.0,2.1400000000000006,37,3496.0,3496.0
90245.0,-0.720000000000006,41,3689.0,3689.0
90250.0,-1.9799999999999969,45,3719.0,3719.0
90255.0,0.5799999999999983,42,3609.0,3609.0
90260.0,0.7800000000000011,40,3632.0,3632.0
90265.0,0.7800000000000011,40,3830.0,3830.0
90270.0,-2.3399999999999963,47,4051.0,4051.0
90275.0,-2.210000000000001,53,4303.0,4303.0
90280.0,-3.6200000000000045,61,4589.0,4589.0
90285.0,-2.979999999999997,61,4515.0,4515.0
90290.0,3.3999999999999986,51,4239.0,4239.0
90295.0,4.350000000000001,44,3818.0,3818.0
90300.0,4.350000000000001,37,3977.0,3977.0
90305.0,-0.759999999999998,36,4157.0,4157.0
90310.0,-1.8200000000000003,38,4141.0,4141.0
90315.0,1.2899999999999991,40,3977.0,3977.0
90320.0,1.1499999999999986,40,3897.0,3897.0
90325.0,1.1499999999999986,34,4051.0,4051.0
90330.0,-1.009999999999998,41,4242.0,4242.0
90335.0,-1.9100000000000037,42,4320.0,4320.0
90340.0,-0.3299999999999983,40,4288.0,4288.0
90345.0,0.14999999999999858,36,4332.0,4332.0
90350.0,-2.219999999999999,42,4524.0,4524.0
90355.0,-2.219999999999999,50,4754.0,4754.0
90360.0,-2.219999999999999,47,4141.0,4141.0
90365.0,5.170000000000002,41,3579.0,3579.0
90370.0,5.689999999999998,34,3409.0,3409.0
90375.0,1.1300000000000026,32,3568.0,3568.0
90380.0,-1.5700000000000003,36,3733.0,3733.0
90385.0,-1.5700000000000003,32,3219.0,3219.0
90390.0,4.43,34,2794.0,2794.0
90395.0,4.2499999999999964,33,2953.0,2953.0
90400.0,-2.1799999999999997,37,3121.0,3121.0
90405.0,-1.8699999999999974,44,3326.0,3326.0
90410.0,-2.1999999999999993,52,3572.0,3572.0
90415.0,-2.6000000000000014,54,3841.0,3841.0
90420.0,-2.759999999999998,56,3986.0,3986.0
90425.0,-2.6099999999999994,61,4277.0,4277.0
90430.0,-3.1200000000000045,64,4592.0,4592.0
90435.0,-3.1200000000000045,62,4875.0,4875.0
90440.0,-4.009999999999998,65,5184.0,5184.0
90445.0,-3.200000000000003,61,5129.0,5129.0
90450.0,3.0700000000000003,53,4708.0,4708.0
90455.0,3.950000000000003,48,4500.0,4500.0
90460.0,3.950000000000003,43,4720.0,4720.0
90465.0,-1.730000000000004,49,4948.0,4948.0
90470.0,-2.279999999999994,49,4872.0,4872.0
90475.0,2.9299999999999997,45,4495.0,4495.0
90480.0,3.5799999999999983,41,3885.0,3885.0
90485.0,5.839999999999996,32,3814.0,3814.0
90490.0,-2.279999999999994,34,3975.0,3975.0
90495.0,-1.8500000000000014,42,4168.0,4168.0
90500.0,-1.8500000000000014,44,3901.0,3901.0
90505.0,1.8200000000000003,42,3677.0,3677.0
90510.0,2.259999999999998,37,3670.0,3670.0
90515.0,-0.6600000000000037,42,3867.0,3867.0
90520.0,-2.1499999999999986,49,4095.0,4095.0
90525.0,-2.1499999999999986,52,4244.0,4244.0
90530.0,-2.4499999999999957,56,4517.0,4517.0
90535.0,-2.730000000000004,53,4572.0,4572.0
90540.0,0.480000000000004,43,4418.0,4418.0
90545.0,1.3999999999999986,38,4155.0,4155.0
90550.0,2.1599999999999966,37,3758.0,3758.0
90555.0,6.080000000000005,30,3535.0,3535.0
90560.0,5.739999999999998,27,2958.0,2958.0
90565.0,5.739999999999998,16,2952.0,2952.0
90570.0,-0.360000000000003,15,2942.0,2942.0
90575.0,0.09000000000000341,18,2666.0,2666.0
90580.0,5.43,17,2164.0,2164.0
90585.0,4.729999999999997,18,1854.0,1854.0
90590.0,4.729999999999997,14,1858.0,1858.0
90595.0,0.8400000000000034,19,1942.0,1942.0
90600.0,-0.8400000000000034,23,1791.0,1791.0
90605.0,3.540000000000001,24,1434.0,1434.0
90610.0,3.17,20,1322.0,1322.0
90615.0,-1.1199999999999992,21,1404.0,1404.0
90620.0,-1.1999999999999993,28,1531.0,1531.0
90625.0,-1.1999999999999993,28,1476.0,1476.0
90630.0,0.0,23,1437.0,1437.0
90635.0,0.4299999999999997,24,1359.0,1359.0
90640.0,0.23000000000000043,30,1495.0,1495.0
90645.0,-1.620000000000001,37,1672.0,1672.0
90650.0,-1.620000000000001,35,1820.0,1820.0
90655.0,-2.209999999999999,35,1995.0,1995.0
90660.0,-1.75,33,2083.0,2083.0
90665.0,-0.8100000000000023,27,2090.0,2090.0
90670.0,-0.5,27,1875.0,1875.0
90675.0,4.490000000000002,23,1552.0,1552.0
90680.0,4.119999999999999,20,1065.0,1065.0
90685.0,4.119999999999999,13,1144.0,1144.0
90690.0,1.08,19,1224.0,1224.0
90695.0,-0.8599999999999994,21,1293.0,1293.0
90700.0,-0.8399999999999999,30,1385.0,1385.0
90705.0,-1.5500000000000007,34,1549.0,1549.0
90710.0,-1.5500000000000007,29,1255.0,1255.0
90715.0,2.2699999999999996,25,1082.0,1082.0
90720.0,1.7300000000000004,18,1171.0,1171.0
90725.0,-1.1400000000000006,24,1265.0,1265.0
90730.0,-1.209999999999999,30,1280.0,1280.0
90735.0,0.41000000000000014,26,1302.0,1302.0
90740.0,0.6899999999999995,23,1161.0,1161.0
90745.0,0.33000000000000007,25,1199.0,1199.0
90750.0,0.33000000000000007,28,1331.0,1331.0
90755.0,-1.8699999999999992,33,1491.0,1491.0
90760.0,-1.6300000000000008,29,1423.0,1423.0
90765.0,2.3200000000000003,23,1143.0,1143.0
90770.0,3.42,14,912.0,912.0
90775.0,3.42,15,980.0,980.0
90780.0,-0.3000000000000007,21,1073.0,1073.0
90785.0,-0.9299999999999997,32,1212.0,1212.0
90790.0,-1.3899999999999988,32,1281.0,1281.0
90795.0,-0.5300000000000011,25,1266.0,1266.0
90800.0,0.08999999999999986,26,1293.0,1293.0
90805.0,-1.549999999999999,33,1444.0,1444.0
90810.0,-1.6500000000000004,33,1609.0,1609.0
90815.0,-1.700000000000001,37,1783.0,1783.0
90820.0,-1.8499999999999979,37,1968.0,1968.0
90825.0,-1.8499999999999979,34,2037.0,2037.0
90830.0,-1.3800000000000026,32,2138.0,2138.0
90835.0,-1.009999999999998,31,2279.0,2279.0
90840.0,-2.1400000000000006,35,2454.0,2454.0
90845.0,-1.7600000000000016,37,2634.0,2634.0
90850.0,-1.8999999999999986,39,2828.0,2828.0
90855.0,-1.8999999999999986,37,2591.0,2591.0
90860.0,1.5899999999999999,43,2797.0,2797.0
90865.0,-2.0599999999999987,38,2694.0,2694.0
90870.0,3.1799999999999997,31,2303.0,2303.0
90875.0,3.759999999999998,22,2012.0,2012.0
90880.0,0.5300000000000011,18,2068.0,2068.0
90885.0,-0.9699999999999989,24,2171.0,2171.0
90890.0,-0.9699999999999989,24,1786.0,1786.0
90895.0,3.349999999999998,26,1483.0,1483.0
90900.0,3.040000000000001,18,1487.0,1487.0
90905.0,-0.15000000000000036,22,1566.0,1566.0
90910.0,-1.1900000000000013,29,1698.0,1698.0
90915.0,-1.1900000000000013,28,1551.0,1551.0
90920.0,0.9100000000000019,23,1464.0,1464.0
90925.0,0.8699999999999992,25,1421.0,1421.0
90930.0,0.4299999999999997,29,1537.0,1537.0
90935.0,-1.7699999999999996,35,1702.0,1702.0
90940.0,-1.7699999999999996,37,1886.0,1886.0
90945.0,-1.8500000000000014,37,2037.0,2037.0
90950.0,-2.3200000000000003,39,2231.0,2231.0
90955.0,-1.9599999999999973,41,2429.0,2429.0
90960.0,-1.9599999999999973,35,2475.0,2475.0
90965.0,-1.1999999999999993,34,2542.0,2542.0
90970.0,-0.7100000000000009,33,2374.0,2374.0
90975.0,4.210000000000001,27,1933.0,1933.0
90980.0,4.09,23,1796.0,1796.0
90985.0,4.09,13,1831.0,1831.0
90990.0,-0.8200000000000003,15,1890.0,1890.0
90995.0,-0.5899999999999999,23,1989.0,1989.0
91000.0,-1.4700000000000024,34,2130.0,2130.0
91005.0,-1.6499999999999986,38,2309.0,2309.0
91010.0,-2.629999999999999,39,2504.0,2504.0
91015.0,-1.9600000000000009,41,2702.0,2702.0
91020.0,-1.9600000000000009,42,2909.0,2909.0
91025.0,-2.900000000000002,44,3123.0,3123.0
91030.0,-2.169999999999998,42,3211.0,3211.0
91035.0,-0.3400000000000034,39,3214.0,3214.0
91040.0,-0.6699999999999946,43,3355.0,3355.0
91045.0,-0.6699999999999946,40,3494.0,3494.0
91050.0,-2.25,41,3689.0,3689.0
91055.0,-1.9500000000000028,38,3862.0,3862.0
91060.0,-2.3800000000000026,38,4041.0,4041.0
91065.0,-1.9199999999999946,38,3830.0,3830.0
91070.0,5.349999999999994,29,3613.0,3613.0
91075.0,5.440000000000005,28,2920.0,2920.0
91080.0,5.440000000000005,18,3006.0,3006.0
91085.0,0.13999999999999702,18,3101.0,3101.0
91090.0,-0.9299999999999997,21,2871.0,2871.0
91095.0,5.010000000000002,19,2351.0,2351.0
91100.0,5.009999999999998,18,2000.0,2000.0
91105.0,5.009999999999998,19,2088.0,2088.0
91110.0,0.2900000000000027,25,2194.0,2194.0
91115.0,-1.0600000000000023,24,2220.0,2220.0
91120.0,0.14000000000000057,25,2186.0,2186.0
91125.0,-0.07000000000000028,26,1926.0,1926.0
91130.0,4.550000000000001,20,1752.0,1752.0
91135.0,4.15,15,1332.0,1332.0
91140.0,4.15,11,1252.0,1252.0
91145.0,0.5199999999999996,21,1339.0,1339.0
91150.0,-0.9699999999999989,26,1454.0,1454.0
91155.0,-1.7100000000000009,32,1597.0,1597.0
91160.0,-1.5999999999999996,33,1758.0,1758.0
91165.0,-1.5999999999999996,26,1396.0,1396.0
91170.0,2.969999999999999,16,1049.0,1049.0
91175.0,3.4700000000000006,17,1037.0,1037.0
91180.0,-0.2400000000000002,22,1136.0,1136.0
91185.0,-1.1399999999999988,31,1275.0,1275.0
91190.0,-1.5300000000000011,35,1444.0,1444.0
91195.0,-2.5,37,1627.0,1627.0
91200.0,-1.9000000000000004,39,1819.0,1819.0
91205.0,-1.9000000000000004,33,1586.0,1586.0
91210.0,1.629999999999999,25,1539.0,1539.0
91215.0,1.1400000000000023,24,1550.0,1550.0
91220.0,-1.2599999999999998,31,1689.0,1689.0
91225.0,-1.6400000000000006,38,1868.0,1868.0
91230.0,-1.9499999999999993,44,2075.0,2075.0
91235.0,-1.9499999999999993,44,2259.0,2259.0
91240.0,-2.710000000000001,46,2482.0,2482.0
91245.0,-2.2300000000000004,41,2454.0,2454.0
91250.0,1.8099999999999987,34,2183.0,2183.0
91255.0,2.620000000000001,28,2028.0,2028.0
91260.0,-0.9100000000000001,28,2158.0,2158.0
91265.0,-1.509999999999998,34,2315.0,2315.0
91270.0,-1.509999999999998,34,2108.0,2108.0
91275.0,1.389999999999997,30,1957.0,1957.0
91280.0,1.5600000000000023,27,1967.0,1967.0
91285.0,-0.6400000000000006,31,2111.0,2111.0
91290.0,-1.6700000000000017,40,2295.0,2295.0
91295.0,-1.6700000000000017,47,2506.0,2506.0
91300.0,-2.889999999999997,47,2741.0,2741.0
91305.0,-2.3500000000000014,51,2987.0,2987.0
91310.0,-3.4800000000000004,51,3242.0,3242.0
91315.0,-2.5600000000000023,53,3329.0,3329.0
91320.0,-0.20999999999999375,43,3270.0,3270.0
91325.0,1.0599999999999952,41,3259.0,3259.0
91330.0,1.0599999999999952,40,3455.0,3455.0
91335.0,-2.3599999999999994,45,3671.0,3671.0
91340.0,-2.219999999999999,49,3818.0,3818.0
91345.0,-1.5900000000000034,45,3886.0,3886.0
91350.0,-0.6199999999999974,41,3959.0,3959.0
91355.0,-0.7000000000000028,41,4091.0,4091.0
91360.0,-0.7000000000000028,41,3551.0,3551.0
91365.0,4.580000000000005,37,3074.0,3074.0
91370.0,4.77,24,2985.0,2985.0
91375.0,1.2999999999999972,20,2983.0,2983.0
91380.0,-0.5999999999999979,25,2759.0,2759.0
91385.0,4.640000000000001,21,2561.0,2561.0
91390.0,4.669999999999998,22,1981.0,1981.0
91395.0,4.669999999999998,19,2082.0,2082.0
91400.0,-0.2699999999999996,26,2195.0,2195.0
91405.0,-1.2100000000000009,30,2247.0,2247.0
91410.0,-1.2899999999999991,38,2426.0,2426.0
91415.0,-1.9800000000000004,43,2634.0,2634.0
91420.0,-1.9800000000000004,45,2857.0,2857.0
91425.0,-3.09,48,3087.0,3087.0
91430.0,-2.3000000000000007,50,3334.0,3334.0
91435.0,-2.4700000000000024,47,3414.0,3414.0
91440.0,-0.18999999999999773,39,3258.0,3258.0
91445.0,1.5300000000000011,32,3118.0,3118.0
91450.0,1.0799999999999983,32,2789.0,2789.0
91455.0,5.32,26,2267.0,2267.0
91460.0,6.010000000000002,25,1821.0,1821.0
91465.0,6.010000000000002,20,1932.0,1932.0
91470.0,0.0799999999999983,24,2042.0,2042.0
91475.0,-1.1600000000000001,26,1903.0,1903.0
91480.0,3.3500000000000014,25,1558.0,1558.0
91485.0,3.09,22,1298.0,1298.0
91490.0,3.09,12,1120.0,1120.0
91495.0,3.030000000000001,12,999.0,999.0
91500.0,1.209999999999999,20,1076.0,1076.0
91505.0,-1.2599999999999998,31,1213.0,1213.0
91510.0,-1.5600000000000005,40,1394.0,1394.0
91515.0,-1.9299999999999997,40,1594.0,1594.0
91520.0,-1.9999999999999982,40,1615.0,1615.0
91525.0,-0.6000000000000014,40,1774.0,1774.0
91530.0,-2.0100000000000016,41,1976.0,1976.0
91535.0,-2.0100000000000016,44,2194.0,2194.0
91540.0,-3.0299999999999976,46,2418.0,2418.0
91545.0,-2.2600000000000016,44,2496.0,2496.0
91550.0,-0.05000000000000071,36,2408.0,2408.0
91555.0,0.7900000000000027,31,2449.0,2449.0
91560.0,0.7900000000000027,36,2617.0,2617.0
91565.0,-2.270000000000003,41,2813.0,2813.0
91570.0,-1.9599999999999973,48,3045.0,3045.0
91575.0,-2.3200000000000003,46,2961.0,2961.0
91580.0,2.7699999999999996,41,2519.0,2519.0
91585.0,3.0599999999999987,33,2323.0,2323.0
91590.0,0.3000000000000007,29,2461.0,2461.0
91595.0,-1.5300000000000011,34,2619.0,2619.0
91600.0,-1.5300000000000011,34,2354.0,2354.0
91605.0,1.9800000000000004,30,2145.0,2145.0
91610.0,2.1099999999999994,30,2210.0,2210.0
91615.0,-1.2799999999999976,34,2371.0,2371.0
91620.0,-1.7899999999999991,44,2568.0,2568.0
91625.0,-1.7899999999999991,47,2699.0,2699.0
91630.0,-2.16,53,2948.0,2948.0
91635.0,-2.490000000000002,47,2955.0,2955.0
91640.0,1.3900000000000006,40,2701.0,2701.0
91645.0,2.419999999999998,33,2305.0,2305.0
91650.0,3.4700000000000024,33,2179.0,2179.0
91655.0,1.7699999999999996,31,2062.0,2062.0
91660.0,-1.3000000000000007,34,2207.0,2207.0
91665.0,-1.879999999999999,43,2404.0,2404.0
91670.0,-1.879999999999999,38,2211.0,2211.0
91675.0,2.4800000000000004,33,1800.0,1800.0
91680.0,2.8099999999999987,25,1785.0,1785.0
91685.0,-0.25,29,1913.0,1913.0
91690.0,-1.4899999999999984,37,2078.0,2078.0
91695.0,-1.4899999999999984,41,2243.0,2243.0
91700.0,-2.370000000000001,46,2466.0,2466.0
91705.0,-2.2300000000000004,44,2470.0,2470.0
91710.0,1.1499999999999986,34,2191.0,2191.0
91715.0,1.7000000000000028,28,2124.0,2124.0
91720.0,-0.6000000000000014,32,2273.0,2273.0
91725.0,-1.8200000000000003,42,2465.0,2465.0
91730.0,-1.8200000000000003,44,2642.0,2642.0
91735.0,-2.6400000000000006,50,2884.0,2884.0
91740.0,-2.469999999999999,48,2867.0,2867.0
91745.0,1.8299999999999983,40,2600.0,2600.0
91750.0,2.5700000000000003,34,2364.0,2364.0
91755.0,2.5700000000000003,32,2523.0,2523.0
91760.0,-0.28999999999999915,39,2699.0,2699.0
91765.0,-1.759999999999998,46,2916.0,2916.0
91770.0,-2.1700000000000017,50,3129.0,3129.0
91775.0,-2.91,56,3370.0,3370.0
91780.0,-2.75,54,3387.0,3387.0
91785.0,1.3599999999999994,48,3267.0,3267.0
91790.0,3.280000000000001,40,2977.0,2977.0
91795.0,3.280000000000001,40,3173.0,3173.0
91800.0,-1.9500000000000028,44,3379.0,3379.0
91805.0,-2.0999999999999943,47,3327.0,3327.0
91810.0,2.1799999999999997,44,3041.0,3041.0
91815.0,2.7499999999999964,43,3016.0,3016.0
91820.0,2.7499999999999964,36,3095.0,3095.0
91825.0,-1.6499999999999986,36,3276.0,3276.0
91830.0,-1.8099999999999987,38,3234.0,3234.0
91835.0,1.8399999999999963,36,2905.0,2905.0
91840.0,2.9800000000000004,33,2805.0,2805.0
91845.0,-1.5,37,2981.0,2981.0
91850.0,-2.0199999999999996,45,3191.0,3191.0
91855.0,-2.0199999999999996,45,2985.0,2985.0
91860.0,2.5500000000000007,41,2570.0,2570.0
91865.0,2.8099999999999987,40,2357.0,2357.0
91870.0,3.9700000000000024,30,2337.0,2337.0
91875.0,-1.990000000000002,31,2473.0,2473.0
91880.0,-1.629999999999999,39,2653.0,2653.0
91885.0,-1.629999999999999,38,2499.0,2499.0
91890.0,0.7600000000000016,33,2367.0,2367.0
91895.0,1.3199999999999967,30,2211.0,2211.0
91900.0,1.5600000000000023,26,2086.0,2086.0
91905.0,3.25,25,1646.0,1646.0
91910.0,3.84,23,1556.0,1556.0
91915.0,-1.2800000000000011,24,1654.0,1654.0
91920.0,-1.3399999999999999,31,1795.0,1795.0
91925.0,-1.7399999999999984,39,1977.0,1977.0
91930.0,-2.030000000000001,45,2186.0,2186.0
91935.0,-2.34,49,2424.0,2424.0
91940.0,-2.469999999999999,50,2672.0,2672.0
91945.0,-2.620000000000001,53,2937.0,2937.0
91950.0,-2.620000000000001,50,3007.0,3007.0
91955.0,-1.5899999999999999,53,3253.0,3253.0
91960.0,-2.6300000000000026,55,3520.0,3520.0
91965.0,-3.809999999999995,57,3801.0,3801.0
91970.0,-2.8500000000000014,59,4089.0,4089.0
91975.0,-2.950000000000003,61,4388.0,4388.0
91980.0,-2.950000000000003,53,4232.0,4232.0
91985.0,0.3500000000000014,44,3993.0,3993.0
91990.0,2.3900000000000006,40,4198.0,4198.0
91995.0,-2.8800000000000026,43,4406.0,4406.0
92000.0,-2.1599999999999966,52,4646.0,4646.0
92005.0,-2.5700000000000003,56,4919.0,4919.0
92010.0,-2.8299999999999983,64,5227.0,5227.0
92015.0,-3.190000000000005,64,5163.0,5163.0
92020.0,3.3000000000000043,54,5080.0,5080.0
92025.0,4.149999999999999,49,4485.0,4485.0
92030.0,4.149999999999999,36,4236.0,4236.0
92035.0,3.4099999999999966,23,3962.0,3962.0
92040.0,3.730000000000004,24,3653.0,3653.0
92045.0,3.6199999999999974,24,3627.0,3627.0
92050.0,-1.7999999999999972,36,3785.0,3785.0
92055.0,-1.9200000000000017,46,3997.0,3997.0
92060.0,-1.9200000000000017,42,3950.0,3950.0
92065.0,-0.4299999999999997,37,3955.0,3955.0
92070.0,-0.04999999999999716,39,4095.0,4095.0
92075.0,-2.210000000000001,45,4306.0,4306.0
92080.0,-2.230000000000004,54,4554.0,4554.0
92085.0,-2.6499999999999986,55,4405.0,4405.0
92090.0,4.609999999999999,46,4065.0,4065.0
92095.0,7.07,37,3533.0,3533.0
92100.0,7.07,32,3484.0,3484.0
92105.0,-0.17999999999999972,27,3628.0,3628.0
92110.0,-1.4500000000000028,32,3429.0,3429.0
92115.0,4.780000000000005,33,2926.0,2926.0
92120.0,4.489999999999998,33,2520.0,2520.0
92125.0,4.489999999999998,29,2641.0,2641.0
92130.0,0.9100000000000001,35,2799.0,2799.0
92135.0,-1.5799999999999983,37,2785.0,2785.0
92140.0,1.2899999999999991,33,2603.0,2603.0
92145.0,1.5199999999999996,29,2348.0,2348.0
92150.0,2.370000000000001,26,2246.0,2246.0
92155.0,0.7899999999999991,32,2146.0,2146.0
92160.0,0.41999999999999815,31,2236.0,2236.0
92165.0,-1.6699999999999982,34,2361.0,2361.0
92170.0,-1.8000000000000007,38,2545.0,2545.0
92175.0,-1.8000000000000007,31,2178.0,2178.0
92180.0,4.48,25,1564.0,1564.0
92185.0,4.709999999999999,17,1514.0,1514.0
92190.0,0.28000000000000114,18,1595.0,1595.0
92195.0,-1.0099999999999998,26,1712.0,1712.0
92200.0,-1.370000000000001,36,1867.0,1867.0
92205.0,-1.8399999999999999,40,2062.0,2062.0
92210.0,-1.8399999999999999,33,2033.0,2033.0
92215.0,-0.509999999999998,30,2030.0,2030.0
92220.0,0.029999999999997584,31,2008.0,2008.0
92225.0,-0.41000000000000014,38,2180.0,2180.0
92230.0,-1.9199999999999982,43,2089.0,2089.0
92235.0,2.9899999999999984,33,1875.0,1875.0
92240.0,4.440000000000001,26,1546.0,1546.0
92245.0,4.440000000000001,19,1582.0,1582.0
92250.0,-0.8100000000000023,23,1686.0,1686.0
92255.0,-1.1099999999999994,31,1828.0,1828.0
92260.0,-2.1400000000000006,39,2001.0,2001.0
92265.0,-2.0799999999999983,48,2228.0,2228.0
92270.0,-2.0799999999999983,45,2431.0,2431.0
92275.0,-2.969999999999999,48,2664.0,2664.0
92280.0,-2.330000000000002,42,2620.0,2620.0
92285.0,1.9800000000000004,34,2343.0,2343.0
92290.0,2.710000000000001,30,2096.0,2096.0
92295.0,1.8099999999999987,21,2035.0,2035.0
92300.0,1.7800000000000011,23,1794.0,1794.0
92305.0,1.7800000000000011,25,1887.0,1887.0
92310.0,-0.7199999999999989,37,2043.0,2043.0
92315.0,-1.7200000000000024,43,2205.0,2205.0
92320.0,-2.5700000000000003,45,2427.0,2427.0
92325.0,-2.3000000000000007,49,2665.0,2665.0
92330.0,-2.3000000000000007,39,2556.0,2556.0
92335.0,0.11000000000000298,38,2494.0,2494.0
92340.0,0.6199999999999974,35,2440.0,2440.0
92345.0,0.5400000000000027,31,2306.0,2306.0
92350.0,3.4499999999999993,29,1816.0,1816.0
92355.0,4.550000000000001,24,1398.0,1398.0
92360.0,3.759999999999998,16,1189.0,1189.0
92365.0,0.7200000000000006,18,1210.0,1210.0
92370.0,-1.0899999999999999,25,1326.0,1326.0
92375.0,-1.0899999999999999,25,1270.0,1270.0
92380.0,0.049999999999998934,24,1255.0,1255.0
92385.0,0.1700000000000017,25,1290.0,1290.0
92390.0,-0.8900000000000006,30,1427.0,1427.0
92395.0,-1.5300000000000011,34,1587.0,1587.0
92400.0,-1.5300000000000011,36,1765.0,1765.0
92405.0,-2.4399999999999977,37,1946.0,1946.0
92410.0,-1.8100000000000023,34,2045.0,2045.0
92415.0,-0.9399999999999977,28,2073.0,2073.0
92420.0,-0.5100000000000016,28,1870.0,1870.0
92425.0,3.789999999999999,22,1625.0,1625.0
92430.0,3.710000000000001,16,1261.0,1261.0
92435.0,3.710000000000001,10,1324.0,1324.0
92440.0,0.07000000000000028,18,1392.0,1392.0
92445.0,-0.7699999999999996,25,1501.0,1501.0
92450.0,-1.17,35,1655.0,1655.0
92455.0,-1.6199999999999992,33,1751.0,1751.0
92460.0,-0.9299999999999997,29,1790.0,1790.0
92465.0,-0.5700000000000003,31,1900.0,1900.0
92470.0,-0.5700000000000003,35,2070.0,2070.0
92475.0,-2.3000000000000007,37,2253.0,2253.0
92480.0,-1.8300000000000018,41,2446.0,2446.0
92485.0,-1.9299999999999997,35,2584.0,2584.0
92490.0,-1.6999999999999993,34,2685.0,2685.0
92495.0,-1.3099999999999987,35,2852.0,2852.0
92500.0,-2.490000000000002,37,3033.0,3033.0
92505.0,-1.9499999999999993,40,3231.0,3231.0
92510.0,-2.0199999999999996,44,3437.0,3437.0
92515.0,-2.210000000000001,45,3659.0,3659.0
92520.0,-2.259999999999998,46,3886.0,3886.0
92525.0,-2.3299999999999983,48,4121.0,4121.0
92530.0,-2.4000000000000057,49,4362.0,4362.0
92535.0,-2.4000000000000057,42,3829.0,3829.0
92540.0,4.440000000000005,35,3331.0,3331.0
92545.0,5.039999999999999,28,3339.0,3339.0
92550.0,-0.509999999999998,26,3470.0,3470.0
92555.0,-1.3500000000000014,31,3611.0,3611.0
92560.0,-1.6200000000000045,38,3788.0,3788.0
92565.0,-1.9600000000000009,45,3997.0,3997.0
92570.0,-2.279999999999994,52,4239.0,4239.0
92575.0,-2.5800000000000054,54,4502.0,4502.0
92580.0,-2.6999999999999957,56,4777.0,4777.0
92585.0,-2.6999999999999957,55,4615.0,4615.0
92590.0,0.5,59,4904.0,4904.0
92595.0,-2.8900000000000006,53,4999.0,4999.0
92600.0,-0.17999999999999972,45,4901.0,4901.0
92605.0,0.740000000000002,36,4855.0,4855.0
92610.0,-1.4000000000000057,41,5029.0,5029.0
92615.0,-2.210000000000001,49,5258.0,5258.0
92620.0,-2.210000000000001,50,4631.0,4631.0
92625.0,5.290000000000006,42,4233.0,4233.0
92630.0,5.829999999999998,32,3868.0,3868.0
92635.0,2.8900000000000006,19,3723.0,3723.0
92640.0,1.4299999999999997,17,3577.0,3577.0
92645.0,1.1199999999999974,23,3598.0,3598.0
92650.0,1.1199999999999974,30,3623.0,3623.0
92655.0,-0.6999999999999957,43,3805.0,3805.0
92660.0,-1.8200000000000003,39,3591.0,3591.0
92665.0,5.439999999999998,31,2808.0,2808.0
92670.0,7.43,21,2371.0,2371.0
92675.0,0.6900000000000013,19,2468.0,2468.0
92680.0,-1.0700000000000003,25,2581.0,2581.0
92685.0,-1.3900000000000006,34,2729.0,2729.0
92690.0,-1.3900000000000006,40,2917.0,2917.0
92695.0,-2.650000000000002,47,3139.0,3139.0
92700.0,-2.259999999999998,43,2991.0,2991.0
92705.0,4.329999999999998,35,2491.0,2491.0
92710.0,5.98,29,2214.0,2214.0
92715.0,5.98,17,1999.0,1999.0
92720.0,1.5600000000000023,12,1807.0,1807.0
92725.0,1.9199999999999982,18,1821.0,1821.0
92730.0,-0.5700000000000003,33,1954.0,1954.0
92735.0,-1.5899999999999999,43,2144.0,2144.0
92740.0,-2.09,43,2041.0,2041.0
92745.0,3.0199999999999996,37,1967.0,1967.0
92750.0,3.9000000000000004,29,1491.0,1491.0
92755.0,3.9000000000000004,17,1346.0,1346.0
92760.0,2.460000000000001,13,1104.0,1104.0
92765.0,1.7599999999999998,16,1086.0,1086.0
92770.0,-0.2699999999999996,27,1198.0,1198.0
92775.0,-1.4800000000000004,35,1362.0,1362.0
92780.0,-1.4800000000000004,30,1359.0,1359.0
92785.0,-0.6600000000000001,26,1378.0,1378.0
92790.0,-0.1899999999999995,28,1511.0,1511.0
92795.0,-1.9600000000000009,36,1679.0,1679.0
92800.0,-1.790000000000001,41,1875.0,1875.0
92805.0,-2.039999999999999,44,2086.0,2086.0
92810.0,-2.1900000000000013,43,2072.0,2072.0
92815.0,1.8000000000000007,34,1928.0,1928.0
92820.0,3.3200000000000003,28,1600.0,1600.0
92825.0,3.3200000000000003,21,1719.0,1719.0
92830.0,-0.7699999999999996,30,1852.0,1852.0
92835.0,-1.4100000000000001,36,2017.0,2017.0
92840.0,-1.7199999999999989,44,2220.0,2220.0
92845.0,-2.1099999999999994,44,2300.0,2300.0
92850.0,-0.3000000000000007,35,2248.0,2248.0
92855.0,1.1400000000000006,30,2141.0,2141.0
92860.0,0.7099999999999973,30,2170.0,2170.0
92865.0,0.7099999999999973,37,2342.0,2342.0
92870.0,-2.3200000000000003,44,2549.0,2549.0
92875.0,-2.0699999999999967,41,2504.0,2504.0
92880.0,2.0699999999999967,33,2212.0,2212.0
92885.0,3.8100000000000023,26,2041.0,2041.0
92890.0,-1.7899999999999991,27,2167.0,2167.0
92895.0,-1.5,33,2323.0,2323.0
92900.0,-1.5,36,1958.0,1958.0
92905.0,2.9499999999999993,42,2098.0,2098.0
92910.0,-1.4600000000000009,44,2088.0,2088.0
92915.0,1.5500000000000007,36,1856.0,1856.0
92920.0,2.0700000000000003,30,1755.0,1755.0
92925.0,2.0700000000000003,19,1533.0,1533.0
92930.0,2.459999999999999,17,1360.0,1360.0
92935.0,1.7300000000000004,18,1280.0,1280.0
92940.0,0.8699999999999992,29,1354.0,1354.0
92945.0,-1.4000000000000004,35,1321.0,1321.0
92950.0,1.3000000000000007,30,1232.0,1232.0
92955.0,1.6999999999999993,23,1074.0,1074.0
92960.0,1.6999999999999993,15,958.0,958.0
92965.0,2.0900000000000016,12,759.0,759.0
92970.0,1.3199999999999994,20,838.0,838.0
92975.0,-1.330000000000001,27,957.0,957.0
92980.0,-1.4299999999999997,34,1115.0,1115.0
92985.0,-1.7400000000000002,36,1294.0,1294.0
92990.0,-1.7400000000000002,28,1267.0,1267.0
92995.0,-0.4499999999999993,23,1246.0,1246.0
93000.0,0.20999999999999908,25,1260.0,1260.0
93005.0,-0.6699999999999999,30,1400.0,1400.0
93010.0,-1.4899999999999984,35,1564.0,1564.0
93015.0,-2.480000000000002,38,1748.0,1748.0
93020.0,-1.9399999999999977,41,1945.0,1945.0
93025.0,-1.9399999999999977,35,1687.0,1687.0
93030.0,1.8399999999999999,26,1451.0,1451.0
93035.0,2.4399999999999995,16,1282.0,1282.0
93040.0,2.51,10,1166.0,1166.0
93045.0,1.0399999999999991,14,1114.0,1114.0
93050.0,1.0399999999999991,26,1221.0,1221.0
93055.0,-1.0,33,1371.0,1371.0
93060.0,-1.5,30,1336.0,1336.0
93065.0,1.6800000000000015,22,1033.0,1033.0
93070.0,2.76,17,980.0,980.0
93075.0,-1.2300000000000004,22,1072.0,1072.0
93080.0,-1.25,29,1204.0,1204.0
93085.0,-1.5600000000000005,36,1367.0,1367.0
93090.0,-1.9000000000000004,39,1560.0,1560.0
93095.0,-1.9000000000000004,39,1586.0,1586.0
93100.0,-1.0399999999999991,39,1781.0,1781.0
93105.0,-1.9499999999999993,42,1984.0,1984.0
93110.0,-2.0700000000000003,39,2014.0,2014.0
93115.0,0.6999999999999993,32,1877.0,1877.0
93120.0,1.7899999999999991,24,1769.0,1769.0
93125.0,1.7899999999999991,27,1897.0,1897.0
93130.0,-1.1899999999999977,34,2054.0,2054.0
93135.0,-1.5700000000000003,34,1978.0,1978.0
93140.0,2.3599999999999994,30,1703.0,1703.0
93145.0,2.4499999999999993,23,1643.0,1643.0
93150.0,-1.6699999999999982,25,1765.0,1765.0
93155.0,-1.4100000000000001,33,1914.0,1914.0
93160.0,-1.7800000000000011,41,2100.0,2100.0
93165.0,-1.7800000000000011,45,2311.0,2311.0
93170.0,-2.9899999999999984,47,2546.0,2546.0
93175.0,-2.3500000000000014,48,2783.0,2783.0
93180.0,-3.4200000000000017,51,3037.0,3037.0
93185.0,-2.5700000000000003,53,3298.0,3298.0
93190.0,-2.5700000000000003,45,3059.0,3059.0
93195.0,1.3300000000000018,39,2762.0,2762.0
93200.0,2.969999999999999,32,2684.0,2684.0
93205.0,2.5700000000000003,27,2371.0,2371.0
93210.0,2.8100000000000023,24,2270.0,2270.0
93215.0,-1.1900000000000013,27,2370.0,2370.0
93220.0,-1.490000000000002,34,2526.0,2526.0
93225.0,-1.8099999999999987,44,2717.0,2717.0
93230.0,-2.289999999999999,52,2954.0,2954.0
93235.0,-2.289999999999999,54,3215.0,3215.0
93240.0,-3.6999999999999993,57,3500.0,3500.0
93245.0,-2.8500000000000014,57,3775.0,3775.0
93250.0,-3.960000000000001,60,4073.0,4073.0
93255.0,-3.0,62,4377.0,4377.0
93260.0,-3.0,54,4138.0,4138.0
93265.0,1.1499999999999986,46,3925.0,3925.0
93270.0,2.1300000000000026,40,3925.0,3925.0
93275.0,-0.7700000000000031,39,4121.0,4121.0
93280.0,-2.019999999999996,46,4337.0,4337.0
93285.0,-2.3100000000000023,53,4590.0,4590.0
93290.0,-3.789999999999999,60,4874.0,4874.0
93295.0,-3.1000000000000014,65,5189.0,5189.0
93300.0,-3.1000000000000014,59,5024.0,5024.0
93305.0,0.4299999999999997,57,4909.0,4909.0
93310.0,1.1600000000000037,49,4844.0,4844.0
93315.0,2.0799999999999983,43,4700.0,4700.0
93320.0,1.1199999999999974,40,4782.0,4782.0
93325.0,-2.3200000000000003,46,4967.0,4967.0
93330.0,-2.3499999999999943,52,5216.0,5216.0
93335.0,-2.3499999999999943,47,4612.0,4612.0
93340.0,5.0,43,3864.0,3864.0
93345.0,7.479999999999997,30,3921.0,3921.0
93350.0,-0.01999999999999602,20,3847.0,3847.0
93355.0,0.6099999999999994,19,3755.0,3755.0
93360.0,-0.47000000000000597,30,3882.0,3882.0
93365.0,-1.779999999999994,43,4073.0,4073.0
93370.0,-1.779999999999994,46,4182.0,4182.0
93375.0,-1.980000000000004,50,4421.0,4421.0
93380.0,-2.4299999999999997,49,4259.0,4259.0
93385.0,4.68,40,3713.0,3713.0
93390.0,5.460000000000001,33,3184.0,3184.0
93395.0,5.460000000000001,28,3300.0,3300.0
93400.0,1.5700000000000003,29,3441.0,3441.0
93405.0,-1.4099999999999966,39,3622.0,3622.0
93410.0,-2.6200000000000045,45,3833.0,3833.0
93415.0,-2.259999999999998,52,4081.0,4081.0
93420.0,-3.700000000000003,55,4354.0,4354.0
93425.0,-2.789999999999999,57,4635.0,4635.0
93430.0,-2.8900000000000006,60,4927.0,4927.0
93435.0,-2.8900000000000006,52,4771.0,4771.0
93440.0,0.46000000000000085,46,4631.0,4631.0
93445.0,1.4500000000000028,41,4844.0,4844.0
93450.0,-2.9100000000000037,47,5058.0,5058.0
93455.0,-2.3599999999999994,53,5307.0,5307.0
93460.0,-2.710000000000001,61,5594.0,5594.0
93465.0,-2.710000000000001,64,5845.0,5845.0
93470.0,-3.710000000000001,64,6165.0,6165.0
93475.0,-3.1999999999999957,61,6256.0,6256.0
93480.0,0.05999999999999517,52,6117.0,6117.0
93485.0,1.3300000000000054,46,5829.0,5829.0
93490.0,2.460000000000001,42,5736.0,5736.0
93495.0,1.0799999999999983,40,5265.0,5265.0
93500.0,7.719999999999999,34,4934.0,4934.0
93505.0,8.009999999999998,31,3682.0,3682.0
93510.0,11.39,28,2988.0,2988.0
93515.0,11.39,14,2950.0,2950.0
93520.0,0.2900000000000027,20,2870.0,2870.0
93525.0,0.41000000000000014,23,2899.0,2899.0
93530.0,0.00999999999999801,31,2932.0,2932.0
93535.0,-1.3200000000000003,38,3096.0,3096.0
93540.0,-1.9399999999999977,41,3297.0,3297.0
93545.0,-1.9399999999999977,31,2611.0,2611.0
93550.0,6.039999999999999,25,2126.0,2126.0
93555.0,4.849999999999998,17,1899.0,1899.0
93560.0,1.8399999999999999,27,2019.0,2019.0
93565.0,-1.3499999999999979,32,2043.0,2043.0
93570.0,0.14999999999999858,30,2092.0,2092.0
93575.0,0.38000000000000256,26,2014.0,2014.0
93580.0,0.38000000000000256,30,2153.0,2153.0
93585.0,-1.6000000000000014,37,2321.0,2321.0
93590.0,-1.75,43,2524.0,2524.0
93595.0,-2.09,42,2663.0,2663.0
93600.0,-1.4200000000000017,42,2783.0,2783.0
93605.0,-1.8999999999999986,42,2984.0,2984.0
93610.0,-1.8999999999999986,35,2498.0,2498.0
93615.0,4.02,28,2030.0,2030.0
93620.0,4.68,21,1993.0,1993.0
93625.0,1.3900000000000006,14,1808.0,1808.0
93630.0,1.620000000000001,18,1610.0,1610.0
93635.0,1.4099999999999984,22,1637.0,1637.0
93640.0,-1.339999999999998,28,1750.0,1750.0
93645.0,-1.5400000000000027,35,1911.0,1911.0
93650.0,-1.5400000000000027,28,1581.0,1581.0
93655.0,4.170000000000002,23,1089.0,1089.0
93660.0,4.24,16,1102.0,1102.0
93665.0,-1.2400000000000002,23,1203.0,1203.0
93670.0,-1.1999999999999993,31,1338.0,1338.0
93675.0,-1.6000000000000014,38,1513.0,1513.0
93680.0,-1.8999999999999986,42,1710.0,1710.0
93685.0,-2.1000000000000014,43,1925.0,1925.0
93690.0,-2.1000000000000014,34,1832.0,1832.0
93695.0,0.07000000000000028,29,1772.0,1772.0
93700.0,0.6000000000000014,29,1800.0,1800.0
93705.0,-0.9500000000000028,38,1975.0,1975.0
93710.0,-1.879999999999999,44,2183.0,2183.0
93715.0,-2.169999999999998,46,2378.0,2378.0
93720.0,-2.5199999999999996,45,2569.0,2569.0
93725.0,-2.270000000000003,46,2797.0,2797.0
93730.0,-2.349999999999998,48,3034.0,3034.0
93735.0,-2.349999999999998,46,3124.0,3124.0
93740.0,-0.5100000000000016,41,2991.0,2991.0
93745.0,0.060000000000002274,37,3110.0,3110.0
93750.0,-1.8399999999999999,44,3301.0,3301.0
93755.0,-2.230000000000004,48,3533.0,3533.0
93760.0,-2.4499999999999957,52,3787.0,3787.0
93765.0,-2.6400000000000006,55,4057.0,4057.0
93770.0,-2.6400000000000006,45,3596.0,3596.0
93775.0,3.509999999999998,42,3172.0,3172.0
93780.0,4.240000000000002,31,3067.0,3067.0
93785.0,1.7799999999999976,19,2895.0,2895.0
93790.0,1.5,18,2574.0,2574.0
93795.0,4.700000000000003,21,2395.0,2395.0
93800.0,3.9899999999999984,24,1999.0,1999.0
93805.0,3.9899999999999984,21,1989.0,1989.0
93810.0,-0.33999999999999986,28,2112.0,2112.0
93815.0,-1.3300000000000018,37,2280.0,2280.0
93820.0,-1.759999999999998,44,2484.0,2484.0
93825.0,-2.1000000000000014,45,2532.0,2532.0
93830.0,-1.0499999999999972,45,2723.0,2723.0
93835.0,-2.25,47,2952.0,2952.0
93840.0,-2.25,39,2875.0,2875.0
93845.0,-0.1700000000000017,33,2774.0,2774.0
93850.0,1.0100000000000016,32,2935.0,2935.0
93855.0,-2.240000000000002,37,3107.0,3107.0
93860.0,-1.879999999999999,45,3319.0,3319.0
93865.0,-2.25,48,3554.0,3554.0
93870.0,-2.4100000000000037,52,3805.0,3805.0
93875.0,-2.5700000000000003,53,4068.0,4068.0
93880.0,-3.759999999999998,57,4342.0,4342.0
93885.0,-2.979999999999997,61,4644.0,4644.0
93890.0,-2.979999999999997,54,4703.0,4703.0
93895.0,-0.8999999999999986,48,4697.0,4697.0
93900.0,0.01999999999999602,44,4849.0,4849.0
93905.0,-3.1599999999999966,50,5085.0,5085.0
93910.0,-2.530000000000001,55,5350.0,5350.0
93915.0,-2.530000000000001,55,5495.0,5495.0
93920.0,-2.5500000000000043,57,5778.0,5778.0
93925.0,-2.8299999999999983,52,5584.0,5584.0
93930.0,5.490000000000002,43,4920.0,4920.0
93935.0,6.5,33,4319.0,4319.0
93940.0,3.1000000000000014,19,4288.0,4288.0
93945.0,1.7999999999999972,15,4104.0,4104.0
93950.0,1.7999999999999972,22,4194.0,4194.0
93955.0,-1.2800000000000011,36,4341.0,4341.0
93960.0,-1.6199999999999974,48,4550.0,4550.0
93965.0,-2.210000000000001,53,4805.0,4805.0
93970.0,-2.5900000000000034,56,5081.0,5081.0
93975.0,-2.779999999999994,53,4896.0,4896.0
93980.0,5.25,46,4296.0,4296.0
93985.0,5.75,39,3941.0,3941.0
93990.0,5.75,38,4128.0,4128.0
93995.0,-0.9100000000000037,39,4315.0,4315.0
94000.0,-1.8699999999999974,43,4432.0,4432.0
94005.0,-2.0799999999999983,51,4672.0,4672.0
94010.0,-2.5800000000000054,58,4954.0,4954.0
94015.0,-4.089999999999996,62,5252.0,5252.0
94020.0,-3.1200000000000045,63,5565.0,5565.0
94025.0,-3.1200000000000045,60,5071.0,5071.0
94030.0,3.700000000000003,55,4637.0,4637.0
94035.0,4.420000000000002,46,4684.0,4684.0
94040.0,-1.2199999999999989,43,4900.0,4900.0
94045.0,-2.240000000000002,48,5132.0,5132.0
94050.0,-2.240000000000002,45,4775.0,4775.0
94055.0,2.6099999999999994,42,4314.0,4314.0
94060.0,4.609999999999999,40,3971.0,3971.0
94065.0,3.4299999999999997,37,4162.0,4162.0
94070.0,-2.6099999999999994,42,4352.0,4352.0
94075.0,-2.049999999999997,46,4168.0,4168.0
94080.0,4.710000000000001,44,3819.0,3819.0
94085.0,6.469999999999999,40,3359.0,3359.0
94090.0,6.469999999999999,39,3558.0,3558.0
94095.0,-2.760000000000005,41,3751.0,3751.0
94100.0,-1.9899999999999949,45,3695.0,3695.0
94105.0,2.280000000000001,42,3412.0,3412.0
94110.0,3.529999999999994,42,3176.0,3176.0
94115.0,3.529999999999994,37,3371.0,3371.0
94120.0,-1.5799999999999983,43,3573.0,3573.0
94125.0,-2.019999999999996,52,3818.0,3818.0
94130.0,-2.450000000000003,55,3875.0,3875.0
94135.0,-1.0499999999999972,64,4113.0,4113.0
94140.0,-3.1799999999999997,64,4185.0,4185.0
94145.0,0.4899999999999949,55,4159.0,4159.0
94150.0,1.4100000000000037,48,4099.0,4099.0
94155.0,1.4100000000000037,38,3721.0,3721.0
94160.0,4.489999999999995,35,3170.0,3170.0
94165.0,3.960000000000001,30,3019.0,3019.0
94170.0,1.620000000000001,34,3109.0,3109.0
94175.0,-1.7600000000000016,41,3301.0,3301.0
94180.0,-1.7600000000000016,36,3069.0,3069.0
94185.0,1.5100000000000016,34,2917.0,2917.0
94190.0,1.5199999999999996,32,2750.0,2750.0
94195.0,1.6700000000000017,34,2757.0,2757.0
94200.0,-0.07000000000000028,30,2550.0,2550.0
94205.0,4.370000000000001,30,2147.0,2147.0
94210.0,3.5799999999999983,27,1865.0,1865.0
94215.0,0.7300000000000004,14,1903.0,1903.0
94220.0,0.15000000000000213,17,1891.0,1891.0
94225.0,0.15000000000000213,20,1616.0,1616.0
94230.0,3.639999999999999,20,1187.0,1187.0
94235.0,3.0299999999999994,15,1213.0,1213.0
94240.0,0.08999999999999986,22,1240.0,1240.0
94245.0,-1.1600000000000001,30,1371.0,1371.0
94250.0,-1.5599999999999987,37,1542.0,1542.0
94255.0,-1.870000000000001,40,1736.0,1736.0
94260.0,-1.870000000000001,33,1760.0,1760.0
94265.0,-1.0300000000000011,29,1762.0,1762.0
94270.0,-0.019999999999999574,33,1914.0,1914.0
94275.0,-2.1999999999999993,38,2095.0,2095.0
94280.0,-1.8900000000000006,39,2068.0,2068.0
94285.0,0.35999999999999943,38,2173.0,2173.0
94290.0,-1.9299999999999997,42,2370.0,2370.0
94295.0,-1.9299999999999997,34,1993.0,1993.0
94300.0,3.030000000000001,26,1651.0,1651.0
94305.0,4.49,22,1667.0,1667.0
94310.0,-1.5200000000000014,23,1772.0,1772.0
94315.0,-1.2099999999999973,31,1911.0,1911.0
94320.0,-1.2099999999999973,36,2062.0,2062.0
94325.0,-2.1300000000000026,42,2260.0,2260.0
94330.0,-1.9800000000000004,41,2319.0,2319.0
94335.0,-0.00999999999999801,31,2241.0,2241.0
94340.0,0.6999999999999993,30,2104.0,2104.0
94345.0,0.8599999999999994,28,1891.0,1891.0
94350.0,3.6700000000000017,27,1661.0,1661.0
94355.0,3.9499999999999993,23,1366.0,1366.0
94360.0,3.9499999999999993,16,1419.0,1419.0
94365.0,-0.9299999999999997,19,1508.0,1508.0
94370.0,-0.9199999999999999,25,1619.0,1619.0
94375.0,-1.1800000000000015,35,1778.0,1778.0
94380.0,-1.6799999999999997,40,1966.0,1966.0
94385.0,-1.9299999999999997,41,2171.0,2171.0
94390.0,-2.9400000000000013,46,2393.0,2393.0
94395.0,-2.299999999999997,46,2623.0,2623.0
94400.0,-2.3100000000000023,49,2858.0,2858.0
94405.0,-2.3100000000000023,40,2813.0,2813.0
94410.0,-0.509999999999998,33,2782.0,2782.0
94415.0,0.3099999999999987,34,2766.0,2766.0
94420.0,0.16000000000000014,34,2875.0,2875.0
94425.0,-1.8000000000000007,42,3067.0,3067.0
94430.0,-2.0599999999999987,43,3281.0,3281.0
94435.0,-2.150000000000002,44,3154.0,3154.0
94440.0,3.8400000000000034,34,3017.0,3017.0
94445.0,4.5,27,2560.0,2560.0
94450.0,4.5,15,2542.0,2542.0
94455.0,0.10999999999999943,14,2471.0,2471.0
94460.0,0.36999999999999744,18,2530.0,2530.0
94465.0,-1.0899999999999999,30,2652.0,2652.0
94470.0,-1.5999999999999979,37,2827.0,2827.0
94475.0,-1.9400000000000013,42,3032.0,3032.0
94480.0,-1.9400000000000013,33,2566.0,2566.0
94485.0,3.8200000000000003,29,2149.0,2149.0
94490.0,4.170000000000002,22,2131.0,2131.0
94495.0,-0.240000000000002,23,2241.0,2241.0
94500.0,-1.1600000000000001,26,2267.0,2267.0
94505.0,0.07000000000000028,24,2306.0,2306.0
94510.0,0.129999999999999,29,2247.0,2247.0
94515.0,0.129999999999999,27,1969.0,1969.0
94520.0,4.23,23,1447.0,1447.0
94525.0,3.7700000000000014,17,1406.0,1406.0
94530.0,0.15000000000000036,19,1491.0,1491.0
94535.0,-1.0600000000000005,27,1613.0,1613.0
94540.0,-1.0600000000000005,31,1722.0,1722.0
94545.0,-1.6199999999999992,39,1901.0,1901.0
94550.0,-1.7900000000000027,40,2100.0,2100.0
94555.0,-1.9899999999999984,42,2302.0,2302.0
94560.0,-2.8999999999999986,44,2522.0,2522.0
94565.0,-2.200000000000003,49,2750.0,2750.0
94570.0,-2.4299999999999997,52,3009.0,3009.0
94575.0,-2.599999999999998,52,3116.0,3116.0
94580.0,-0.5800000000000018,44,3215.0,3215.0
94585.0,0.3100000000000023,37,3135.0,3135.0
94590.0,0.3100000000000023,35,2810.0,2810.0
94595.0,4.699999999999999,32,2207.0,2207.0
94600.0,4.309999999999999,33,2366.0,2366.0
94605.0,-2.289999999999999,33,2535.0,2535.0
94610.0,-1.7100000000000009,39,2715.0,2715.0
94615.0,-1.9899999999999984,46,2929.0,2929.0
94620.0,-1.9899999999999984,46,2945.0,2945.0
94625.0,-1.0700000000000003,49,3103.0,3103.0
94630.0,-1.5800000000000018,52,3361.0,3361.0
94635.0,-2.5799999999999983,52,3621.0,3621.0
94640.0,-2.6000000000000014,50,3548.0,3548.0
94645.0,2.8999999999999986,43,3195.0,3195.0
94650.0,3.070000000000004,37,3137.0,3137.0
94655.0,-2.5500000000000007,35,3314.0,3314.0
94660.0,-1.7800000000000011,39,3496.0,3496.0
94665.0,-1.7800000000000011,38,3238.0,3238.0
94670.0,1.7999999999999972,37,3054.0,3054.0
94675.0,1.8400000000000034,39,3176.0,3176.0
94680.0,-1.8999999999999986,40,3362.0,3362.0
94685.0,-2.0500000000000043,46,3579.0,3579.0
94690.0,-2.0500000000000043,44,3216.0,3216.0
94695.0,2.720000000000006,39,2768.0,2768.0
94700.0,4.479999999999997,37,2835.0,2835.0
94705.0,-1.370000000000001,34,3009.0,3009.0
94710.0,-1.7899999999999991,40,2952.0,2952.0
94715.0,2.0799999999999983,37,2815.0,2815.0
94720.0,2.020000000000003,37,2638.0,2638.0
94725.0,2.020000000000003,38,2819.0,2819.0
94730.0,-1.8300000000000018,43,3021.0,3021.0
94735.0,-2.0799999999999983,50,3253.0,3253.0
94740.0,-2.3999999999999986,57,3525.0,3525.0
94745.0,-2.780000000000001,62,3823.0,3823.0
94750.0,-3.020000000000003,64,4138.0,4138.0
94755.0,-3.1700000000000017,61,4139.0,4139.0
94760.0,1.8800000000000026,53,3847.0,3847.0
94765.0,2.780000000000001,46,3689.0,3689.0
94770.0,2.780000000000001,42,3903.0,3903.0
94775.0,-1.6700000000000017,43,4120.0,4120.0
94780.0,-2.1700000000000017,45,4087.0,4087.0
94785.0,1.8800000000000026,44,3851.0,3851.0
94790.0,1.9799999999999969,41,3841.0,3841.0
94795.0,-2.5899999999999963,42,4035.0,4035.0
94800.0,-2.270000000000003,49,4269.0,4269.0
94805.0,-2.270000000000003,49,3911.0,3911.0
94810.0,2.6099999999999994,45,3633.0,3633.0
94815.0,2.8100000000000023,42,3627.0,3627.0
94820.0,-0.740000000000002,43,3838.0,3838.0
94825.0,-2.1499999999999986,48,4060.0,4060.0
94830.0,-2.3999999999999986,54,4314.0,4314.0
94835.0,-2.789999999999999,61,4606.0,4606.0
94840.0,-3.1300000000000026,68,4935.0,4935.0
94845.0,-3.4299999999999997,70,5282.0,5282.0
94850.0,-3.539999999999999,72,5640.0,5640.0
94855.0,-3.539999999999999,65,5379.0,5379.0
94860.0,1.1700000000000017,58,5153.0,5153.0
94865.0,2.259999999999998,51,5275.0,5275.0
94870.0,-2.240000000000002,49,5526.0,5526.0
94875.0,-2.509999999999998,53,5455.0,5455.0
94880.0,2.8200000000000003,50,5242.0,5242.0
94885.0,3.240000000000002,49,4938.0,4938.0
94890.0,3.960000000000001,50,4559.0,4559.0
94895.0,3.960000000000001,43,4767.0,4767.0
94900.0,-1.8400000000000034,50,4998.0,4998.0
94905.0,-2.3900000000000006,52,4942.0,4942.0
94910.0,2.520000000000003,51,4625.0,4625.0
94915.0,2.8299999999999983,45,4606.0,4606.0
94920.0,2.8299999999999983,46,4836.0,4836.0
94925.0,-3.219999999999999,46,5064.0,5064.0
94930.0,-2.280000000000001,55,5322.0,5322.0
94935.0,-2.5799999999999983,56,5080.0,5080.0
94940.0,5.119999999999997,61,4747.0,4747.0
94945.0,0.38000000000000256,61,4668.0,4668.0
94950.0,1.2899999999999991,52,4695.0,4695.0
94955.0,2.1700000000000017,46,4255.0,4255.0
94960.0,4.009999999999998,41,4066.0,4066.0
94965.0,4.009999999999998,40,4258.0,4258.0
94970.0,-2.740000000000002,45,4472.0,4472.0
94975.0,-2.1799999999999997,49,4520.0,4520.0
94980.0,0.28000000000000114,44,4422.0,4422.0
94985.0,0.7000000000000028,44,4456.0,4456.0
94990.0,0.7000000000000028,34,3834.0,3834.0
94995.0,5.849999999999994,30,3281.0,3281.0
95000.0,5.530000000000001,32,3265.0,3265.0
95005.0,-0.46999999999999886,32,3424.0,3424.0
95010.0,-1.6199999999999974,36,3261.0,3261.0
95015.0,4.0,32,3122.0,3122.0
95020.0,4.279999999999998,30,2561.0,2561.0
95025.0,4.279999999999998,29,2708.0,2708.0
95030.0,-0.7699999999999996,35,2870.0,2870.0
95035.0,-1.6899999999999977,45,3078.0,3078.0
95040.0,-2.16,47,3157.0,3157.0
95045.0,-1.6699999999999982,52,3394.0,3394.0
95050.0,-2.6500000000000057,55,3666.0,3666.0
95055.0,-2.6500000000000057,47,3321.0,3321.0
95060.0,2.3500000000000014,41,3047.0,3047.0
95065.0,2.740000000000002,37,3234.0,3234.0
95070.0,-2.6200000000000045,41,3429.0,3429.0
95075.0,-2.069999999999993,51,3661.0,3661.0
95080.0,-2.480000000000004,54,3676.0,3676.0
95085.0,1.1300000000000026,47,3698.0,3698.0
95090.0,1.4399999999999977,39,3476.0,3476.0
95095.0,1.4399999999999977,33,3054.0,3054.0
95100.0,4.219999999999999,29,2674.0,2674.0
95105.0,3.8100000000000023,31,2703.0,2703.0
95110.0,-0.8800000000000026,29,2850.0,2850.0
95115.0,-1.509999999999998,35,3011.0,3011.0
95120.0,-1.509999999999998,32,2683.0,2683.0
95125.0,2.6000000000000014,29,2275.0,2275.0
95130.0,4.079999999999998,28,2416.0,2416.0
95135.0,-1.9600000000000009,33,2567.0,2567.0
95140.0,-1.6799999999999997,40,2755.0,2755.0
95145.0,-1.9699999999999989,47,2969.0,2969.0
95150.0,-2.3000000000000007,51,2968.0,2968.0
95155.0,1.4699999999999989,43,2962.0,2962.0
95160.0,2.1400000000000006,36,2656.0,2656.0
95165.0,3.129999999999999,29,2421.0,2421.0
95170.0,3.129999999999999,32,2440.0,2440.0
95175.0,-0.7999999999999972,38,2613.0,2613.0
95180.0,-1.8200000000000003,45,2826.0,2826.0
95185.0,-3.09,49,3061.0,3061.0
95190.0,-2.4499999999999993,50,3307.0,3307.0
95195.0,-2.4499999999999993,43,2930.0,2930.0
95200.0,2.7799999999999976,36,2612.0,2612.0
95205.0,3.1799999999999997,33,2783.0,2783.0
95210.0,-2.3299999999999983,32,2940.0,2940.0
95215.0,-1.6600000000000001,42,2921.0,2921.0
95220.0,1.2399999999999984,38,2845.0,2845.0
95225.0,1.0500000000000007,36,2764.0,2764.0
95230.0,1.0500000000000007,34,2865.0,2865.0
95235.0,-1.1799999999999997,40,3053.0,3053.0
95240.0,-1.9299999999999997,44,3134.0,3134.0
95245.0,-0.4499999999999993,41,3113.0,3113.0
95250.0,0.05000000000000071,39,3122.0,3122.0
95255.0,0.10999999999999943,41,3204.0,3204.0
95260.0,0.10999999999999943,35,2735.0,2735.0
95265.0,3.8699999999999974,32,2169.0,2169.0
95270.0,5.66,26,1663.0,1663.0
95275.0,5.060000000000002,17,1714.0,1714.0
95280.0,-0.40000000000000213,22,1764.0,1764.0
95285.0,-1.0700000000000003,28,1648.0,1648.0
95290.0,2.7600000000000016,26,1560.0,1560.0
95295.0,2.4399999999999995,23,1232.0,1232.0
95300.0,2.4399999999999995,20,1228.0,1228.0
95305.0,0.41000000000000014,27,1345.0,1345.0
95310.0,-1.2400000000000002,30,1363.0,1363.0
95315.0,0.4400000000000013,27,1274.0,1274.0
95320.0,0.8199999999999985,27,1252.0,1252.0
95325.0,0.8199999999999985,29,1374.0,1374.0
95330.0,-1.2699999999999996,35,1535.0,1535.0
95335.0,-1.6099999999999994,39,1724.0,1724.0
95340.0,-1.8899999999999988,37,1704.0,1704.0
95345.0,1.4699999999999989,29,1490.0,1490.0
95350.0,2.0299999999999994,22,1310.0,1310.0
95355.0,-0.1999999999999993,26,1420.0,1420.0
95360.0,-1.5099999999999998,36,1581.0,1581.0
95365.0,-1.5099999999999998,34,1428.0,1428.0
95370.0,0.8300000000000001,28,1335.0,1335.0
95375.0,1.4899999999999984,23,1323.0,1323.0
95380.0,-0.4599999999999991,27,1412.0,1412.0
95385.0,-1.4399999999999995,35,1570.0,1570.0
95390.0,-1.4399999999999995,31,1548.0,1548.0
95395.0,-0.45000000000000107,30,1560.0,1560.0
95400.0,-0.11999999999999922,27,1458.0,1458.0
95405.0,2.58,22,1183.0,1183.0
95410.0,2.41,19,929.0,929.0
95415.0,1.0700000000000003,18,972.0,972.0
95420.0,-1.0100000000000016,26,1081.0,1081.0
95425.0,-1.0100000000000016,31,1160.0,1160.0
95430.0,-1.3699999999999992,38,1336.0,1336.0
95435.0,-1.83,37,1517.0,1517.0
95440.0,-2.4400000000000013,39,1697.0,1697.0
95445.0,-1.9599999999999973,41,1896.0,1896.0
95450.0,-2.0600000000000023,43,2106.0,2106.0
95455.0,-2.0600000000000023,33,2039.0,2039.0
95460.0,-0.17999999999999972,28,1935.0,1935.0
95465.0,1.0399999999999991,29,1906.0,1906.0
95470.0,0.2900000000000027,30,1770.0,1770.0
95475.0,3.209999999999999,25,1251.0,1251.0
95480.0,4.67,19,1112.0,1112.0
95485.0,-0.030000000000001137,12,1133.0,1133.0
95490.0,-0.14999999999999858,17,1153.0,1153.0
95495.0,-0.14999999999999858,19,880.0,880.0
95500.0,2.369999999999999,19,693.0,693.0
95505.0,1.8900000000000006,14,634.0,634.0
95510.0,1.13,16,611.0,611.0
95515.0,-0.5300000000000002,24,696.0,696.0
95520.0,-1.2300000000000004,28,829.0,829.0
95525.0,-1.4100000000000001,30,974.0,974.0
95530.0,-1.5,31,1126.0,1126.0
95535.0,-1.6099999999999994,35,1295.0,1295.0
95540.0,-1.7799999999999994,36,1475.0,1475.0
95545.0,-1.7799999999999994,36,1486.0,1486.0
95550.0,-0.8300000000000001,36,1666.0,1666.0
95555.0,-1.8000000000000007,40,1858.0,1858.0
95560.0,-1.9199999999999982,40,2058.0,2058.0
95565.0,-2.8200000000000003,43,2267.0,2267.0
95570.0,-2.150000000000002,42,2245.0,2245.0
95575.0,1.7100000000000009,37,2221.0,2221.0
95580.0,2.0,31,1948.0,1948.0
95585.0,2.0,28,2069.0,2069.0
95590.0,-1.129999999999999,35,2225.0,2225.0
95595.0,-1.6400000000000006,42,2422.0,2422.0
95600.0,-2.039999999999999,48,2649.0,2649.0
95605.0,-2.34,51,2903.0,2903.0
95610.0,-3.6400000000000006,56,3174.0,3174.0
95615.0,-2.849999999999998,59,3466.0,3466.0
95620.0,-2.950000000000003,60,3762.0,3762.0
95625.0,-2.950000000000003,59,3996.0,3996.0
95630.0,-3.530000000000001,61,4294.0,4294.0
95635.0,-2.979999999999997,55,4293.0,4293.0
95640.0,1.759999999999998,49,3869.0,3869.0
95645.0,4.009999999999998,44,3520.0,3520.0
95650.0,3.1499999999999986,38,3168.0,3168.0
95655.0,3.150000000000002,34,3055.0,3055.0
95660.0,0.8900000000000006,36,2890.0,2890.0
95665.0,1.2199999999999989,34,2635.0,2635.0
95670.0,4.09,28,2495.0,2495.0
95675.0,4.100000000000001,24,1941.0,1941.0
95680.0,4.100000000000001,23,2056.0,2056.0
95685.0,-0.23000000000000043,27,2180.0,2180.0
95690.0,-1.2899999999999991,32,2243.0,2243.0
95695.0,-0.33000000000000185,34,2282.0,2282.0
95700.0,-1.2799999999999976,42,2453.0,2453.0
95705.0,-1.2799999999999976,44,2669.0,2669.0
95710.0,-2.990000000000002,47,2902.0,2902.0
95715.0,-2.3299999999999983,48,3140.0,3140.0
95720.0,-2.379999999999999,51,3389.0,3389.0
95725.0,-3.480000000000004,52,3642.0,3642.0
95730.0,-2.5899999999999963,55,3909.0,3909.0
95735.0,-2.719999999999999,54,3992.0,3992.0
95740.0,0.00999999999999801,46,4064.0,4064.0
95745.0,0.7299999999999969,39,3867.0,3867.0
95750.0,1.1799999999999997,39,3866.0,3866.0
95755.0,1.1799999999999997,40,3490.0,3490.0
95760.0,4.760000000000005,36,2842.0,2842.0
95765.0,4.739999999999998,28,2980.0,2980.0
95770.0,-1.5800000000000018,27,3088.0,3088.0
95775.0,-1.3200000000000003,29,3224.0,3224.0
95780.0,-1.3200000000000003,28,2734.0,2734.0
95785.0,4.330000000000002,26,2174.0,2174.0
95790.0,5.600000000000001,24,2167.0,2167.0
95795.0,0.8999999999999986,15,2033.0,2033.0
95800.0,1.0300000000000011,20,2012.0,2012.0
95805.0,-0.9400000000000013,27,2102.0,2102.0
95810.0,-1.6000000000000014,38,2273.0,2273.0
95815.0,-2.0,42,2477.0,2477.0
95820.0,-2.0,42,2551.0,2551.0
95825.0,-1.5899999999999999,47,2775.0,2775.0
95830.0,-2.2799999999999976,46,3002.0,3002.0
95835.0,-3.1099999999999994,47,3227.0,3227.0
95840.0,-2.3599999999999994,50,3468.0,3468.0
95845.0,-2.3599999999999994,41,3035.0,3035.0
95850.0,3.3399999999999963,37,2654.0,2654.0
95855.0,3.8100000000000023,22,2497.0,2497.0
95860.0,2.8000000000000007,19,2284.0,2284.0
95865.0,1.8299999999999983,16,2182.0,2182.0
95870.0,-0.5399999999999991,25,2270.0,2270.0
95875.0,-1.5300000000000011,36,2434.0,2434.0
95880.0,-1.5300000000000011,36,2372.0,2372.0
95885.0,-0.08999999999999986,31,2360.0,2360.0
95890.0,0.35999999999999943,30,2441.0,2441.0
95895.0,-1.6600000000000001,37,2609.0,2609.0
95900.0,-1.8900000000000006,43,2811.0,2811.0
95905.0,-2.1799999999999997,47,3037.0,3037.0
95910.0,-2.1799999999999997,47,3244.0,3244.0
95915.0,-2.9999999999999964,49,3486.0,3486.0
95920.0,-2.4200000000000017,50,3733.0,3733.0
95925.0,-2.469999999999999,52,3993.0,3993.0
95930.0,-3.6600000000000037,53,4258.0,4258.0
95935.0,-2.6799999999999997,56,4535.0,4535.0
95940.0,-2.799999999999997,54,4400.0,4400.0
95945.0,4.530000000000001,47,4241.0,4241.0
95950.0,5.269999999999996,40,3707.0,3707.0
95955.0,5.269999999999996,28,3548.0,3548.0
95960.0,0.9500000000000028,16,3378.0,3378.0
95965.0,1.7899999999999991,15,3042.0,3042.0
95970.0,6.16,20,2523.0,2523.0
95975.0,4.449999999999999,25,2382.0,2382.0
95980.0,4.449999999999999,25,2472.0,2472.0
95985.0,-1.3999999999999986,33,2618.0,2618.0
95990.0,-1.4600000000000009,40,2802.0,2802.0
95995.0,-1.8399999999999999,48,3020.0,3020.0
96000.0,-2.1799999999999997,52,3273.0,3273.0
96005.0,-2.5299999999999976,54,3540.0,3540.0
96010.0,-2.6700000000000017,50,3616.0,3616.0
96015.0,0.04999999999999716,42,3407.0,3407.0
96020.0,1.9200000000000017,38,3458.0,3458.0
96025.0,-2.729999999999997,39,3655.0,3655.0
96030.0,-2.1400000000000006,47,3877.0,3877.0
96035.0,-2.5,53,4133.0,4133.0
96040.0,-2.75,60,4415.0,4415.0
96045.0,-3.0600000000000023,63,4724.0,4724.0
96050.0,-3.0600000000000023,55,4263.0,4263.0
96055.0,3.450000000000003,49,3845.0,3845.0
96060.0,4.229999999999997,42,3903.0,3903.0
96065.0,-1.3400000000000034,39,4107.0,4107.0
96070.0,-2.0,42,4310.0,4310.0
96075.0,-2.0,48,4255.0,4255.0
96080.0,-0.27999999999999403,58,4527.0,4527.0
96085.0,-2.720000000000006,61,4812.0,4812.0
96090.0,-3.9499999999999957,64,5111.0,5111.0
96095.0,-3.1700000000000017,64,5159.0,5159.0
96100.0,1.0200000000000031,54,5080.0,5080.0
96105.0,2.0,49,4777.0,4777.0
96110.0,2.0,44,5006.0,5006.0
96115.0,-1.1500000000000057,48,5242.0,5242.0
96120.0,-2.4099999999999966,52,5292.0,5292.0
96125.0,0.4799999999999969,49,5160.0,5160.0
96130.0,1.1099999999999994,47,5077.0,5077.0
96135.0,1.7900000000000063,43,4928.0,4928.0
96140.0,-0.060000000000002274,42,4971.0,4971.0
96145.0,-0.060000000000002274,36,4256.0,4256.0
96150.0,7.049999999999997,33,3602.0,3602.0
96155.0,6.539999999999999,24,3282.0,3282.0
96160.0,3.5500000000000043,22,3293.0,3293.0
96165.0,-0.740000000000002,25,3019.0,3019.0
96170.0,5.359999999999999,21,2654.0,2654.0
96175.0,4.810000000000002,21,2180.0,2180.0
96180.0,4.810000000000002,21,2281.0,2281.0
96185.0,0.019999999999999574,30,2406.0,2406.0
96190.0,-1.3599999999999994,34,2564.0,2564.0
96195.0,-2.3200000000000003,42,2753.0,2753.0
96200.0,-2.1099999999999994,45,2970.0,2970.0
96205.0,-2.1099999999999994,47,3205.0,3205.0
96210.0,-3.2399999999999984,49,3446.0,3446.0
96215.0,-2.4100000000000037,51,3699.0,3699.0
96220.0,-2.530000000000001,55,3964.0,3964.0
96225.0,-2.6499999999999986,53,4026.0,4026.0
96230.0,0.3200000000000003,45,3890.0,3890.0
96235.0,1.2700000000000031,36,3891.0,3891.0
96240.0,-1.9600000000000009,37,4038.0,4038.0
96245.0,-1.9699999999999989,43,4241.0,4241.0
96250.0,-1.9699999999999989,51,4486.0,4486.0
96255.0,-3.4100000000000037,58,4762.0,4762.0
96260.0,-2.8200000000000003,61,5062.0,5062.0
96265.0,-4.199999999999996,61,5363.0,5363.0
96270.0,-3.0600000000000023,65,5674.0,5674.0
96275.0,-3.0600000000000023,55,5535.0,5535.0
96280.0,0.11999999999999744,50,5404.0,5404.0
96285.0,1.3100000000000023,40,5179.0,5179.0
96290.0,2.25,38,5131.0,5131.0
96295.0,0.4799999999999969,42,5163.0,5163.0
96300.0,-0.3200000000000003,36,4810.0,4810.0
96305.0,7.660000000000004,31,4037.0,4037.0
96310.0,7.350000000000001,24,3706.0,3706.0
96315.0,-0.8900000000000006,20,3771.0,3771.0
96320.0,-1.0200000000000031,23,3876.0,3876.0
96325.0,-1.0200000000000031,21,3862.0,3862.0
96330.0,-0.3100000000000023,31,3920.0,3920.0
96335.0,-0.6899999999999977,35,4085.0,4085.0
96340.0,-2.3100000000000023,39,4261.0,4261.0
96345.0,-1.9699999999999989,41,4463.0,4463.0
96350.0,-1.9699999999999989,36,4593.0,4593.0
96355.0,-2.1199999999999974,38,4757.0,4757.0
96360.0,-1.6400000000000006,38,4943.0,4943.0
96365.0,-1.8599999999999994,37,4616.0,4616.0
96370.0,7.399999999999999,30,3826.0,3826.0
96375.0,7.75,22,2704.0,2704.0
96380.0,10.130000000000003,13,2426.0,2426.0
96385.0,-0.20000000000000284,11,2446.0,2446.0
96390.0,-0.6699999999999982,19,2521.0,2521.0
96395.0,-0.6699999999999982,24,2499.0,2499.0
96400.0,-0.21999999999999886,35,2648.0,2648.0
96405.0,-1.5899999999999999,35,2820.0,2820.0
96410.0,-2.3500000000000014,37,2992.0,2992.0
96415.0,-1.8500000000000014,38,3178.0,3178.0
96420.0,-1.8500000000000014,31,2592.0,2592.0
96425.0,5.109999999999999,23,2054.0,2054.0
96430.0,5.380000000000003,18,2008.0,2008.0
96435.0,0.09999999999999787,22,2105.0,2105.0
96440.0,-1.129999999999999,32,2241.0,2241.0
96445.0,-2.1099999999999994,36,2404.0,2404.0
96450.0,-1.990000000000002,42,2609.0,2609.0
96455.0,-1.990000000000002,36,2566.0,2566.0
96460.0,0.41000000000000014,29,2406.0,2406.0
96465.0,0.9200000000000017,24,2175.0,2175.0
96470.0,5.239999999999998,21,1639.0,1639.0
96475.0,4.590000000000002,26,1405.0,1405.0
96480.0,4.590000000000002,24,1502.0,1502.0
96485.0,-0.5099999999999998,28,1630.0,1630.0
96490.0,-1.2800000000000011,30,1641.0,1641.0
96495.0,0.5500000000000007,27,1556.0,1556.0
96500.0,0.4800000000000004,27,1606.0,1606.0
96505.0,-1.990000000000002,34,1760.0,1760.0
96510.0,-1.8099999999999987,38,1945.0,1945.0
96515.0,-2.0700000000000003,43,2157.0,2157.0
96520.0,-2.0700000000000003,37,1824.0,1824.0
96525.0,2.5500000000000007,29,1572.0,1572.0
96530.0,3.539999999999999,23,1483.0,1483.0
96535.0,-0.4499999999999993,24,1598.0,1598.0
96540.0,-1.3299999999999983,33,1748.0,1748.0
96545.0,-1.3299999999999983,34,1640.0,1640.0
96550.0,0.4299999999999997,30,1570.0,1570.0
96555.0,0.6999999999999993,25,1591.0,1591.0
96560.0,-0.5500000000000007,33,1715.0,1715.0
96565.0,-1.5799999999999983,36,1657.0,1657.0
96570.0,2.039999999999999,29,1608.0,1608.0
96575.0,2.3199999999999985,22,1303.0,1303.0
96580.0,2.3199999999999985,16,1156.0,1156.0
96585.0,1.75,13,1055.0,1055.0
96590.0,1.0200000000000014,14,1052.0,1052.0
96595.0,-0.21000000000000085,26,1141.0,1141.0
96600.0,-1.3900000000000006,33,1295.0,1295.0
96605.0,-1.6600000000000001,35,1466.0,1466.0
96610.0,-1.7599999999999998,37,1646.0,1646.0
96615.0,-1.9000000000000004,40,1841.0,1841.0
96620.0,-2.0199999999999996,42,2047.0,2047.0
96625.0,-2.0199999999999996,43,2251.0,2251.0
96630.0,-2.870000000000001,44,2468.0,2468.0
96635.0,-2.169999999999998,47,2701.0,2701.0
96640.0,-3.2699999999999996,47,2936.0,2936.0
96645.0,-2.3900000000000006,51,3187.0,3187.0
96650.0,-3.5699999999999967,52,3443.0,3443.0
96655.0,-2.770000000000003,59,3727.0,3727.0
96660.0,-2.770000000000003,55,3986.0,3986.0
96665.0,-3.740000000000002,58,4273.0,4273.0
96670.0,-2.8900000000000006,55,4226.0,4226.0
96675.0,2.6600000000000037,47,3866.0,3866.0
96680.0,3.4299999999999997,38,3649.0,3649.0
96685.0,3.4299999999999997,27,3375.0,3375.0
96690.0,3.469999999999999,25,3023.0,3023.0
96695.0,3.5199999999999996,20,2872.0,2872.0
96700.0,3.6999999999999993,21,2482.0,2482.0
96705.0,3.450000000000003,22,2093.0,2093.0
96710.0,3.1599999999999966,17,1925.0,1925.0
96715.0,2.710000000000001,21,1742.0,1742.0
96720.0,2.710000000000001,21,1723.0,1723.0
96725.0,-0.25,34,1868.0,1868.0
96730.0,-1.5799999999999983,39,1971.0,1971.0
96735.0,-1.9400000000000013,44,2185.0,2185.0
96740.0,-2.219999999999999,45,2410.0,2410.0
96745.0,-2.219999999999999,39,2113.0,2113.0
96750.0,2.0700000000000003,29,1848.0,1848.0
96755.0,2.6499999999999986,27,1872.0,1872.0
96760.0,-0.8000000000000007,34,2023.0,2023.0
96765.0,-1.6499999999999986,40,2018.0,2018.0
96770.0,0.9299999999999997,36,1948.0,1948.0
96775.0,1.629999999999999,31,1868.0,1868.0
96780.0,1.629999999999999,33,2026.0,2026.0
96785.0,-2.2300000000000004,41,2217.0,2217.0
96790.0,-1.9899999999999984,46,2437.0,2437.0
96795.0,-2.25,51,2687.0,2687.0
96800.0,-2.539999999999999,47,2663.0,2663.0
96805.0,1.9399999999999977,41,2396.0,2396.0
96810.0,3.4299999999999997,33,2171.0,2171.0
96815.0,3.4299999999999997,31,2325.0,2325.0
96820.0,-1.2399999999999984,32,2476.0,2476.0
96825.0,-1.5100000000000016,40,2656.0,2656.0
96830.0,-1.7999999999999972,48,2879.0,2879.0
96835.0,-2.2300000000000004,55,3144.0,3144.0
96840.0,-2.650000000000002,59,3437.0,3437.0
96845.0,-2.929999999999996,55,3521.0,3521.0
96850.0,0.0799999999999983,47,3388.0,3388.0
96855.0,1.269999999999996,41,3345.0,3345.0
96860.0,-2.059999999999995,43,3551.0,3551.0
96865.0,-2.3200000000000003,52,3792.0,3792.0
96870.0,-2.690000000000005,59,4068.0,4068.0
96875.0,-2.690000000000005,56,3792.0,3792.0
96880.0,1.6300000000000026,47,3512.0,3512.0
96885.0,4.189999999999998,41,3594.0,3594.0
96890.0,-2.8699999999999974,39,3792.0,3792.0
96895.0,-1.9200000000000017,42,3987.0,3987.0
96900.0,-1.9200000000000017,39,3668.0,3668.0
96905.0,2.3800000000000026,42,3428.0,3428.0
96910.0,2.3999999999999986,39,3429.0,3429.0
96915.0,-0.6999999999999957,41,3619.0,3619.0
96920.0,-2.0700000000000003,46,3576.0,3576.0
96925.0,2.0700000000000003,43,3419.0,3419.0
96930.0,3.7899999999999956,42,3161.0,3161.0
96935.0,3.7899999999999956,36,3353.0,3353.0
96940.0,-2.6900000000000013,42,3551.0,3551.0
96945.0,-2.059999999999995,46,3535.0,3535.0
96950.0,1.4699999999999989,43,3335.0,3335.0
96955.0,1.7100000000000009,38,3180.0,3180.0
96960.0,1.7100000000000009,35,3360.0,3360.0
96965.0,-0.8400000000000034,42,3555.0,3555.0
96970.0,-1.9499999999999957,51,3793.0,3793.0
96975.0,-2.3800000000000026,53,3637.0,3637.0
96980.0,3.3399999999999963,58,3489.0,3489.0
96985.0,-1.4099999999999966,57,3757.0,3757.0
96990.0,-3.740000000000002,59,4033.0,4033.0
96995.0,-2.989999999999995,60,4333.0,4333.0
97000.0,-2.989999999999995,54,3965.0,3965.0
97005.0,2.559999999999995,47,3654.0,3654.0
97010.0,3.1799999999999997,36,3478.0,3478.0
97015.0,3.6799999999999997,31,3166.0,3166.0
97020.0,2.960000000000001,28,3090.0,3090.0
97025.0,2.960000000000001,25,3179.0,3179.0
97030.0,-1.4399999999999977,35,3334.0,3334.0
97035.0,-1.5500000000000043,41,3334.0,3334.0
97040.0,0.9500000000000028,38,3189.0,3189.0
97045.0,1.2800000000000011,37,3020.0,3020.0
97050.0,1.2800000000000011,36,3030.0,3030.0
97055.0,-2.080000000000002,43,3234.0,3234.0
97060.0,-2.2900000000000027,50,3470.0,3470.0
97065.0,-2.2900000000000027,53,3678.0,3678.0
97070.0,-3.1199999999999974,55,3952.0,3952.0
97075.0,-2.75,54,4085.0,4085.0
97080.0,-0.990000000000002,44,4089.0,4089.0
97085.0,-0.21999999999999886,41,4183.0,4183.0
97090.0,-0.21999999999999886,46,4405.0,4405.0
97095.0,-2.769999999999996,52,4654.0,4654.0
97100.0,-2.490000000000002,51,4503.0,4503.0
97105.0,4.509999999999998,44,3955.0,3955.0
97110.0,5.230000000000004,34,3579.0,3579.0
97115.0,0.3399999999999963,29,3675.0,3675.0
97120.0,-1.4499999999999957,31,3822.0,3822.0
97125.0,-1.4499999999999957,33,3800.0,3800.0
97130.0,0.25,30,3739.0,3739.0
97135.0,0.5,31,3769.0,3769.0
97140.0,-1.5500000000000043,37,3944.0,3944.0
97145.0,-1.9099999999999966,43,4146.0,4146.0
97150.0,-1.9099999999999966,49,4383.0,4383.0
97155.0,-3.210000000000001,51,4634.0,4634.0
97160.0,-2.510000000000005,54,4898.0,4898.0
97165.0,-2.6399999999999935,55,5169.0,5169.0
97170.0,-2.710000000000001,58,5453.0,5453.0
97175.0,-2.8400000000000034,53,5285.0,5285.0
97180.0,4.939999999999998,45,4687.0,4687.0
97185.0,5.740000000000002,38,4303.0,4303.0
97190.0,-0.6499999999999986,35,4485.0,4485.0
97195.0,-1.8200000000000003,40,4672.0,4672.0
97200.0,-2.219999999999999,49,4903.0,4903.0
97205.0,-2.219999999999999,53,5125.0,5125.0
97210.0,-3.1400000000000006,60,5402.0,5402.0
97215.0,-2.9399999999999977,61,5704.0,5704.0
97220.0,-4.289999999999999,64,6019.0,6019.0
97225.0,-3.200000000000003,66,6342.0,6342.0
97230.0,-3.200000000000003,60,6134.0,6134.0
97235.0,0.769999999999996,54,5955.0,5955.0
97240.0,1.7900000000000063,47,5608.0,5608.0
97245.0,3.469999999999999,44,5833.0,5833.0
97250.0,-3.1499999999999986,49,6066.0,6066.0
97255.0,-2.470000000000006,54,6279.0,6279.0
97260.0,-2.8499999999999943,59,6514.0,6514.0
97265.0,-3.0400000000000063,63,6822.0,6822.0
97270.0,-3.0400000000000063,57,6094.0,6094.0
97275.0,6.100000000000001,47,5415.0,5415.0
97280.0,6.890000000000001,37,4950.0,4950.0
97285.0,6.380000000000003,24,4662.0,4662.0
97290.0,2.8999999999999986,20,4396.0,4396.0
97295.0,3.729999999999997,20,4198.0,4198.0
97300.0,3.729999999999997,32,4259.0,4259.0
97305.0,-1.0,44,4455.0,4455.0
97310.0,-1.9599999999999937,44,4533.0,4533.0
97315.0,-0.35999999999999943,38,4407.0,4407.0
97320.0,0.10999999999999943,34,4010.0,4010.0
97325.0,8.309999999999995,28,3677.0,3677.0
97330.0,7.780000000000001,26,2674.0,2674.0
97335.0,7.780000000000001,22,2654.0,2654.0
97340.0,1.9499999999999993,24,2767.0,2767.0
97345.0,-1.1799999999999997,30,2891.0,2891.0
97350.0,-1.9199999999999982,36,3056.0,3056.0
97355.0,-1.9200000000000017,46,3268.0,3268.0
97360.0,-1.9200000000000017,36,3252.0,3252.0
97365.0,-0.740000000000002,31,3266.0,3266.0
97370.0,-0.13999999999999346,27,2949.0,2949.0
97375.0,6.479999999999997,30,2347.0,2347.0
97380.0,5.530000000000001,25,1720.0,1720.0
97385.0,5.669999999999998,19,1396.0,1396.0
97390.0,0.6400000000000006,18,1452.0,1452.0
97395.0,-1.0700000000000003,26,1567.0,1567.0
97400.0,-1.4400000000000013,34,1719.0,1719.0
97405.0,-1.8299999999999983,40,1908.0,1908.0
97410.0,-2.1099999999999994,43,2122.0,2122.0
97415.0,-2.1099999999999994,39,2055.0,2055.0
97420.0,-0.13000000000000256,29,1993.0,1993.0
97425.0,0.7100000000000009,30,2097.0,2097.0
97430.0,-1.7300000000000004,36,2265.0,2265.0
97435.0,-1.8599999999999994,43,2463.0,2463.0
97440.0,-2.1799999999999997,46,2690.0,2690.0
97445.0,-2.3099999999999987,47,2923.0,2923.0
97450.0,-2.41,50,3170.0,3170.0
97455.0,-2.41,41,3143.0,3143.0
97460.0,-0.7300000000000004,36,3140.0,3140.0
97465.0,0.030000000000001137,38,3298.0,3298.0
97470.0,-2.3700000000000045,44,3503.0,3503.0
97475.0,-2.1899999999999977,49,3740.0,3740.0
97480.0,-2.4499999999999957,54,4001.0,4001.0
97485.0,-2.700000000000003,56,4278.0,4278.0
97490.0,-2.799999999999997,55,4393.0,4393.0
97495.0,-1.9100000000000037,54,4636.0,4636.0
97500.0,-2.759999999999998,56,4914.0,4914.0
97505.0,-2.759999999999998,49,4268.0,4268.0
97510.0,5.43,40,3763.0,3763.0
97515.0,5.140000000000001,37,3636.0,3636.0
97520.0,0.5399999999999991,35,3818.0,3818.0
97525.0,-1.7800000000000011,37,4000.0,4000.0
97530.0,-2.020000000000003,47,4219.0,4219.0
97535.0,-2.020000000000003,49,4385.0,4385.0
97540.0,-2.5799999999999983,56,4654.0,4654.0
97545.0,-2.6899999999999977,59,4942.0,4942.0
97550.0,-4.079999999999998,60,5242.0,5242.0
97555.0,-3.039999999999999,66,5192.0,5192.0
97560.0,2.8399999999999963,56,5138.0,5138.0
97565.0,4.079999999999998,49,4723.0,4723.0
97570.0,4.079999999999998,42,4902.0,4902.0
97575.0,-2.549999999999997,44,5094.0,5094.0
97580.0,-2.0900000000000034,50,5329.0,5329.0
97585.0,-2.4199999999999946,58,5600.0,5600.0
97590.0,-2.8000000000000043,60,5583.0,5583.0
97595.0,1.9699999999999989,55,5293.0,5293.0
97600.0,2.8400000000000034,46,5013.0,5013.0
97605.0,5.039999999999999,41,4757.0,4757.0
97610.0,5.039999999999999,28,4169.0,4169.0
97615.0,5.060000000000002,28,3625.0,3625.0
97620.0,5.439999999999998,29,3617.0,3617.0
97625.0,-0.5,34,3772.0,3772.0
97630.0,-1.7199999999999989,42,3659.0,3659.0
97635.0,3.1999999999999957,39,3566.0,3566.0
97640.0,4.430000000000003,38,3021.0,3021.0
97645.0,4.430000000000003,32,3086.0,3086.0
97650.0,-0.33999999999999986,39,3244.0,3244.0
97655.0,-1.6600000000000037,44,3454.0,3454.0
97660.0,-2.1699999999999946,52,3494.0,3494.0
97665.0,0.21999999999999886,45,3425.0,3425.0
97670.0,0.490000000000002,39,3509.0,3509.0
97675.0,0.490000000000002,31,3013.0,3013.0
97680.0,4.169999999999998,30,2571.0,2571.0
97685.0,4.419999999999998,30,2522.0,2522.0
97690.0,-0.09999999999999787,30,2670.0,2670.0
97695.0,-1.490000000000002,34,2544.0,2544.0
97700.0,3.1400000000000006,34,2450.0,2450.0
97705.0,3.0500000000000007,32,2055.0,2055.0
97710.0,3.0500000000000007,29,2186.0,2186.0
97715.0,-1.0300000000000011,35,2346.0,2346.0
97720.0,-1.6799999999999997,38,2335.0,2335.0
97725.0,1.1600000000000001,38,2166.0,2166.0
97730.0,1.4200000000000017,31,2116.0,2116.0
97735.0,1.4200000000000017,32,2270.0,2270.0
97740.0,-1.4600000000000009,40,2451.0,2451.0
97745.0,-1.8100000000000023,41,2399.0,2399.0
97750.0,2.1700000000000017,37,2024.0,2024.0
97755.0,3.1499999999999986,28,1808.0,1808.0
97760.0,0.08000000000000185,27,1938.0,1938.0
97765.0,-1.5100000000000016,35,2097.0,2097.0
97770.0,-1.9800000000000004,46,2306.0,2306.0
97775.0,-1.9800000000000004,49,2520.0,2520.0
97780.0,-3.099999999999998,50,2770.0,2770.0
97785.0,-2.5,50,2810.0,2810.0
97790.0,0.870000000000001,40,2608.0,2608.0
97795.0,2.1099999999999994,36,2592.0,2592.0
97800.0,2.1099999999999994,23,2298.0,2298.0
97805.0,2.2399999999999984,26,2073.0,2073.0
97810.0,2.25,25,2122.0,2122.0
97815.0,-1.0599999999999987,35,2275.0,2275.0
97820.0,-1.7100000000000009,42,2315.0,2315.0
97825.0,0.23000000000000043,38,2365.0,2365.0
97830.0,0.8000000000000007,34,2234.0,2234.0
97835.0,0.8000000000000007,31,2297.0,2297.0
97840.0,-0.5300000000000011,38,2439.0,2439.0
97845.0,-1.7899999999999991,42,2366.0,2366.0
97850.0,2.59,38,2050.0,2050.0
97855.0,2.870000000000001,33,1799.0,1799.0
97860.0,2.870000000000001,26,1941.0,1941.0
97865.0,-0.08000000000000185,34,2097.0,2097.0
97870.0,-1.5599999999999987,39,2226.0,2226.0
97875.0,-2.09,50,2447.0,2447.0
97880.0,-2.4700000000000024,55,2716.0,2716.0
97885.0,-2.75,56,2799.0,2799.0
97890.0,0.10999999999999943,46,2863.0,2863.0
97895.0,1.0700000000000003,42,2693.0,2693.0
97900.0,1.8500000000000014,33,2558.0,2558.0
97905.0,1.8500000000000014,36,2726.0,2726.0
97910.0,-2.379999999999999,43,2923.0,2923.0
97915.0,-2.0500000000000007,55,3172.0,3172.0
97920.0,-2.6000000000000014,55,3364.0,3364.0
97925.0,-2.049999999999997,54,3517.0,3517.0
97930.0,-2.289999999999999,56,3774.0,3774.0
97935.0,-2.289999999999999,46,3388.0,3388.0
97940.0,2.739999999999995,42,3038.0,3038.0
97945.0,3.5000000000000036,28,3035.0,3035.0
97950.0,1.2099999999999973,23,2831.0,2831.0
97955.0,1.9500000000000028,17,2373.0,2373.0
97960.0,5.239999999999998,18,2216.0,2216.0
97965.0,3.629999999999999,23,1858.0,1858.0
97970.0,3.629999999999999,23,1897.0,1897.0
97975.0,-0.8599999999999994,29,2030.0,2030.0
97980.0,-1.3900000000000006,37,2201.0,2201.0
97985.0,-2.6199999999999974,48,2414.0,2414.0
97990.0,-2.4400000000000013,56,2677.0,2677.0
97995.0,-2.4400000000000013,52,2908.0,2908.0
98000.0,-3.419999999999998,56,3177.0,3177.0
98005.0,-2.6900000000000013,50,3234.0,3234.0
98010.0,0.35999999999999943,43,3100.0,3100.0
98015.0,1.1999999999999993,36,2917.0,2917.0
98020.0,2.1000000000000014,35,2816.0,2816.0
98025.0,0.10999999999999943,38,2772.0,2772.0
98030.0,0.07000000000000028,36,2550.0,2550.0
98035.0,4.050000000000001,33,2282.0,2282.0
98040.0,3.91,27,1894.0,1894.0
98045.0,3.91,24,2012.0,2012.0
98050.0,-0.38000000000000256,22,2127.0,2127.0
98055.0,-1.139999999999997,28,1995.0,1995.0
98060.0,3.0799999999999983,27,1678.0,1678.0
98065.0,2.74,28,1622.0,1622.0
98070.0,2.74,20,1543.0,1543.0
98075.0,0.2400000000000002,25,1605.0,1605.0
98080.0,-0.620000000000001,28,1549.0,1549.0
98085.0,1.6900000000000013,27,1364.0,1364.0
98090.0,2.3200000000000003,20,1199.0,1199.0
98095.0,-0.8800000000000008,28,1320.0,1320.0
98100.0,-1.4900000000000002,33,1474.0,1474.0
98105.0,-1.8500000000000014,42,1668.0,1668.0
98110.0,-1.8500000000000014,42,1813.0,1813.0
98115.0,-2.299999999999997,44,2032.0,2032.0
98120.0,-2.200000000000003,44,2252.0,2252.0
98125.0,-2.2099999999999973,44,2271.0,2271.0
98130.0,0.9399999999999977,39,2100.0,2100.0
98135.0,1.5600000000000023,35,2043.0,2043.0
98140.0,1.5600000000000023,30,2160.0,2160.0
98145.0,-1.1300000000000026,40,2340.0,2340.0
98150.0,-1.7999999999999972,40,2374.0,2374.0
98155.0,0.3999999999999986,36,2278.0,2278.0
98160.0,0.6700000000000017,31,2154.0,2154.0
98165.0,0.75,32,1987.0,1987.0
98170.0,2.9399999999999977,30,1772.0,1772.0
98175.0,2.9400000000000013,24,1496.0,1496.0
98180.0,2.9400000000000013,16,1522.0,1522.0
98185.0,0.6499999999999986,16,1506.0,1506.0
98190.0,-0.16999999999999993,19,1470.0,1470.0
98195.0,-0.16999999999999993,31,1598.0,1598.0
98200.0,-1.6699999999999982,41,1787.0,1787.0
98205.0,-1.6699999999999982,35,1822.0,1822.0
98210.0,-1.1600000000000001,37,1979.0,1979.0
98215.0,-1.5700000000000003,39,2166.0,2166.0
98220.0,-2.650000000000002,41,2367.0,2367.0
98225.0,-2.049999999999997,42,2573.0,2573.0
98230.0,-3.0,45,2794.0,2794.0
98235.0,-2.25,45,3019.0,3019.0
98240.0,-2.25,41,2811.0,2811.0
98245.0,2.6099999999999994,32,2327.0,2327.0
98250.0,3.5599999999999987,27,2466.0,2466.0
98255.0,-1.879999999999999,24,2594.0,2594.0
98260.0,-1.3100000000000023,31,2736.0,2736.0
98265.0,-1.6199999999999974,37,2912.0,2912.0
98270.0,-1.6199999999999974,38,2560.0,2560.0
98275.0,2.7799999999999976,40,2294.0,2294.0
98280.0,2.66,30,2186.0,2186.0
98285.0,2.2600000000000016,23,1976.0,1976.0
98290.0,1.9600000000000009,22,1903.0,1903.0
98295.0,-0.8900000000000006,31,1992.0,1992.0
98300.0,-1.7199999999999989,41,2174.0,2174.0
98305.0,-1.7199999999999989,44,2330.0,2330.0
98310.0,-2.4200000000000017,51,2572.0,2572.0
98315.0,-2.5,50,2822.0,2822.0
98320.0,-3.3999999999999986,51,3067.0,3067.0
98325.0,-2.6000000000000014,54,3333.0,3333.0
98330.0,-2.6000000000000014,46,3176.0,3176.0
98335.0,0.48999999999999844,39,3061.0,3061.0
98340.0,1.1500000000000021,34,2894.0,2894.0
98345.0,1.6699999999999982,39,2903.0,2903.0
98350.0,-0.08999999999999986,38,3052.0,3052.0
98355.0,-2.219999999999999,45,3254.0,3254.0
98360.0,-2.210000000000001,46,3452.0,3452.0
98365.0,-2.9299999999999997,48,3687.0,3687.0
98370.0,-2.4299999999999997,49,3931.0,3931.0
98375.0,-2.4299999999999997,43,4035.0,4035.0
98380.0,-1.7199999999999989,41,4109.0,4109.0
98385.0,-0.9699999999999989,42,3921.0,3921.0
98390.0,4.8799999999999955,34,3384.0,3384.0
98395.0,5.230000000000004,27,3037.0,3037.0
98400.0,5.230000000000004,23,3160.0,3160.0
98405.0,-0.20000000000000284,26,3277.0,3277.0
98410.0,-1.1700000000000017,28,3360.0,3360.0
98415.0,-0.8699999999999974,40,3474.0,3474.0
98420.0,-1.9200000000000017,44,3676.0,3676.0
98425.0,-3.009999999999998,46,3903.0,3903.0
98430.0,-2.3100000000000023,47,4135.0,4135.0
98435.0,-2.3100000000000023,50,4381.0,4381.0
98440.0,-3.4299999999999997,50,4631.0,4631.0
98445.0,-2.519999999999996,54,4897.0,4897.0
98450.0,-2.6799999999999997,54,5167.0,5167.0
98455.0,-2.710000000000001,58,5453.0,5453.0
98460.0,-2.8900000000000006,54,5301.0,5301.0
98465.0,4.689999999999998,47,4745.0,4745.0
98470.0,5.359999999999999,39,4236.0,4236.0
98475.0,8.219999999999999,31,3748.0,3748.0
98480.0,8.219999999999999,28,3893.0,3893.0
98485.0,-2.0899999999999963,37,4066.0,4066.0
98490.0,-1.7299999999999969,42,4035.0,4035.0
98495.0,1.779999999999994,37,3678.0,3678.0
98500.0,3.25,35,3667.0,3667.0
98505.0,-2.4499999999999957,37,3845.0,3845.0
98510.0,-1.9299999999999997,42,4043.0,4043.0
98515.0,-1.9299999999999997,42,3873.0,3873.0
98520.0,0.8599999999999994,37,3764.0,3764.0
98525.0,1.8599999999999994,35,3625.0,3625.0
98530.0,0.6799999999999997,38,3690.0,3690.0
98535.0,-0.3400000000000034,35,3410.0,3410.0
98540.0,5.950000000000003,32,2770.0,2770.0
98545.0,6.16,25,2371.0,2371.0
98550.0,6.16,16,2387.0,2387.0
98555.0,0.9699999999999989,15,2429.0,2429.0
98560.0,-0.41999999999999815,19,2442.0,2442.0
98565.0,0.10999999999999943,27,2494.0,2494.0
98570.0,-1.3099999999999987,35,2649.0,2649.0
98575.0,-1.7300000000000004,38,2834.0,2834.0
98580.0,-1.9000000000000021,38,2839.0,2839.0
98585.0,-0.5799999999999983,39,3009.0,3009.0
98590.0,-2.0,42,3212.0,3212.0
98595.0,-2.0,35,3281.0,3281.0
98600.0,-1.4700000000000024,39,3411.0,3411.0
98605.0,-1.2399999999999949,36,3142.0,3142.0
98610.0,6.289999999999996,29,2489.0,2489.0
98615.0,6.02,22,2098.0,2098.0
98620.0,6.02,16,2099.0,2099.0
98625.0,1.110000000000003,16,2176.0,2176.0
98630.0,-0.7700000000000031,17,1955.0,1955.0
98635.0,4.640000000000001,23,1522.0,1522.0
98640.0,3.6000000000000014,19,1299.0,1299.0
98645.0,0.0,16,1368.0,1368.0
98650.0,-0.9299999999999997,25,1470.0,1470.0
98655.0,-0.9299999999999997,24,1195.0,1195.0
98660.0,2.26,22,1007.0,1007.0
98665.0,1.9000000000000004,16,863.0,863.0
98670.0,2.5299999999999994,19,774.0,774.0
98675.0,-0.6500000000000004,26,892.0,892.0
98680.0,-1.3599999999999994,34,1043.0,1043.0
98685.0,-1.3599999999999994,32,1152.0,1152.0
98690.0,-1.75,36,1323.0,1323.0
98695.0,-1.7100000000000009,30,1372.0,1372.0
98700.0,-0.05999999999999872,25,1327.0,1327.0
98705.0,0.129999999999999,27,1394.0,1394.0
98710.0,-1.8900000000000006,32,1537.0,1537.0
98715.0,-1.75,38,1718.0,1718.0
98720.0,-1.75,38,1875.0,1875.0
98725.0,-2.3299999999999983,40,2071.0,2071.0
98730.0,-1.9800000000000004,42,2277.0,2277.0
98735.0,-2.9200000000000017,43,2488.0,2488.0
98740.0,-2.1899999999999977,46,2714.0,2714.0
98745.0,-2.1899999999999977,36,2385.0,2385.0
98750.0,2.3699999999999974,32,2082.0,2082.0
98755.0,3.030000000000001,23,2110.0,2110.0
98760.0,-0.75,26,2234.0,2234.0
98765.0,-1.3299999999999983,34,2386.0,2386.0
98770.0,-1.6799999999999997,44,2583.0,2583.0
98775.0,-2.150000000000002,51,2819.0,2819.0
98780.0,-2.4800000000000004,52,2879.0,2879.0
98785.0,0.4200000000000017,43,2922.0,2922.0
98790.0,1.4800000000000004,36,2767.0,2767.0
98795.0,1.4800000000000004,30,2529.0,2529.0
98800.0,3.049999999999997,28,2081.0,2081.0
98805.0,3.1700000000000017,27,2124.0,2124.0
98810.0,-0.9699999999999989,27,2261.0,2261.0
98815.0,-1.4400000000000013,34,2417.0,2417.0
98820.0,-1.8500000000000014,43,2620.0,2620.0
98825.0,-1.8500000000000014,47,2753.0,2753.0
98830.0,-2.1799999999999997,52,3004.0,3004.0
98835.0,-2.509999999999998,54,3274.0,3274.0
98840.0,-3.780000000000001,58,3549.0,3549.0
98845.0,-2.8299999999999983,57,3566.0,3566.0
98850.0,1.3200000000000003,53,3586.0,3586.0
98855.0,1.8599999999999994,47,3394.0,3394.0
98860.0,1.8599999999999994,38,3575.0,3575.0
98865.0,-2.6600000000000037,41,3774.0,3774.0
98870.0,-2.039999999999999,44,3690.0,3690.0
98875.0,2.960000000000001,43,3330.0,3330.0
98880.0,3.1700000000000017,39,3284.0,3284.0
98885.0,3.1700000000000017,40,3482.0,3482.0
98890.0,-2.780000000000001,46,3694.0,3694.0
98895.0,-2.1199999999999974,47,3675.0,3675.0
98900.0,1.6699999999999946,44,3437.0,3437.0
98905.0,2.1100000000000065,40,3069.0,3069.0
98910.0,3.3799999999999955,34,3083.0,3083.0
98915.0,-2.4499999999999957,37,3260.0,3260.0
98920.0,-2.0,44,3467.0,3467.0
98925.0,-2.440000000000005,53,3720.0,3720.0
98930.0,-2.440000000000005,52,3370.0,3370.0
98935.0,2.469999999999999,46,3076.0,3076.0
98940.0,2.990000000000002,36,2983.0,2983.0
98945.0,0.7600000000000016,34,3112.0,3112.0
98950.0,-1.7900000000000027,41,3306.0,3306.0
98955.0,-2.1199999999999974,51,3537.0,3537.0
98960.0,-2.1199999999999974,51,3291.0,3291.0
98965.0,1.4500000000000028,47,3109.0,3109.0
98970.0,1.8199999999999967,38,3135.0,3135.0
98975.0,-1.0500000000000007,44,3344.0,3344.0
98980.0,-2.219999999999999,48,3292.0,3292.0
98985.0,2.240000000000002,47,3259.0,3259.0
98990.0,2.639999999999997,45,2763.0,2763.0
98995.0,4.170000000000002,41,2572.0,2572.0
99000.0,4.170000000000002,29,2577.0,2577.0
99005.0,-0.7699999999999996,35,2710.0,2710.0
99010.0,-1.3900000000000006,40,2700.0,2700.0
99015.0,1.25,36,2527.0,2527.0
99020.0,1.3900000000000006,34,2479.0,2479.0
99025.0,1.3900000000000006,36,2648.0,2648.0
99030.0,-1.6500000000000021,42,2846.0,2846.0
99035.0,-1.9800000000000004,42,2787.0,2787.0
99040.0,2.330000000000002,38,2497.0,2497.0
99045.0,2.599999999999998,30,2243.0,2243.0
99050.0,-0.05999999999999872,28,2387.0,2387.0
99055.0,-1.5199999999999996,34,2545.0,2545.0
99060.0,-1.5199999999999996,35,2332.0,2332.0
99065.0,1.4499999999999993,34,2183.0,2183.0
99070.0,2.8000000000000007,31,2214.0,2214.0
99075.0,-2.1700000000000017,35,2372.0,2372.0
99080.0,-1.7799999999999976,42,2565.0,2565.0
99085.0,-2.200000000000003,49,2798.0,2798.0
99090.0,-2.200000000000003,45,2763.0,2763.0
99095.0,-0.6199999999999974,35,2775.0,2775.0
99100.0,-0.120000000000001,34,2645.0,2645.0
99105.0,3.3900000000000006,34,2155.0,2155.0
99110.0,3.280000000000001,28,2063.0,2063.0
99115.0,-0.40000000000000213,26,2174.0,2174.0
99120.0,-1.370000000000001,30,2315.0,2315.0
99125.0,-1.370000000000001,30,2233.0,2233.0
99130.0,0.23000000000000043,29,2203.0,2203.0
99135.0,0.2900000000000027,33,2325.0,2325.0
99140.0,-1.9700000000000024,40,2507.0,2507.0
99145.0,-2.0299999999999976,47,2725.0,2725.0
99150.0,-2.0299999999999976,40,2797.0,2797.0
99155.0,-1.6400000000000006,37,2866.0,2866.0
99160.0,-0.6900000000000013,33,2719.0,2719.0
99165.0,3.8099999999999987,29,2290.0,2290.0
99170.0,4.09,22,1810.0,1810.0
99175.0,2.5500000000000007,21,1842.0,1842.0
99180.0,-1.1799999999999997,26,1965.0,1965.0
99185.0,-1.1799999999999997,25,1606.0,1606.0
99190.0,3.0700000000000003,23,1329.0,1329.0
99195.0,2.8200000000000003,22,1352.0,1352.0
99200.0,-0.6999999999999993,25,1470.0,1470.0
99205.0,-1.3200000000000003,35,1618.0,1618.0
99210.0,-1.3200000000000003,34,1651.0,1651.0
99215.0,-0.990000000000002,43,1838.0,1838.0
99220.0,-1.8699999999999974,43,2053.0,2053.0
99225.0,-2.150000000000002,47,2276.0,2276.0
99230.0,-2.2300000000000004,41,2347.0,2347.0
99235.0,-0.00999999999999801,35,2252.0,2252.0
99240.0,0.8999999999999986,27,1893.0,1893.0
99245.0,4.280000000000001,27,1671.0,1671.0
99250.0,2.8000000000000007,25,1412.0,1412.0
99255.0,2.8000000000000007,16,1469.0,1469.0
99260.0,-0.08000000000000007,24,1578.0,1578.0
99265.0,-1.17,28,1573.0,1573.0
99270.0,0.6799999999999997,26,1484.0,1484.0
99275.0,0.6199999999999992,26,1463.0,1463.0
99280.0,0.120000000000001,31,1523.0,1523.0
99285.0,0.120000000000001,27,1233.0,1233.0
99290.0,2.289999999999999,23,937.0,937.0
99295.0,2.960000000000001,11,970.0,970.0
99300.0,-0.21000000000000085,13,971.0,971.0
99305.0,-0.3699999999999992,19,1049.0,1049.0
99310.0,-0.9600000000000009,25,1102.0,1102.0
99315.0,-0.5199999999999996,26,1169.0,1169.0
99320.0,-1.3000000000000007,27,1300.0,1300.0
99325.0,-1.3000000000000007,28,1353.0,1353.0
99330.0,-1.08,29,1494.0,1494.0
99335.0,-1.42,32,1651.0,1651.0
99340.0,-2.2399999999999984,33,1812.0,1812.0
99345.0,-1.7000000000000028,36,1989.0,1989.0
99350.0,-1.7000000000000028,31,2047.0,2047.0
99355.0,-1.2999999999999972,37,2183.0,2183.0
99360.0,-1.3599999999999994,35,2347.0,2347.0
99365.0,-2.3500000000000014,37,2529.0,2529.0
99370.0,-1.8900000000000006,37,2430.0,2430.0
99375.0,3.1799999999999997,29,2318.0,2318.0
99380.0,3.9499999999999993,21,1915.0,1915.0
99385.0,3.9499999999999993,15,1881.0,1881.0
99390.0,-0.00999999999999801,15,1953.0,1953.0
99395.0,-0.7600000000000016,19,1792.0,1792.0
99400.0,3.5700000000000003,17,1435.0,1435.0
99405.0,3.210000000000001,17,1239.0,1239.0
99410.0,3.210000000000001,15,1315.0,1315.0
99415.0,-0.22000000000000064,22,1410.0,1410.0
99420.0,-0.9499999999999993,21,1412.0,1412.0
99425.0,0.4599999999999991,26,1363.0,1363.0
99430.0,0.02000000000000135,30,1400.0,1400.0
99435.0,-1.4700000000000006,32,1541.0,1541.0
99440.0,-1.6799999999999997,36,1713.0,1713.0
99445.0,-1.6799999999999997,30,1402.0,1402.0
99450.0,2.469999999999999,21,1117.0,1117.0
99455.0,2.9300000000000015,16,879.0,879.0
99460.0,3.7699999999999996,14,814.0,814.0
99465.0,-1.0199999999999996,20,900.0,900.0
99470.0,-1.0500000000000007,27,1019.0,1019.0
99475.0,-1.4100000000000001,34,1175.0,1175.0
99480.0,-1.6999999999999993,36,1350.0,1350.0
99485.0,-1.8399999999999999,38,1538.0,1538.0
99490.0,-1.92,40,1734.0,1734.0
99495.0,-2.0500000000000007,44,1947.0,1947.0
99500.0,-2.1999999999999993,46,2170.0,2170.0
99505.0,-2.1999999999999993,44,2219.0,2219.0
99510.0,-1.4000000000000021,46,2441.0,2441.0
99515.0,-2.219999999999999,48,2679.0,2679.0
99520.0,-2.379999999999999,50,2921.0,2921.0
99525.0,-2.4200000000000017,46,2958.0,2958.0
99530.0,0.6300000000000026,39,2798.0,2798.0
99535.0,1.4899999999999984,33,2808.0,2808.0
99540.0,-2.2699999999999996,36,2972.0,2972.0
99545.0,-1.9299999999999997,42,3171.0,3171.0
99550.0,-1.9299999999999997,43,2991.0,2991.0
99555.0,2.3699999999999974,36,2574.0,2574.0
99560.0,3.900000000000002,31,2630.0,2630.0
99565.0,-2.219999999999999,32,2787.0,2787.0
99570.0,-1.6700000000000017,40,2968.0,2968.0
99575.0,-1.6700000000000017,37,2709.0,2709.0
99580.0,1.8200000000000003,35,2485.0,2485.0
99585.0,2.2399999999999984,33,2482.0,2482.0
99590.0,-0.6499999999999986,37,2655.0,2655.0
99595.0,-1.8599999999999994,45,2868.0,2868.0
99600.0,-2.240000000000002,51,3109.0,3109.0
99605.0,-2.5799999999999983,55,3382.0,3382.0
99610.0,-2.740000000000002,55,3572.0,3572.0
99615.0,-3.0700000000000003,57,3856.0,3856.0
99620.0,-2.8699999999999974,59,4145.0,4145.0
99625.0,-2.8699999999999974,61,4448.0,4448.0
99630.0,-4.230000000000004,63,4759.0,4759.0
99635.0,-3.1299999999999955,61,4731.0,4731.0
99640.0,2.4399999999999977,56,4382.0,4382.0
99645.0,3.25,51,4356.0,4356.0
99650.0,3.25,45,4557.0,4557.0
99655.0,-3.039999999999999,45,4776.0,4776.0
99660.0,-2.1899999999999977,44,4709.0,4709.0
99665.0,2.6000000000000014,44,4384.0,4384.0
99670.0,2.8799999999999955,43,4231.0,4231.0
99675.0,-1.6899999999999977,42,4439.0,4439.0
99680.0,-2.1600000000000037,47,4660.0,4660.0
99685.0,-2.5,55,4918.0,4918.0
99690.0,-2.9099999999999966,63,5217.0,5217.0
99695.0,-3.289999999999999,68,5551.0,5551.0
99700.0,-3.289999999999999,60,5389.0,5389.0
99705.0,0.35999999999999943,52,5264.0,5264.0
99710.0,1.3299999999999983,44,5319.0,5319.0
99715.0,-1.3800000000000026,47,5545.0,5545.0
99720.0,-2.4099999999999966,53,5798.0,5798.0
99725.0,-2.729999999999997,60,6084.0,6084.0
99730.0,-3.030000000000001,65,6397.0,6397.0
99735.0,-3.030000000000001,56,5839.0,5839.0
99740.0,4.299999999999997,49,5309.0,5309.0
99745.0,5.299999999999997,38,5313.0,5313.0
99750.0,-0.14999999999999858,41,5446.0,5446.0
99755.0,-2.039999999999999,44,5280.0,5280.0
99760.0,4.399999999999999,41,4767.0,4767.0
99765.0,5.030000000000001,41,4463.0,4463.0
99770.0,5.030000000000001,33,4103.0,4103.0
99775.0,4.530000000000001,26,3769.0,3769.0
99780.0,3.3699999999999974,22,3718.0,3718.0
99785.0,0.6900000000000048,30,3785.0,3785.0
99790.0,-1.6600000000000037,43,3976.0,3976.0
99795.0,-1.6600000000000037,46,4180.0,4180.0
99800.0,-2.8799999999999955,53,4435.0,4435.0
99805.0,-2.5500000000000043,50,4315.0,4315.0
99810.0,3.9200000000000017,42,3832.0,3832.0
99815.0,4.57,35,3281.0,3281.0
99820.0,4.25,25,3071.0,3071.0
99825.0,2.9399999999999977,26,2795.0,2795.0
99830.0,2.9399999999999977,22,2874.0,2874.0
99835.0,-0.29999999999999716,34,3016.0,3016.0
99840.0,-1.5400000000000027,38,2860.0,2860.0
99845.0,4.020000000000003,35,2455.0,2455.0
99850.0,4.699999999999999,32,2128.0,2128.0
99855.0,4.699999999999999,29,2277.0,2277.0
99860.0,-0.9800000000000004,39,2459.0,2459.0
99865.0,-1.8200000000000003,41,2426.0,2426.0
99870.0,0.6499999999999986,39,2407.0,2407.0
99875.0,0.13000000000000256,34,2336.0,2336.0
99880.0,0.2699999999999996,34,2413.0,2413.0
99885.0,-0.8100000000000023,36,2533.0,2533.0
99890.0,-2.479999999999997,42,2725.0,2725.0
99895.0,-2.25,49,2957.0,2957.0
99900.0,-2.25,42,2575.0,2575.0
99905.0,2.9299999999999997,33,2327.0,2327.0
99910.0,3.879999999999999,28,1875.0,1875.0
99915.0,4.259999999999998,19,1670.0,1670.0
99920.0,1.9700000000000024,19,1590.0,1590.0
99925.0,0.0,28,1659.0,1659.0
99930.0,0.0,36,1818.0,1818.0
99935.0,-2.1400000000000006,45,2030.0,2030.0
99940.0,-2.120000000000001,40,2020.0,2020.0
99945.0,1.5800000000000018,33,1679.0,1679.0
99950.0,3.0599999999999987,22,1598.0,1598.0
99955.0,-0.75,24,1665.0,1665.0
99960.0,-1.3599999999999994,31,1808.0,1808.0
99965.0,-1.3599999999999994,41,1988.0,1988.0
99970.0,-2.530000000000001,44,2204.0,2204.0
99975.0,-2.1899999999999977,43,2249.0,2249.0
99980.0,0.6099999999999994,33,2171.0,2171.0
99985.0,1.6999999999999993,29,1933.0,1933.0
99990.0,1.8999999999999986,25,1775.0,1775.0
99995.0,0.9800000000000004,27,1723.0,1723.0
100000.0,0.9800000000000004,25,1362.0,1362.0
100005.0,3.6800000000000015,23,1070.0,1070.0
